,mean_fit_time,std_fit_time,mean_score_time,std_score_time,param_model,param_model__alpha,param_model__max_iter,param_model__l1_ratio,param_model__C,param_model__degree,param_model__n_nonzero_coefs,param_model__normalize,params,split0_test_score,split1_test_score,split2_test_score,split3_test_score,mean_test_score,std_test_score,rank_test_score
0,0.0031261444091796875,0.0003780750761764807,0.0009731054306030273,9.05252300146963e-05,"LinearRegression(copy_X=True, fit_intercept=True, n_jobs=None, normalize=False)",,,,,,,,"{'model': LinearRegression(copy_X=True, fit_intercept=True, n_jobs=None, normalize=False)}",-7.005284496036724,-2.098724775158948,-2.979902646232902,-14.579142944776384,-6.66576371555124,4.9290024774615775,124
1,0.0026092529296875,5.2704528737776464e-05,0.0008447766304016113,2.6350039806732282e-05,"Ridge(alpha=1.0, copy_X=True, fit_intercept=True, max_iter=None,
      normalize=False, random_state=None, solver='auto', tol=0.001)",0.01,,,,,,,"{'model': Ridge(alpha=1.0, copy_X=True, fit_intercept=True, max_iter=None,
      normalize=False, random_state=None, solver='auto', tol=0.001), 'model__alpha': 0.01}",-6.994033553909277,-2.092035634576859,-2.975517723812664,-14.516479518474394,-6.644516607693299,4.9060319501841265,119
2,0.0026654601097106934,0.00011258689465034072,0.0008652806282043457,6.954334732041601e-05,"Ridge(alpha=1.0, copy_X=True, fit_intercept=True, max_iter=None,
      normalize=False, random_state=None, solver='auto', tol=0.001)",0.21387755102040817,,,,,,,"{'model': Ridge(alpha=1.0, copy_X=True, fit_intercept=True, max_iter=None,
      normalize=False, random_state=None, solver='auto', tol=0.001), 'model__alpha': 0.21387755102040817}",-7.02921813373001,-2.0099962790940946,-2.910311513352099,-13.608613968503104,-6.389534973669827,4.577380559419846,104
3,0.0030527710914611816,0.0002195828884475231,0.0009891986846923828,6.29246661165387e-05,"Ridge(alpha=1.0, copy_X=True, fit_intercept=True, max_iter=None,
      normalize=False, random_state=None, solver='auto', tol=0.001)",0.41775510204081634,,,,,,,"{'model': Ridge(alpha=1.0, copy_X=True, fit_intercept=True, max_iter=None,
      normalize=False, random_state=None, solver='auto', tol=0.001), 'model__alpha': 0.41775510204081634}",-7.233226008625284,-1.9858128481155093,-2.877594345966233,-13.09650069070109,-6.298283473352029,4.39853361582777,83
4,0.0037665367126464844,0.0009694746612011723,0.0012632012367248535,0.0003324173376094853,"Ridge(alpha=1.0, copy_X=True, fit_intercept=True, max_iter=None,
      normalize=False, random_state=None, solver='auto', tol=0.001)",0.6216326530612245,,,,,,,"{'model': Ridge(alpha=1.0, copy_X=True, fit_intercept=True, max_iter=None,
      normalize=False, random_state=None, solver='auto', tol=0.001), 'model__alpha': 0.6216326530612245}",-7.44758880510857,-1.9868736719557112,-2.8643298397761745,-12.76345948302635,-6.265562949966702,4.2864732906025145,59
5,0.004733741283416748,0.0001278296475620383,0.0015895366668701172,7.42804935151391e-05,"Ridge(alpha=1.0, copy_X=True, fit_intercept=True, max_iter=None,
      normalize=False, random_state=None, solver='auto', tol=0.001)",0.8255102040816327,,,,,,,"{'model': Ridge(alpha=1.0, copy_X=True, fit_intercept=True, max_iter=None,
      normalize=False, random_state=None, solver='auto', tol=0.001), 'model__alpha': 0.8255102040816327}",-7.6381106272657275,-1.9995389645664592,-2.863137164347805,-12.52291385295714,-6.2559251522842825,4.207535435729926,56
6,0.005404353141784668,0.0011841108416513846,0.001499950885772705,0.0002331566935676911,"Ridge(alpha=1.0, copy_X=True, fit_intercept=True, max_iter=None,
      normalize=False, random_state=None, solver='auto', tol=0.001)",1.029387755102041,,,,,,,"{'model': Ridge(alpha=1.0, copy_X=True, fit_intercept=True, max_iter=None,
      normalize=False, random_state=None, solver='auto', tol=0.001), 'model__alpha': 1.029387755102041}",-7.799572396247149,-2.0174250261521873,-2.8696633480444627,-12.335433113771893,-6.255523471053923,4.146532151939421,55
7,0.004657089710235596,0.00012332353687770093,0.0015160441398620605,0.00010508505104624771,"Ridge(alpha=1.0, copy_X=True, fit_intercept=True, max_iter=None,
      normalize=False, random_state=None, solver='auto', tol=0.001)",1.233265306122449,,,,,,,"{'model': Ridge(alpha=1.0, copy_X=True, fit_intercept=True, max_iter=None,
      normalize=False, random_state=None, solver='auto', tol=0.001), 'model__alpha': 1.233265306122449}",-7.934341578202947,-2.037364930863519,-2.8812361000146356,-12.18123568386404,-6.258544573236286,4.0960693258977345,57
8,0.0032233595848083496,0.0009028981216937582,0.0008778572082519531,2.9401467519934067e-05,"Ridge(alpha=1.0, copy_X=True, fit_intercept=True, max_iter=None,
      normalize=False, random_state=None, solver='auto', tol=0.001)",1.437142857142857,,,,,,,"{'model': Ridge(alpha=1.0, copy_X=True, fit_intercept=True, max_iter=None,
      normalize=False, random_state=None, solver='auto', tol=0.001), 'model__alpha': 1.437142857142857}",-8.046436051415144,-2.0577433789018897,-2.896159244998638,-12.049589350446244,-6.262482006440479,4.052315983044247,58
9,0.002593994140625,0.00011390583293531926,0.0008550882339477539,1.215759432999868e-05,"Ridge(alpha=1.0, copy_X=True, fit_intercept=True, max_iter=None,
      normalize=False, random_state=None, solver='auto', tol=0.001)",1.6410204081632653,,,,,,,"{'model': Ridge(alpha=1.0, copy_X=True, fit_intercept=True, max_iter=None,
      normalize=False, random_state=None, solver='auto', tol=0.001), 'model__alpha': 1.6410204081632653}",-8.139790736094364,-2.077735990079384,-2.9133265264173622,-11.934265807145074,-6.266279764934046,4.013175286083028,60
10,0.003108203411102295,0.0007071682825372045,0.0010372400283813477,0.0002453384813478822,"Ridge(alpha=1.0, copy_X=True, fit_intercept=True, max_iter=None,
      normalize=False, random_state=None, solver='auto', tol=0.001)",1.8448979591836736,,,,,,,"{'model': Ridge(alpha=1.0, copy_X=True, fit_intercept=True, max_iter=None,
      normalize=False, random_state=None, solver='auto', tol=0.001), 'model__alpha': 1.8448979591836736}",-8.217801352085043,-2.096936637485632,-2.9320002332485244,-11.831425808873892,-6.269541007923273,3.9774390806928355,61
11,0.003135502338409424,0.0003774995275599668,0.0011478066444396973,0.00022595468334093866,"Ridge(alpha=1.0, copy_X=True, fit_intercept=True, max_iter=None,
      normalize=False, random_state=None, solver='auto', tol=0.001)",2.0487755102040817,,,,,,,"{'model': Ridge(alpha=1.0, copy_X=True, fit_intercept=True, max_iter=None,
      normalize=False, random_state=None, solver='auto', tol=0.001), 'model__alpha': 2.0487755102040817}",-8.283270442175187,-2.115165334794779,-2.9516793456715535,-11.738568484189539,-6.272170901707765,3.9443752150525753,62
12,0.004142582416534424,0.0004915604088910144,0.0013689994812011719,0.00013210949666821151,"Ridge(alpha=1.0, copy_X=True, fit_intercept=True, max_iter=None,
      normalize=False, random_state=None, solver='auto', tol=0.001)",2.2526530612244895,,,,,,,"{'model': Ridge(alpha=1.0, copy_X=True, fit_intercept=True, max_iter=None,
      normalize=False, random_state=None, solver='auto', tol=0.001), 'model__alpha': 2.2526530612244895}",-8.338472667652649,-2.1323653619200718,-2.972018420654248,-11.65397996550776,-6.274209103933682,3.913516688208127,63
13,0.0036707520484924316,0.0008743961875497307,0.0013243556022644043,0.00010949610103813392,"Ridge(alpha=1.0, copy_X=True, fit_intercept=True, max_iter=None,
      normalize=False, random_state=None, solver='auto', tol=0.001)",2.4565306122448978,,,,,,,"{'model': Ridge(alpha=1.0, copy_X=True, fit_intercept=True, max_iter=None,
      normalize=False, random_state=None, solver='auto', tol=0.001), 'model__alpha': 2.4565306122448978}",-8.38524505557899,-2.1485466129435613,-2.992776308166171,-11.576430105254538,-6.275749520485815,3.88454962084267,64
14,0.004261910915374756,0.00046696299098838556,0.001351475715637207,0.00015198212012805813,"Ridge(alpha=1.0, copy_X=True, fit_intercept=True, max_iter=None,
      normalize=False, random_state=None, solver='auto', tol=0.001)",2.660408163265306,,,,,,,"{'model': Ridge(alpha=1.0, copy_X=True, fit_intercept=True, max_iter=None,
      normalize=False, random_state=None, solver='auto', tol=0.001), 'model__alpha': 2.660408163265306}",-8.425071855470103,-2.163753790501202,-3.0137829606565716,-11.504998580348447,-6.276901796744081,3.8572516653580613,65
15,0.00403594970703125,0.00010253010744240845,0.0013752579689025879,0.00013793327450612404,"Ridge(alpha=1.0, copy_X=True, fit_intercept=True, max_iter=None,
      normalize=False, random_state=None, solver='auto', tol=0.001)",2.864285714285714,,,,,,,"{'model': Ridge(alpha=1.0, copy_X=True, fit_intercept=True, max_iter=None,
      normalize=False, random_state=None, solver='auto', tol=0.001), 'model__alpha': 2.864285714285714}",-8.45915594641072,-2.1780483554660375,-3.0349175144909952,-11.438971374627265,-6.277773297748754,3.831457101483757,67
16,0.003954291343688965,0.0005204114952336197,0.0011758804321289062,0.00028727089124967975,"Ridge(alpha=1.0, copy_X=True, fit_intercept=True, max_iter=None,
      normalize=False, random_state=None, solver='auto', tol=0.001)",3.068163265306122,,,,,,,"{'model': Ridge(alpha=1.0, copy_X=True, fit_intercept=True, max_iter=None,
      normalize=False, random_state=None, solver='auto', tol=0.001), 'model__alpha': 3.068163265306122}",-8.488476342627429,-2.1914982692194127,-3.056093558580081,-11.377776988787362,-6.278461289803571,3.807036500299918,68
17,0.0032004714012145996,0.0007961726943813511,0.0010755658149719238,0.0003236554549247273,"Ridge(alpha=1.0, copy_X=True, fit_intercept=True, max_iter=None,
      normalize=False, random_state=None, solver='auto', tol=0.001)",3.2720408163265304,,,,,,,"{'model': Ridge(alpha=1.0, copy_X=True, fit_intercept=True, max_iter=None,
      normalize=False, random_state=None, solver='auto', tol=0.001), 'model__alpha': 3.2720408163265304}",-8.513833657091906,-2.2041722274150293,-3.077249079645573,-11.320945836467292,-6.27905020015495,3.783884565327034,69
18,0.003738701343536377,0.0009392387942107642,0.0012575387954711914,0.00038197136097800383,"Ridge(alpha=1.0, copy_X=True, fit_intercept=True, max_iter=None,
      normalize=False, random_state=None, solver='auto', tol=0.001)",3.4759183673469387,,,,,,,"{'model': Ridge(alpha=1.0, copy_X=True, fit_intercept=True, max_iter=None,
      normalize=False, random_state=None, solver='auto', tol=0.001), 'model__alpha': 3.4759183673469387}",-8.535885802931114,-2.2161365128402593,-3.0983395054877687,-11.26808359112514,-6.279611353096071,3.761912678689602,70
19,0.004921555519104004,0.0002680071667930394,0.001554727554321289,6.623489549202475e-05,"Ridge(alpha=1.0, copy_X=True, fit_intercept=True, max_iter=None,
      normalize=False, random_state=None, solver='auto', tol=0.001)",3.679795918367347,,,,,,,"{'model': Ridge(alpha=1.0, copy_X=True, fit_intercept=True, max_iter=None,
      normalize=False, random_state=None, solver='auto', tol=0.001), 'model__alpha': 3.679795918367347}",-8.555176005677568,-2.2274533841423656,-3.119332833382044,-11.21885316760554,-6.28020384770188,3.7410442163117574,71
20,0.004852712154388428,8.945231479749325e-05,0.0016126632690429688,3.225663281462683e-05,"Ridge(alpha=1.0, copy_X=True, fit_intercept=True, max_iter=None,
      normalize=False, random_state=None, solver='auto', tol=0.001)",3.883673469387755,,,,,,,"{'model': Ridge(alpha=1.0, copy_X=True, fit_intercept=True, max_iter=None,
      normalize=False, random_state=None, solver='auto', tol=0.001), 'model__alpha': 3.883673469387755}",-8.57215483363948,-2.238180363845346,-3.1402061819509544,-11.172962192049821,-6.280875892871401,3.7212115270606727,72
21,0.004934966564178467,0.00012553823535998927,0.0015864372253417969,7.40639938512383e-05,"Ridge(alpha=1.0, copy_X=True, fit_intercept=True, max_iter=None,
      normalize=False, random_state=None, solver='auto', tol=0.001)",4.0875510204081635,,,,,,,"{'model': Ridge(alpha=1.0, copy_X=True, fit_intercept=True, max_iter=None,
      normalize=False, random_state=None, solver='auto', tol=0.001), 'model__alpha': 4.0875510204081635}",-8.587197593786753,-2.248370047172309,-3.1609433272716885,-11.130154049642549,-6.281666254468325,3.7023539316444345,73
22,0.004881441593170166,0.00015160041548939785,0.0016463398933410645,7.518418941643873e-05,"Ridge(alpha=1.0, copy_X=True, fit_intercept=True, max_iter=None,
      normalize=False, random_state=None, solver='auto', tol=0.001)",4.291428571428571,,,,,,,"{'model': Ridge(alpha=1.0, copy_X=True, fit_intercept=True, max_iter=None,
      normalize=False, random_state=None, solver='auto', tol=0.001), 'model__alpha': 4.291428571428571}",-8.60061813596494,-2.2580702049359314,-3.1815329273638917,-11.090201322049587,-6.282605647578587,3.6844163584838663,74
23,0.005046069622039795,0.00016249991687997066,0.0016093254089355469,6.143131250803302e-05,"Ridge(alpha=1.0, copy_X=True, fit_intercept=True, max_iter=None,
      normalize=False, random_state=None, solver='auto', tol=0.001)",4.495306122448979,,,,,,,"{'model': Ridge(alpha=1.0, copy_X=True, fit_intercept=True, max_iter=None,
      normalize=False, random_state=None, solver='auto', tol=0.001), 'model__alpha': 4.495306122448979}",-8.612679865848895,-2.267324044271179,-3.2019672331440794,-11.05290085880489,-6.283718000517261,3.6673483850709085,75
24,0.00419008731842041,0.0009154398030037791,0.0013906359672546387,0.0003080155531647086,"Ridge(alpha=1.0, copy_X=True, fit_intercept=True, max_iter=None,
      normalize=False, random_state=None, solver='auto', tol=0.001)",4.6991836734693875,,,,,,,"{'model': Ridge(alpha=1.0, copy_X=True, fit_intercept=True, max_iter=None,
      normalize=False, random_state=None, solver='auto', tol=0.001), 'model__alpha': 4.6991836734693875}",-8.623604579588962,-2.276170545589833,-3.2222411463881486,-11.01806999152008,-6.285021565771756,3.6511035425048664,76
25,0.004736006259918213,0.0004873116062469906,0.0014262199401855469,0.00033153245773167005,"Ridge(alpha=1.0, copy_X=True, fit_intercept=True, max_iter=None,
      normalize=False, random_state=None, solver='auto', tol=0.001)",4.903061224489796,,,,,,,"{'model': Ridge(alpha=1.0, copy_X=True, fit_intercept=True, max_iter=None,
      normalize=False, random_state=None, solver='auto', tol=0.001), 'model__alpha': 4.903061224489796}",-8.633579590068157,-2.284644827356641,-3.242351527325948,-10.985543565116625,-6.286529877466843,3.6356387943490756,77
26,0.004297494888305664,0.0009647081709700348,0.0014868378639221191,0.00041034927974235245,"Ridge(alpha=1.0, copy_X=True, fit_intercept=True, max_iter=None,
      normalize=False, random_state=None, solver='auto', tol=0.001)",5.106938775510204,,,,,,,"{'model': Ridge(alpha=1.0, copy_X=True, fit_intercept=True, max_iter=None,
      normalize=False, random_state=None, solver='auto', tol=0.001), 'model__alpha': 5.106938775510204}",-8.642763506145688,-2.29277851060055,-3.262296683194178,-10.955171565611392,-6.288252566387952,3.6209141334840025,78
27,0.004337906837463379,0.0005639376470841183,0.0013632774353027344,0.0002660310680548917,"Ridge(alpha=1.0, copy_X=True, fit_intercept=True, max_iter=None,
      normalize=False, random_state=None, solver='auto', tol=0.001)",5.310816326530612,,,,,,,"{'model': Ridge(alpha=1.0, copy_X=True, fit_intercept=True, max_iter=None,
      normalize=False, random_state=None, solver='auto', tol=0.001), 'model__alpha': 5.310816326530612}",-8.651290943971707,-2.300600067513719,-3.282075988873754,-10.926817192356646,-6.290196048178956,3.60689226071797,79
28,0.004774630069732666,0.00020966276724870543,0.0015652775764465332,0.00017412045048360432,"Ridge(alpha=1.0, copy_X=True, fit_intercept=True, max_iter=None,
      normalize=False, random_state=None, solver='auto', tol=0.001)",5.514693877551021,,,,,,,"{'model': Ridge(alpha=1.0, copy_X=True, fit_intercept=True, max_iter=None,
      normalize=False, random_state=None, solver='auto', tol=0.001), 'model__alpha': 5.514693877551021}",-8.659276386964393,-2.3081351460829116,-3.301689604536193,-10.900355267815167,-6.292364101349666,3.593538321483943,80
29,0.004596531391143799,0.00012306260537341997,0.0016120076179504395,0.00010687927229954704,"Ridge(alpha=1.0, copy_X=True, fit_intercept=True, max_iter=None,
      normalize=False, random_state=None, solver='auto', tol=0.001)",5.718571428571428,,,,,,,"{'model': Ridge(alpha=1.0, copy_X=True, fit_intercept=True, max_iter=None,
      normalize=False, random_state=None, solver='auto', tol=0.001), 'model__alpha': 5.718571428571428}",-8.666817363424515,-2.315406867288181,-3.3211382649340337,-10.87567090832581,-6.294758350993135,3.5808196849137794,81
30,0.004651308059692383,0.00042293120736916793,0.0017397403717041016,0.00023379917164529157,"Ridge(alpha=1.0, copy_X=True, fit_intercept=True, max_iter=None,
      normalize=False, random_state=None, solver='auto', tol=0.001)",5.922448979591836,,,,,,,"{'model': Ridge(alpha=1.0, copy_X=True, fit_intercept=True, max_iter=None,
      normalize=False, random_state=None, solver='auto', tol=0.001), 'model__alpha': 5.922448979591836}",-8.673997074327703,-2.3224360941281117,-3.340423121862651,-10.852658400081674,-6.2973786726000345,3.5687057546896965,82
31,0.0047571659088134766,0.00019765410687028518,0.0015312433242797852,0.00016692472054359939,"Ridge(alpha=1.0, copy_X=True, fit_intercept=True, max_iter=None,
      normalize=False, random_state=None, solver='auto', tol=0.001)",6.1263265306122445,,,,,,,"{'model': Ridge(alpha=1.0, copy_X=True, fit_intercept=True, max_iter=None,
      normalize=False, random_state=None, solver='auto', tol=0.001), 'model__alpha': 6.1263265306122445}",-8.680886575821257,-2.329241673294886,-3.359545626254165,-10.831220238973644,-6.300223528585988,3.5571678043890875,84
32,0.0046759843826293945,0.0003106570527359936,0.0014777183532714844,0.00022446479297253178,"Ridge(alpha=1.0, copy_X=True, fit_intercept=True, max_iter=None,
      normalize=False, random_state=None, solver='auto', tol=0.001)",6.330204081632653,,,,,,,"{'model': Ridge(alpha=1.0, copy_X=True, fit_intercept=True, max_iter=None,
      normalize=False, random_state=None, solver='auto', tol=0.001), 'model__alpha': 6.330204081632653}",-8.687546599302356,-2.335840651167196,-3.3785074399217145,-10.811266303142165,-6.303290248383358,3.5461788322185552,85
33,0.00453561544418335,0.00011594038045516469,0.0015869140625,0.00010433734757027013,"Ridge(alpha=1.0, copy_X=True, fit_intercept=True, max_iter=None,
      normalize=False, random_state=None, solver='auto', tol=0.001)",6.534081632653061,,,,,,,"{'model': Ridge(alpha=1.0, copy_X=True, fit_intercept=True, max_iter=None,
      normalize=False, random_state=None, solver='auto', tol=0.001), 'model__alpha': 6.534081632653061}",-8.694029075135044,-2.34224846619198,-3.3973103695557523,-10.792713134386672,-6.306575261317362,3.5357134314832837,86
34,0.004582345485687256,0.0002911329735566179,0.001740574836730957,0.0002717202845350135,"Ridge(alpha=1.0, copy_X=True, fit_intercept=True, max_iter=None,
      normalize=False, random_state=None, solver='auto', tol=0.001)",6.737959183673469,,,,,,,"{'model': Ridge(alpha=1.0, copy_X=True, fit_intercept=True, max_iter=None,
      normalize=False, random_state=None, solver='auto', tol=0.001), 'model__alpha': 6.737959183673469}",-8.70037841292717,-2.3484791198614774,-3.4159563174623386,-10.775483309903224,-6.310074290038553,3.5257476741163027,87
35,0.004978299140930176,0.0004292747703548692,0.001578688621520996,0.00011433761871815761,"Ridge(alpha=1.0, copy_X=True, fit_intercept=True, max_iter=None,
      normalize=False, random_state=None, solver='auto', tol=0.001)",6.941836734693878,,,,,,,"{'model': Ridge(alpha=1.0, copy_X=True, fit_intercept=True, max_iter=None,
      normalize=False, random_state=None, solver='auto', tol=0.001), 'model__alpha': 6.941836734693878}",-8.706632580973956,-2.3545453284703295,-3.434447244921959,-10.759504889751947,-6.313782511029547,3.516259005261004,88
36,0.005219221115112305,0.0009266716928460582,0.001550436019897461,0.00010658590508723237,"Ridge(alpha=1.0, copy_X=True, fit_intercept=True, max_iter=None,
      normalize=False, random_state=None, solver='auto', tol=0.001)",7.145714285714286,,,,,,,"{'model': Ridge(alpha=1.0, copy_X=True, fit_intercept=True, max_iter=None,
      normalize=False, random_state=None, solver='auto', tol=0.001), 'model__alpha': 7.145714285714286}",-8.712824019335532,-2.360458657727721,-3.452785145074152,-10.74471092840192,-6.317694687634831,3.5072261473648534,90
37,0.0046492815017700195,8.948187868667914e-05,0.001671433448791504,0.0001533701985111681,"Ridge(alpha=1.0, copy_X=True, fit_intercept=True, max_iter=None,
      normalize=False, random_state=None, solver='auto', tol=0.001)",7.349591836734694,,,,,,,"{'model': Ridge(alpha=1.0, copy_X=True, fit_intercept=True, max_iter=None,
      normalize=False, random_state=None, solver='auto', tol=0.001), 'model__alpha': 7.349591836734694}",-8.718980414559102,-2.366229642144322,-3.4709720229960834,-10.731039040941736,-6.32180528016031,3.4986290125709876,91
38,0.004515290260314941,0.0004671806582199202,0.001674950122833252,0.0003988447243577083,"Ridge(alpha=1.0, copy_X=True, fit_intercept=True, max_iter=None,
      normalize=False, random_state=None, solver='auto', tol=0.001)",7.553469387755102,,,,,,,"{'model': Ridge(alpha=1.0, copy_X=True, fit_intercept=True, max_iter=None,
      normalize=False, random_state=None, solver='auto', tol=0.001), 'model__alpha': 7.553469387755102}",-8.72512535890965,-2.3718678909401456,-3.4890098812133803,-10.718431016266717,-6.326108536832473,3.4904486224300486,92
39,0.004673004150390625,0.000508505889552024,0.0016245841979980469,9.676167438149694e-05,"Ridge(alpha=1.0, copy_X=True, fit_intercept=True, max_iter=None,
      normalize=False, random_state=None, solver='auto', tol=0.001)",7.75734693877551,,,,,,,"{'model': Ridge(alpha=1.0, copy_X=True, fit_intercept=True, max_iter=None,
      normalize=False, random_state=None, solver='auto', tol=0.001), 'model__alpha': 7.75734693877551}",-8.731278912852089,-2.377382182042959,-3.5069007093081552,-10.706832470899114,-6.33059856877558,3.4826670341285464,93
40,0.003465592861175537,0.0008364880659982921,0.001078963279724121,0.000272364218354646,"Ridge(alpha=1.0, copy_X=True, fit_intercept=True, max_iter=None,
      normalize=False, random_state=None, solver='auto', tol=0.001)",7.961224489795918,,,,,,,"{'model': Ridge(alpha=1.0, copy_X=True, fit_intercept=True, max_iter=None,
      normalize=False, random_state=None, solver='auto', tol=0.001), 'model__alpha': 7.961224489795918}",-8.73745808621071,-2.382780545576655,-3.524646476611601,-10.696192538158288,-6.335269411639313,3.4752672725597735,94
41,0.00354611873626709,0.001020668802403294,0.001210927963256836,0.0004992377734101204,"Ridge(alpha=1.0, copy_X=True, fit_intercept=True, max_iter=None,
      normalize=False, random_state=None, solver='auto', tol=0.001)",8.165102040816327,,,,,,,"{'model': Ridge(alpha=1.0, copy_X=True, fit_intercept=True, max_iter=None,
      normalize=False, random_state=None, solver='auto', tol=0.001), 'model__alpha': 8.165102040816327}",-8.743677250752285,-2.388070338080225,-3.542249127211014,-10.686463588244012,-6.340115076071884,3.4682332676630163,95
42,0.00417715311050415,0.0007968656286043638,0.001414477825164795,0.00032922296816140483,"Ridge(alpha=1.0, copy_X=True, fit_intercept=True, max_iter=None,
      normalize=False, random_state=None, solver='auto', tol=0.001)",8.368979591836734,,,,,,,"{'model': Ridge(alpha=1.0, copy_X=True, fit_intercept=True, max_iter=None,
      normalize=False, random_state=None, solver='auto', tol=0.001), 'model__alpha': 8.368979591836734}",-8.749948494763789,-2.3932583085528565,-3.5597105766855206,-10.67760097547882,-6.345129588870247,3.461549796534876,96
43,0.00394129753112793,0.0008364794972728675,0.0012447834014892578,0.0003639908813471114,"Ridge(alpha=1.0, copy_X=True, fit_intercept=True, max_iter=None,
      normalize=False, random_state=None, solver='auto', tol=0.001)",8.572857142857142,,,,,,,"{'model': Ridge(alpha=1.0, copy_X=True, fit_intercept=True, max_iter=None,
      normalize=False, random_state=None, solver='auto', tol=0.001), 'model__alpha': 8.572857142857142}",-8.756281928422975,-2.398350657289682,-3.577032710124787,-10.669562809511122,-6.350307026337141,3.4552024298789896,97
44,0.003881216049194336,0.0008303090382822089,0.0012314915657043457,0.00029302678189849376,"Ridge(alpha=1.0, copy_X=True, fit_intercept=True, max_iter=None,
      normalize=False, random_state=None, solver='auto', tol=0.001)",8.77673469387755,,,,,,,"{'model': Ridge(alpha=1.0, copy_X=True, fit_intercept=True, max_iter=None,
      normalize=False, random_state=None, solver='auto', tol=0.001), 'model__alpha': 8.77673469387755}",-8.762685947309931,-2.4033530883563166,-3.594217381091576,-10.66230974773678,-6.355641541123651,3.449177482411273,98
45,0.004014730453491211,0.0011276309475300513,0.0011812448501586914,0.00030258959974819514,"Ridge(alpha=1.0, copy_X=True, fit_intercept=True, max_iter=None,
      normalize=False, random_state=None, solver='auto', tol=0.001)",8.980612244897959,,,,,,,"{'model': Ridge(alpha=1.0, copy_X=True, fit_intercept=True, max_iter=None,
      normalize=False, random_state=None, solver='auto', tol=0.001), 'model__alpha': 8.980612244897959}",-8.769167460216108,-2.4082708564464457,-3.6112664112706114,-10.65580480657569,-6.361127383627213,3.443461966880396,99
46,0.004549562931060791,0.0002708382261271216,0.0014206767082214355,0.00012804036386477663,"Ridge(alpha=1.0, copy_X=True, fit_intercept=True, max_iter=None,
      normalize=False, random_state=None, solver='auto', tol=0.001)",9.184489795918367,,,,,,,"{'model': Ridge(alpha=1.0, copy_X=True, fit_intercept=True, max_iter=None,
      normalize=False, random_state=None, solver='auto', tol=0.001), 'model__alpha': 9.184489795918367}",-8.775732086425883,-2.413108808776006,-3.6281815906080985,-10.650013189554825,-6.366758918841203,3.4380435513988314,100
47,0.004561483860015869,0.0003406942004901694,0.0015027523040771484,6.406609340339814e-05,"Ridge(alpha=1.0, copy_X=True, fit_intercept=True, max_iter=None,
      normalize=False, random_state=None, solver='auto', tol=0.001)",9.388367346938775,,,,,,,"{'model': Ridge(alpha=1.0, copy_X=True, fit_intercept=True, max_iter=None,
      normalize=False, random_state=None, solver='auto', tol=0.001), 'model__alpha': 9.388367346938775}",-8.782384326832979,-2.4178714225869897,-3.6449646777943694,-10.644902130415344,-6.372530639407421,3.4329105198107315,101
48,0.004281222820281982,0.00046026687784470174,0.001403510570526123,0.0001701853106656286,"Ridge(alpha=1.0, copy_X=True, fit_intercept=True, max_iter=None,
      normalize=False, random_state=None, solver='auto', tol=0.001)",9.592244897959183,,,,,,,"{'model': Ridge(alpha=1.0, copy_X=True, fit_intercept=True, max_iter=None,
      normalize=False, random_state=None, solver='auto', tol=0.001), 'model__alpha': 9.592244897959183}",-8.789127712579981,-2.422562838764042,-3.6616174009782148,-10.640440749684814,-6.378437175501763,3.428051734849179,102
49,0.004588782787322998,0.000288995349903854,0.001434028148651123,0.00023548438883515512,"Ridge(alpha=1.0, copy_X=True, fit_intercept=True, max_iter=None,
      normalize=False, random_state=None, solver='auto', tol=0.001)",9.796122448979592,,,,,,,"{'model': Ridge(alpha=1.0, copy_X=True, fit_intercept=True, max_iter=None,
      normalize=False, random_state=None, solver='auto', tol=0.001), 'model__alpha': 9.796122448979592}",-8.7959649343479,-2.427186892005277,-3.678141458629825,-10.636599923347692,-6.384473302082673,3.423456603859103,103
50,0.004477024078369141,0.000678314768643521,0.0014392733573913574,0.0001524482564055484,"Ridge(alpha=1.0, copy_X=True, fit_intercept=True, max_iter=None,
      normalize=False, random_state=None, solver='auto', tol=0.001)",10.0,,,,,,,"{'model': Ridge(alpha=1.0, copy_X=True, fit_intercept=True, max_iter=None,
      normalize=False, random_state=None, solver='auto', tol=0.001), 'model__alpha': 10.0}",-8.802897954953401,-2.431747137935422,-3.694538520490127,-10.633352162409597,-6.390633943947137,3.4191150468823355,105
51,0.005358695983886719,0.00025213517184561625,0.0016467571258544922,5.7861099545765715e-05,"Lasso(alpha=1.0, copy_X=True, fit_intercept=True, max_iter=1000,
      normalize=False, positive=False, precompute=False, random_state=None,
      selection='cyclic', tol=0.0001, warm_start=False)",0.01,100000.0,,,,,,"{'model': Lasso(alpha=1.0, copy_X=True, fit_intercept=True, max_iter=1000,
      normalize=False, positive=False, precompute=False, random_state=None,
      selection='cyclic', tol=0.0001, warm_start=False), 'model__alpha': 0.01, 'model__max_iter': 100000.0}",-6.5648012569815135,-2.042919064414326,-2.780521997339988,-12.039637812182352,-5.856970032729545,3.9603637211899008,11
52,0.004655718803405762,0.00019721796220019256,0.001618027687072754,0.00010534951928305557,"Lasso(alpha=1.0, copy_X=True, fit_intercept=True, max_iter=1000,
      normalize=False, positive=False, precompute=False, random_state=None,
      selection='cyclic', tol=0.0001, warm_start=False)",0.21387755102040817,100000.0,,,,,,"{'model': Lasso(alpha=1.0, copy_X=True, fit_intercept=True, max_iter=1000,
      normalize=False, positive=False, precompute=False, random_state=None,
      selection='cyclic', tol=0.0001, warm_start=False), 'model__alpha': 0.21387755102040817, 'model__max_iter': 100000.0}",-8.911534309317451,-2.764935419223709,-3.677938038516262,-15.432412862596616,-7.6967051574135095,5.044547191641667,157
53,0.0043482184410095215,0.0004884641733281808,0.0014702081680297852,9.554035185843046e-05,"Lasso(alpha=1.0, copy_X=True, fit_intercept=True, max_iter=1000,
      normalize=False, positive=False, precompute=False, random_state=None,
      selection='cyclic', tol=0.0001, warm_start=False)",0.41775510204081634,100000.0,,,,,,"{'model': Lasso(alpha=1.0, copy_X=True, fit_intercept=True, max_iter=1000,
      normalize=False, positive=False, precompute=False, random_state=None,
      selection='cyclic', tol=0.0001, warm_start=False), 'model__alpha': 0.41775510204081634, 'model__max_iter': 100000.0}",-11.019861939610005,-3.288525444458736,-4.854946944690602,-20.78699131749811,-9.987581411564364,6.872302103842571,190
54,0.004951655864715576,0.0009257125574822926,0.0015255212783813477,0.00014228041964083863,"Lasso(alpha=1.0, copy_X=True, fit_intercept=True, max_iter=1000,
      normalize=False, positive=False, precompute=False, random_state=None,
      selection='cyclic', tol=0.0001, warm_start=False)",0.6216326530612245,100000.0,,,,,,"{'model': Lasso(alpha=1.0, copy_X=True, fit_intercept=True, max_iter=1000,
      normalize=False, positive=False, precompute=False, random_state=None,
      selection='cyclic', tol=0.0001, warm_start=False), 'model__alpha': 0.6216326530612245, 'model__max_iter': 100000.0}",-13.941865810053638,-4.082147133611285,-6.774083083691777,-28.024063385551493,-13.205539853227048,9.28346307268318,228
55,0.0049817562103271484,0.00034818137808224176,0.0014166831970214844,0.00028128911526314755,"Lasso(alpha=1.0, copy_X=True, fit_intercept=True, max_iter=1000,
      normalize=False, positive=False, precompute=False, random_state=None,
      selection='cyclic', tol=0.0001, warm_start=False)",0.8255102040816327,100000.0,,,,,,"{'model': Lasso(alpha=1.0, copy_X=True, fit_intercept=True, max_iter=1000,
      normalize=False, positive=False, precompute=False, random_state=None,
      selection='cyclic', tol=0.0001, warm_start=False), 'model__alpha': 0.8255102040816327, 'model__max_iter': 100000.0}",-17.5730624406422,-5.096573365183148,-9.522723356853843,-36.24473374610752,-17.109273227196677,11.918909834956834,271
56,0.0046520233154296875,0.00043213250719110054,0.0015233159065246582,7.728392118177628e-05,"Lasso(alpha=1.0, copy_X=True, fit_intercept=True, max_iter=1000,
      normalize=False, positive=False, precompute=False, random_state=None,
      selection='cyclic', tol=0.0001, warm_start=False)",1.029387755102041,100000.0,,,,,,"{'model': Lasso(alpha=1.0, copy_X=True, fit_intercept=True, max_iter=1000,
      normalize=False, positive=False, precompute=False, random_state=None,
      selection='cyclic', tol=0.0001, warm_start=False), 'model__alpha': 1.029387755102041, 'model__max_iter': 100000.0}",-21.246147573939464,-6.1887782060368,-12.412104669786936,-46.1707994664963,-21.504457479064875,15.212955517014555,320
57,0.004076778888702393,0.0007857391719181266,0.001374959945678711,0.00021001855387939213,"Lasso(alpha=1.0, copy_X=True, fit_intercept=True, max_iter=1000,
      normalize=False, positive=False, precompute=False, random_state=None,
      selection='cyclic', tol=0.0001, warm_start=False)",1.233265306122449,100000.0,,,,,,"{'model': Lasso(alpha=1.0, copy_X=True, fit_intercept=True, max_iter=1000,
      normalize=False, positive=False, precompute=False, random_state=None,
      selection='cyclic', tol=0.0001, warm_start=False), 'model__alpha': 1.233265306122449, 'model__max_iter': 100000.0}",-23.4153632612148,-7.533803780961679,-14.859878644269735,-56.95442967470978,-25.690868840289,18.904877160952655,366
58,0.004572272300720215,0.0009040366060284301,0.0014339089393615723,0.00013580636766477464,"Lasso(alpha=1.0, copy_X=True, fit_intercept=True, max_iter=1000,
      normalize=False, positive=False, precompute=False, random_state=None,
      selection='cyclic', tol=0.0001, warm_start=False)",1.437142857142857,100000.0,,,,,,"{'model': Lasso(alpha=1.0, copy_X=True, fit_intercept=True, max_iter=1000,
      normalize=False, positive=False, precompute=False, random_state=None,
      selection='cyclic', tol=0.0001, warm_start=False), 'model__alpha': 1.437142857142857, 'model__max_iter': 100000.0}",-25.775117304977712,-9.125902137607065,-17.46104679006506,-67.57135133812872,-29.98335439269464,22.485596923500445,446
59,0.004004001617431641,0.0007878509929930744,0.0013824105262756348,0.00025907738058581213,"Lasso(alpha=1.0, copy_X=True, fit_intercept=True, max_iter=1000,
      normalize=False, positive=False, precompute=False, random_state=None,
      selection='cyclic', tol=0.0001, warm_start=False)",1.6410204081632653,100000.0,,,,,,"{'model': Lasso(alpha=1.0, copy_X=True, fit_intercept=True, max_iter=1000,
      normalize=False, positive=False, precompute=False, random_state=None,
      selection='cyclic', tol=0.0001, warm_start=False), 'model__alpha': 1.6410204081632653, 'model__max_iter': 100000.0}",-28.342701828431093,-10.972073496831966,-20.351150404191365,-78.89564411455312,-34.64039246100189,26.280030286181784,578
60,0.004235506057739258,0.0007522029468248085,0.0013154149055480957,0.00018215720675139352,"Lasso(alpha=1.0, copy_X=True, fit_intercept=True, max_iter=1000,
      normalize=False, positive=False, precompute=False, random_state=None,
      selection='cyclic', tol=0.0001, warm_start=False)",1.8448979591836736,100000.0,,,,,,"{'model': Lasso(alpha=1.0, copy_X=True, fit_intercept=True, max_iter=1000,
      normalize=False, positive=False, precompute=False, random_state=None,
      selection='cyclic', tol=0.0001, warm_start=False), 'model__alpha': 1.8448979591836736, 'model__max_iter': 100000.0}",-30.94037305937992,-13.0777979391376,-23.59712701967052,-91.31182316233792,-39.731780295131486,30.448938713527664,657
61,0.004498481750488281,6.461605358155696e-05,0.0015712380409240723,4.953583492599036e-05,"Lasso(alpha=1.0, copy_X=True, fit_intercept=True, max_iter=1000,
      normalize=False, positive=False, precompute=False, random_state=None,
      selection='cyclic', tol=0.0001, warm_start=False)",2.0487755102040817,100000.0,,,,,,"{'model': Lasso(alpha=1.0, copy_X=True, fit_intercept=True, max_iter=1000,
      normalize=False, positive=False, precompute=False, random_state=None,
      selection='cyclic', tol=0.0001, warm_start=False), 'model__alpha': 2.0487755102040817, 'model__max_iter': 100000.0}",-33.42880421935013,-15.443282862602675,-26.900789955219086,-105.40569808425751,-45.29464378035735,35.297218747362386,729
62,0.004820585250854492,0.0004117667291504771,0.0016980171203613281,0.00022677598966830856,"Lasso(alpha=1.0, copy_X=True, fit_intercept=True, max_iter=1000,
      normalize=False, positive=False, precompute=False, random_state=None,
      selection='cyclic', tol=0.0001, warm_start=False)",2.2526530612244895,100000.0,,,,,,"{'model': Lasso(alpha=1.0, copy_X=True, fit_intercept=True, max_iter=1000,
      normalize=False, positive=False, precompute=False, random_state=None,
      selection='cyclic', tol=0.0001, warm_start=False), 'model__alpha': 2.2526530612244895, 'model__max_iter': 100000.0}",-34.37911781683679,-16.389027005944016,-28.25441044127779,-112.11256495739575,-47.783780055363586,37.69915228907185,820
63,0.00460052490234375,0.0001032715792950009,0.0015181899070739746,4.511008521638672e-05,"Lasso(alpha=1.0, copy_X=True, fit_intercept=True, max_iter=1000,
      normalize=False, positive=False, precompute=False, random_state=None,
      selection='cyclic', tol=0.0001, warm_start=False)",2.4565306122448978,100000.0,,,,,,"{'model': Lasso(alpha=1.0, copy_X=True, fit_intercept=True, max_iter=1000,
      normalize=False, positive=False, precompute=False, random_state=None,
      selection='cyclic', tol=0.0001, warm_start=False), 'model__alpha': 2.4565306122448978, 'model__max_iter': 100000.0}",-35.429197326976485,-16.424845500533245,-29.13915208026219,-110.28356981531833,-47.81919118077256,36.707830729232555,825
64,0.0042250752449035645,0.0008868668073921445,0.0014014840126037598,0.00029820123958690495,"Lasso(alpha=1.0, copy_X=True, fit_intercept=True, max_iter=1000,
      normalize=False, positive=False, precompute=False, random_state=None,
      selection='cyclic', tol=0.0001, warm_start=False)",2.660408163265306,100000.0,,,,,,"{'model': Lasso(alpha=1.0, copy_X=True, fit_intercept=True, max_iter=1000,
      normalize=False, positive=False, precompute=False, random_state=None,
      selection='cyclic', tol=0.0001, warm_start=False), 'model__alpha': 2.660408163265306, 'model__max_iter': 100000.0}",-36.65168644687092,-16.852243760496535,-29.46731099395945,-108.56561805417046,-47.88421481387434,35.74411828013327,830
65,0.004609227180480957,0.0001594511034198968,0.001602470874786377,0.00015723649934797039,"Lasso(alpha=1.0, copy_X=True, fit_intercept=True, max_iter=1000,
      normalize=False, positive=False, precompute=False, random_state=None,
      selection='cyclic', tol=0.0001, warm_start=False)",2.864285714285714,100000.0,,,,,,"{'model': Lasso(alpha=1.0, copy_X=True, fit_intercept=True, max_iter=1000,
      normalize=False, positive=False, precompute=False, random_state=None,
      selection='cyclic', tol=0.0001, warm_start=False), 'model__alpha': 2.864285714285714, 'model__max_iter': 100000.0}",-37.964467436738694,-17.31335100581283,-29.64738313658329,-106.95870967395217,-47.970977813271745,34.84008812892192,844
66,0.0043544769287109375,0.0004886977519034414,0.0014507174491882324,0.00021646663246581392,"Lasso(alpha=1.0, copy_X=True, fit_intercept=True, max_iter=1000,
      normalize=False, positive=False, precompute=False, random_state=None,
      selection='cyclic', tol=0.0001, warm_start=False)",3.068163265306122,100000.0,,,,,,"{'model': Lasso(alpha=1.0, copy_X=True, fit_intercept=True, max_iter=1000,
      normalize=False, positive=False, precompute=False, random_state=None,
      selection='cyclic', tol=0.0001, warm_start=False), 'model__alpha': 3.068163265306122, 'model__max_iter': 100000.0}",-39.255945030636916,-17.929593127216044,-30.06660609617377,-105.46285647398255,-48.17875018200232,33.92693086381033,862
67,0.0046991705894470215,0.00033158433536003087,0.0015500783920288086,7.137869615689521e-05,"Lasso(alpha=1.0, copy_X=True, fit_intercept=True, max_iter=1000,
      normalize=False, positive=False, precompute=False, random_state=None,
      selection='cyclic', tol=0.0001, warm_start=False)",3.2720408163265304,100000.0,,,,,,"{'model': Lasso(alpha=1.0, copy_X=True, fit_intercept=True, max_iter=1000,
      normalize=False, positive=False, precompute=False, random_state=None,
      selection='cyclic', tol=0.0001, warm_start=False), 'model__alpha': 3.2720408163265304, 'model__max_iter': 100000.0}",-40.24519426569069,-18.647862676646486,-30.578581109280556,-104.07803361879193,-48.38741791760242,33.05047767268514,881
68,0.004763305187225342,0.00035223907843863966,0.0014576911926269531,0.00015648715637509803,"Lasso(alpha=1.0, copy_X=True, fit_intercept=True, max_iter=1000,
      normalize=False, positive=False, precompute=False, random_state=None,
      selection='cyclic', tol=0.0001, warm_start=False)",3.4759183673469387,100000.0,,,,,,"{'model': Lasso(alpha=1.0, copy_X=True, fit_intercept=True, max_iter=1000,
      normalize=False, positive=False, precompute=False, random_state=None,
      selection='cyclic', tol=0.0001, warm_start=False), 'model__alpha': 3.4759183673469387, 'model__max_iter': 100000.0}",-41.152409747111406,-18.810793102559114,-31.18330817590363,-102.82693801644284,-48.49336226050425,32.35243392102904,891
69,0.0048561692237854,0.00019635831796138248,0.0017167329788208008,0.00022637153552683878,"Lasso(alpha=1.0, copy_X=True, fit_intercept=True, max_iter=1000,
      normalize=False, positive=False, precompute=False, random_state=None,
      selection='cyclic', tol=0.0001, warm_start=False)",3.679795918367347,100000.0,,,,,,"{'model': Lasso(alpha=1.0, copy_X=True, fit_intercept=True, max_iter=1000,
      normalize=False, positive=False, precompute=False, random_state=None,
      selection='cyclic', tol=0.0001, warm_start=False), 'model__alpha': 3.679795918367347, 'model__max_iter': 100000.0}",-42.10525795490434,-18.696155209035485,-31.880787296043003,-102.21015708333253,-48.72308938582884,31.97632725731084,913
70,0.004442155361175537,0.0002807305812393914,0.0014197826385498047,0.00016016618731245122,"Lasso(alpha=1.0, copy_X=True, fit_intercept=True, max_iter=1000,
      normalize=False, positive=False, precompute=False, random_state=None,
      selection='cyclic', tol=0.0001, warm_start=False)",3.883673469387755,100000.0,,,,,,"{'model': Lasso(alpha=1.0, copy_X=True, fit_intercept=True, max_iter=1000,
      normalize=False, positive=False, precompute=False, random_state=None,
      selection='cyclic', tol=0.0001, warm_start=False), 'model__alpha': 3.883673469387755, 'model__max_iter': 100000.0}",-43.10370684375071,-18.584976102779212,-32.67101846969866,-102.21015708333253,-49.14246462489028,31.850098985817176,946
71,0.004944443702697754,0.00038488448522721496,0.0016573071479797363,0.000135360704747729,"Lasso(alpha=1.0, copy_X=True, fit_intercept=True, max_iter=1000,
      normalize=False, positive=False, precompute=False, random_state=None,
      selection='cyclic', tol=0.0001, warm_start=False)",4.0875510204081635,100000.0,,,,,,"{'model': Lasso(alpha=1.0, copy_X=True, fit_intercept=True, max_iter=1000,
      normalize=False, positive=False, precompute=False, random_state=None,
      selection='cyclic', tol=0.0001, warm_start=False), 'model__alpha': 4.0875510204081635, 'model__max_iter': 100000.0}",-43.95326424659975,-18.477238772124064,-33.55400169687062,-102.21015708333253,-49.54866544973174,31.724612054558115,973
72,0.00444561243057251,7.33989272679988e-05,0.001392960548400879,0.00019752475672249172,"Lasso(alpha=1.0, copy_X=True, fit_intercept=True, max_iter=1000,
      normalize=False, positive=False, precompute=False, random_state=None,
      selection='cyclic', tol=0.0001, warm_start=False)",4.291428571428571,100000.0,,,,,,"{'model': Lasso(alpha=1.0, copy_X=True, fit_intercept=True, max_iter=1000,
      normalize=False, positive=False, precompute=False, random_state=None,
      selection='cyclic', tol=0.0001, warm_start=False), 'model__alpha': 4.291428571428571, 'model__max_iter': 100000.0}",-44.73308704760009,-18.382982646008244,-34.52973697755886,-102.21015708333253,-49.96399093862493,31.59351401969452,997
73,0.004784047603607178,0.0003508217542380634,0.0016074776649475098,5.721235590423082e-05,"Lasso(alpha=1.0, copy_X=True, fit_intercept=True, max_iter=1000,
      normalize=False, positive=False, precompute=False, random_state=None,
      selection='cyclic', tol=0.0001, warm_start=False)",4.495306122448979,100000.0,,,,,,"{'model': Lasso(alpha=1.0, copy_X=True, fit_intercept=True, max_iter=1000,
      normalize=False, positive=False, precompute=False, random_state=None,
      selection='cyclic', tol=0.0001, warm_start=False), 'model__alpha': 4.495306122448979, 'model__max_iter': 100000.0}",-45.519004245448016,-18.303758306527246,-35.59822431176341,-102.21015708333253,-50.407785986767806,31.453845346951926,1024
74,0.004075586795806885,0.0006194181992285902,0.0013446807861328125,0.00026069766122254807,"Lasso(alpha=1.0, copy_X=True, fit_intercept=True, max_iter=1000,
      normalize=False, positive=False, precompute=False, random_state=None,
      selection='cyclic', tol=0.0001, warm_start=False)",4.6991836734693875,100000.0,,,,,,"{'model': Lasso(alpha=1.0, copy_X=True, fit_intercept=True, max_iter=1000,
      normalize=False, positive=False, precompute=False, random_state=None,
      selection='cyclic', tol=0.0001, warm_start=False), 'model__alpha': 4.6991836734693875, 'model__max_iter': 100000.0}",-45.519004245448016,-18.22776655808027,-36.75946369948425,-102.21015708333253,-50.67909789658627,31.340555791255113,1043
75,0.004552066326141357,0.0001275892938434305,0.001521468162536621,4.9622146558438976e-05,"Lasso(alpha=1.0, copy_X=True, fit_intercept=True, max_iter=1000,
      normalize=False, positive=False, precompute=False, random_state=None,
      selection='cyclic', tol=0.0001, warm_start=False)",4.903061224489796,100000.0,,,,,,"{'model': Lasso(alpha=1.0, copy_X=True, fit_intercept=True, max_iter=1000,
      normalize=False, positive=False, precompute=False, random_state=None,
      selection='cyclic', tol=0.0001, warm_start=False), 'model__alpha': 4.903061224489796, 'model__max_iter': 100000.0}",-45.519004245448016,-18.15500740066732,-37.97678979078923,-102.21015708333253,-50.96523963005927,31.228649557862916,1277
76,0.004823923110961914,0.00034397509476128665,0.0016031861305236816,0.00010335402436370588,"Lasso(alpha=1.0, copy_X=True, fit_intercept=True, max_iter=1000,
      normalize=False, positive=False, precompute=False, random_state=None,
      selection='cyclic', tol=0.0001, warm_start=False)",5.106938775510204,100000.0,,,,,,"{'model': Lasso(alpha=1.0, copy_X=True, fit_intercept=True, max_iter=1000,
      normalize=False, positive=False, precompute=False, random_state=None,
      selection='cyclic', tol=0.0001, warm_start=False), 'model__alpha': 5.106938775510204, 'model__max_iter': 100000.0}",-45.519004245448016,-18.141520790589244,-37.97678979078923,-102.21015708333253,-50.961867977539754,31.232192313641036,1075
77,0.00455784797668457,0.00014964360682912734,0.0015181303024291992,6.087907656985492e-05,"Lasso(alpha=1.0, copy_X=True, fit_intercept=True, max_iter=1000,
      normalize=False, positive=False, precompute=False, random_state=None,
      selection='cyclic', tol=0.0001, warm_start=False)",5.310816326530612,100000.0,,,,,,"{'model': Lasso(alpha=1.0, copy_X=True, fit_intercept=True, max_iter=1000,
      normalize=False, positive=False, precompute=False, random_state=None,
      selection='cyclic', tol=0.0001, warm_start=False), 'model__alpha': 5.310816326530612, 'model__max_iter': 100000.0}",-45.519004245448016,-18.141520790589244,-37.97678979078923,-102.21015708333253,-50.961867977539754,31.232192313641036,1075
78,0.004553496837615967,5.725208416836228e-05,0.001568913459777832,5.8822386188526044e-05,"Lasso(alpha=1.0, copy_X=True, fit_intercept=True, max_iter=1000,
      normalize=False, positive=False, precompute=False, random_state=None,
      selection='cyclic', tol=0.0001, warm_start=False)",5.514693877551021,100000.0,,,,,,"{'model': Lasso(alpha=1.0, copy_X=True, fit_intercept=True, max_iter=1000,
      normalize=False, positive=False, precompute=False, random_state=None,
      selection='cyclic', tol=0.0001, warm_start=False), 'model__alpha': 5.514693877551021, 'model__max_iter': 100000.0}",-45.519004245448016,-18.141520790589244,-37.97678979078923,-102.21015708333253,-50.961867977539754,31.232192313641036,1075
79,0.004178464412689209,0.0009245135229563207,0.0013521909713745117,0.0002839549012141564,"Lasso(alpha=1.0, copy_X=True, fit_intercept=True, max_iter=1000,
      normalize=False, positive=False, precompute=False, random_state=None,
      selection='cyclic', tol=0.0001, warm_start=False)",5.718571428571428,100000.0,,,,,,"{'model': Lasso(alpha=1.0, copy_X=True, fit_intercept=True, max_iter=1000,
      normalize=False, positive=False, precompute=False, random_state=None,
      selection='cyclic', tol=0.0001, warm_start=False), 'model__alpha': 5.718571428571428, 'model__max_iter': 100000.0}",-45.519004245448016,-18.141520790589244,-37.97678979078923,-102.21015708333253,-50.961867977539754,31.232192313641036,1075
80,0.004335165023803711,0.00023631316638153912,0.0016267895698547363,0.00020446630381909612,"Lasso(alpha=1.0, copy_X=True, fit_intercept=True, max_iter=1000,
      normalize=False, positive=False, precompute=False, random_state=None,
      selection='cyclic', tol=0.0001, warm_start=False)",5.922448979591836,100000.0,,,,,,"{'model': Lasso(alpha=1.0, copy_X=True, fit_intercept=True, max_iter=1000,
      normalize=False, positive=False, precompute=False, random_state=None,
      selection='cyclic', tol=0.0001, warm_start=False), 'model__alpha': 5.922448979591836, 'model__max_iter': 100000.0}",-45.519004245448016,-18.141520790589244,-37.97678979078923,-102.21015708333253,-50.961867977539754,31.232192313641036,1075
81,0.005120515823364258,0.0008460769122690237,0.001666247844696045,0.00016375038382599716,"Lasso(alpha=1.0, copy_X=True, fit_intercept=True, max_iter=1000,
      normalize=False, positive=False, precompute=False, random_state=None,
      selection='cyclic', tol=0.0001, warm_start=False)",6.1263265306122445,100000.0,,,,,,"{'model': Lasso(alpha=1.0, copy_X=True, fit_intercept=True, max_iter=1000,
      normalize=False, positive=False, precompute=False, random_state=None,
      selection='cyclic', tol=0.0001, warm_start=False), 'model__alpha': 6.1263265306122445, 'model__max_iter': 100000.0}",-45.519004245448016,-18.141520790589244,-37.97678979078923,-102.21015708333253,-50.961867977539754,31.232192313641036,1075
82,0.004535377025604248,9.207841199166064e-05,0.0015184879302978516,0.00016346423594828504,"Lasso(alpha=1.0, copy_X=True, fit_intercept=True, max_iter=1000,
      normalize=False, positive=False, precompute=False, random_state=None,
      selection='cyclic', tol=0.0001, warm_start=False)",6.330204081632653,100000.0,,,,,,"{'model': Lasso(alpha=1.0, copy_X=True, fit_intercept=True, max_iter=1000,
      normalize=False, positive=False, precompute=False, random_state=None,
      selection='cyclic', tol=0.0001, warm_start=False), 'model__alpha': 6.330204081632653, 'model__max_iter': 100000.0}",-45.519004245448016,-18.141520790589244,-37.97678979078923,-102.21015708333253,-50.961867977539754,31.232192313641036,1075
83,0.004527688026428223,4.150623695626024e-05,0.0016233325004577637,6.475476150250467e-05,"Lasso(alpha=1.0, copy_X=True, fit_intercept=True, max_iter=1000,
      normalize=False, positive=False, precompute=False, random_state=None,
      selection='cyclic', tol=0.0001, warm_start=False)",6.534081632653061,100000.0,,,,,,"{'model': Lasso(alpha=1.0, copy_X=True, fit_intercept=True, max_iter=1000,
      normalize=False, positive=False, precompute=False, random_state=None,
      selection='cyclic', tol=0.0001, warm_start=False), 'model__alpha': 6.534081632653061, 'model__max_iter': 100000.0}",-45.519004245448016,-18.141520790589244,-37.97678979078923,-102.21015708333253,-50.961867977539754,31.232192313641036,1075
84,0.0045691728591918945,0.0001393019080615601,0.0015434622764587402,8.805692150503478e-05,"Lasso(alpha=1.0, copy_X=True, fit_intercept=True, max_iter=1000,
      normalize=False, positive=False, precompute=False, random_state=None,
      selection='cyclic', tol=0.0001, warm_start=False)",6.737959183673469,100000.0,,,,,,"{'model': Lasso(alpha=1.0, copy_X=True, fit_intercept=True, max_iter=1000,
      normalize=False, positive=False, precompute=False, random_state=None,
      selection='cyclic', tol=0.0001, warm_start=False), 'model__alpha': 6.737959183673469, 'model__max_iter': 100000.0}",-45.519004245448016,-18.141520790589244,-37.97678979078923,-102.21015708333253,-50.961867977539754,31.232192313641036,1075
85,0.004654645919799805,0.0003316328303607585,0.0015958547592163086,7.55471884425499e-05,"Lasso(alpha=1.0, copy_X=True, fit_intercept=True, max_iter=1000,
      normalize=False, positive=False, precompute=False, random_state=None,
      selection='cyclic', tol=0.0001, warm_start=False)",6.941836734693878,100000.0,,,,,,"{'model': Lasso(alpha=1.0, copy_X=True, fit_intercept=True, max_iter=1000,
      normalize=False, positive=False, precompute=False, random_state=None,
      selection='cyclic', tol=0.0001, warm_start=False), 'model__alpha': 6.941836734693878, 'model__max_iter': 100000.0}",-45.519004245448016,-18.141520790589244,-37.97678979078923,-102.21015708333253,-50.961867977539754,31.232192313641036,1075
86,0.0044476985931396484,0.00023683516896824932,0.0015227198600769043,5.519876062203423e-05,"Lasso(alpha=1.0, copy_X=True, fit_intercept=True, max_iter=1000,
      normalize=False, positive=False, precompute=False, random_state=None,
      selection='cyclic', tol=0.0001, warm_start=False)",7.145714285714286,100000.0,,,,,,"{'model': Lasso(alpha=1.0, copy_X=True, fit_intercept=True, max_iter=1000,
      normalize=False, positive=False, precompute=False, random_state=None,
      selection='cyclic', tol=0.0001, warm_start=False), 'model__alpha': 7.145714285714286, 'model__max_iter': 100000.0}",-45.519004245448016,-18.141520790589244,-37.97678979078923,-102.21015708333253,-50.961867977539754,31.232192313641036,1075
87,0.004621982574462891,0.00026397023104322956,0.0015755891799926758,5.709477867778692e-05,"Lasso(alpha=1.0, copy_X=True, fit_intercept=True, max_iter=1000,
      normalize=False, positive=False, precompute=False, random_state=None,
      selection='cyclic', tol=0.0001, warm_start=False)",7.349591836734694,100000.0,,,,,,"{'model': Lasso(alpha=1.0, copy_X=True, fit_intercept=True, max_iter=1000,
      normalize=False, positive=False, precompute=False, random_state=None,
      selection='cyclic', tol=0.0001, warm_start=False), 'model__alpha': 7.349591836734694, 'model__max_iter': 100000.0}",-45.519004245448016,-18.141520790589244,-37.97678979078923,-102.21015708333253,-50.961867977539754,31.232192313641036,1075
88,0.004226028919219971,0.0009995811366658432,0.001408994197845459,0.0003572365437760191,"Lasso(alpha=1.0, copy_X=True, fit_intercept=True, max_iter=1000,
      normalize=False, positive=False, precompute=False, random_state=None,
      selection='cyclic', tol=0.0001, warm_start=False)",7.553469387755102,100000.0,,,,,,"{'model': Lasso(alpha=1.0, copy_X=True, fit_intercept=True, max_iter=1000,
      normalize=False, positive=False, precompute=False, random_state=None,
      selection='cyclic', tol=0.0001, warm_start=False), 'model__alpha': 7.553469387755102, 'model__max_iter': 100000.0}",-45.519004245448016,-18.141520790589244,-37.97678979078923,-102.21015708333253,-50.961867977539754,31.232192313641036,1075
89,0.004153013229370117,0.0005842294649163086,0.0014052391052246094,0.00032194750225048984,"Lasso(alpha=1.0, copy_X=True, fit_intercept=True, max_iter=1000,
      normalize=False, positive=False, precompute=False, random_state=None,
      selection='cyclic', tol=0.0001, warm_start=False)",7.75734693877551,100000.0,,,,,,"{'model': Lasso(alpha=1.0, copy_X=True, fit_intercept=True, max_iter=1000,
      normalize=False, positive=False, precompute=False, random_state=None,
      selection='cyclic', tol=0.0001, warm_start=False), 'model__alpha': 7.75734693877551, 'model__max_iter': 100000.0}",-45.519004245448016,-18.141520790589244,-37.97678979078923,-102.21015708333253,-50.961867977539754,31.232192313641036,1075
90,0.004380166530609131,0.0003956610869108916,0.0013607144355773926,0.00031868357300098693,"Lasso(alpha=1.0, copy_X=True, fit_intercept=True, max_iter=1000,
      normalize=False, positive=False, precompute=False, random_state=None,
      selection='cyclic', tol=0.0001, warm_start=False)",7.961224489795918,100000.0,,,,,,"{'model': Lasso(alpha=1.0, copy_X=True, fit_intercept=True, max_iter=1000,
      normalize=False, positive=False, precompute=False, random_state=None,
      selection='cyclic', tol=0.0001, warm_start=False), 'model__alpha': 7.961224489795918, 'model__max_iter': 100000.0}",-45.519004245448016,-18.141520790589244,-37.97678979078923,-102.21015708333253,-50.961867977539754,31.232192313641036,1075
91,0.004439711570739746,0.0010765947490310413,0.0015280842781066895,0.0006179734690374065,"Lasso(alpha=1.0, copy_X=True, fit_intercept=True, max_iter=1000,
      normalize=False, positive=False, precompute=False, random_state=None,
      selection='cyclic', tol=0.0001, warm_start=False)",8.165102040816327,100000.0,,,,,,"{'model': Lasso(alpha=1.0, copy_X=True, fit_intercept=True, max_iter=1000,
      normalize=False, positive=False, precompute=False, random_state=None,
      selection='cyclic', tol=0.0001, warm_start=False), 'model__alpha': 8.165102040816327, 'model__max_iter': 100000.0}",-45.519004245448016,-18.141520790589244,-37.97678979078923,-102.21015708333253,-50.961867977539754,31.232192313641036,1075
92,0.004248201847076416,0.0005626844239773159,0.0014372467994689941,0.0002998506487576235,"Lasso(alpha=1.0, copy_X=True, fit_intercept=True, max_iter=1000,
      normalize=False, positive=False, precompute=False, random_state=None,
      selection='cyclic', tol=0.0001, warm_start=False)",8.368979591836734,100000.0,,,,,,"{'model': Lasso(alpha=1.0, copy_X=True, fit_intercept=True, max_iter=1000,
      normalize=False, positive=False, precompute=False, random_state=None,
      selection='cyclic', tol=0.0001, warm_start=False), 'model__alpha': 8.368979591836734, 'model__max_iter': 100000.0}",-45.519004245448016,-18.141520790589244,-37.97678979078923,-102.21015708333253,-50.961867977539754,31.232192313641036,1075
93,0.004050552845001221,0.00036207762216154443,0.0012875199317932129,0.00023841550199191886,"Lasso(alpha=1.0, copy_X=True, fit_intercept=True, max_iter=1000,
      normalize=False, positive=False, precompute=False, random_state=None,
      selection='cyclic', tol=0.0001, warm_start=False)",8.572857142857142,100000.0,,,,,,"{'model': Lasso(alpha=1.0, copy_X=True, fit_intercept=True, max_iter=1000,
      normalize=False, positive=False, precompute=False, random_state=None,
      selection='cyclic', tol=0.0001, warm_start=False), 'model__alpha': 8.572857142857142, 'model__max_iter': 100000.0}",-45.519004245448016,-18.141520790589244,-37.97678979078923,-102.21015708333253,-50.961867977539754,31.232192313641036,1075
94,0.004305124282836914,0.0008965216868437774,0.001413583755493164,0.00017101252967127533,"Lasso(alpha=1.0, copy_X=True, fit_intercept=True, max_iter=1000,
      normalize=False, positive=False, precompute=False, random_state=None,
      selection='cyclic', tol=0.0001, warm_start=False)",8.77673469387755,100000.0,,,,,,"{'model': Lasso(alpha=1.0, copy_X=True, fit_intercept=True, max_iter=1000,
      normalize=False, positive=False, precompute=False, random_state=None,
      selection='cyclic', tol=0.0001, warm_start=False), 'model__alpha': 8.77673469387755, 'model__max_iter': 100000.0}",-45.519004245448016,-18.141520790589244,-37.97678979078923,-102.21015708333253,-50.961867977539754,31.232192313641036,1075
95,0.004758059978485107,0.0007708536022456896,0.0014652013778686523,7.744577168543725e-05,"Lasso(alpha=1.0, copy_X=True, fit_intercept=True, max_iter=1000,
      normalize=False, positive=False, precompute=False, random_state=None,
      selection='cyclic', tol=0.0001, warm_start=False)",8.980612244897959,100000.0,,,,,,"{'model': Lasso(alpha=1.0, copy_X=True, fit_intercept=True, max_iter=1000,
      normalize=False, positive=False, precompute=False, random_state=None,
      selection='cyclic', tol=0.0001, warm_start=False), 'model__alpha': 8.980612244897959, 'model__max_iter': 100000.0}",-45.519004245448016,-18.141520790589244,-37.97678979078923,-102.21015708333253,-50.961867977539754,31.232192313641036,1075
96,0.004449188709259033,0.0005125689601127666,0.0013663172721862793,0.000299972992807881,"Lasso(alpha=1.0, copy_X=True, fit_intercept=True, max_iter=1000,
      normalize=False, positive=False, precompute=False, random_state=None,
      selection='cyclic', tol=0.0001, warm_start=False)",9.184489795918367,100000.0,,,,,,"{'model': Lasso(alpha=1.0, copy_X=True, fit_intercept=True, max_iter=1000,
      normalize=False, positive=False, precompute=False, random_state=None,
      selection='cyclic', tol=0.0001, warm_start=False), 'model__alpha': 9.184489795918367, 'model__max_iter': 100000.0}",-45.519004245448016,-18.141520790589244,-37.97678979078923,-102.21015708333253,-50.961867977539754,31.232192313641036,1075
97,0.004147589206695557,0.0004511197808981792,0.0013786554336547852,0.00029030697855662565,"Lasso(alpha=1.0, copy_X=True, fit_intercept=True, max_iter=1000,
      normalize=False, positive=False, precompute=False, random_state=None,
      selection='cyclic', tol=0.0001, warm_start=False)",9.388367346938775,100000.0,,,,,,"{'model': Lasso(alpha=1.0, copy_X=True, fit_intercept=True, max_iter=1000,
      normalize=False, positive=False, precompute=False, random_state=None,
      selection='cyclic', tol=0.0001, warm_start=False), 'model__alpha': 9.388367346938775, 'model__max_iter': 100000.0}",-45.519004245448016,-18.141520790589244,-37.97678979078923,-102.21015708333253,-50.961867977539754,31.232192313641036,1075
98,0.0041435956954956055,0.0006527073950100468,0.0014926791191101074,0.0005090995240416849,"Lasso(alpha=1.0, copy_X=True, fit_intercept=True, max_iter=1000,
      normalize=False, positive=False, precompute=False, random_state=None,
      selection='cyclic', tol=0.0001, warm_start=False)",9.592244897959183,100000.0,,,,,,"{'model': Lasso(alpha=1.0, copy_X=True, fit_intercept=True, max_iter=1000,
      normalize=False, positive=False, precompute=False, random_state=None,
      selection='cyclic', tol=0.0001, warm_start=False), 'model__alpha': 9.592244897959183, 'model__max_iter': 100000.0}",-45.519004245448016,-18.141520790589244,-37.97678979078923,-102.21015708333253,-50.961867977539754,31.232192313641036,1075
99,0.0043027400970458984,0.0008651578032069484,0.0013699531555175781,0.00024028092437917642,"Lasso(alpha=1.0, copy_X=True, fit_intercept=True, max_iter=1000,
      normalize=False, positive=False, precompute=False, random_state=None,
      selection='cyclic', tol=0.0001, warm_start=False)",9.796122448979592,100000.0,,,,,,"{'model': Lasso(alpha=1.0, copy_X=True, fit_intercept=True, max_iter=1000,
      normalize=False, positive=False, precompute=False, random_state=None,
      selection='cyclic', tol=0.0001, warm_start=False), 'model__alpha': 9.796122448979592, 'model__max_iter': 100000.0}",-45.519004245448016,-18.141520790589244,-37.97678979078923,-102.21015708333253,-50.961867977539754,31.232192313641036,1075
100,0.004581034183502197,0.000318654006890425,0.001429915428161621,0.00022402070921092985,"Lasso(alpha=1.0, copy_X=True, fit_intercept=True, max_iter=1000,
      normalize=False, positive=False, precompute=False, random_state=None,
      selection='cyclic', tol=0.0001, warm_start=False)",10.0,100000.0,,,,,,"{'model': Lasso(alpha=1.0, copy_X=True, fit_intercept=True, max_iter=1000,
      normalize=False, positive=False, precompute=False, random_state=None,
      selection='cyclic', tol=0.0001, warm_start=False), 'model__alpha': 10.0, 'model__max_iter': 100000.0}",-45.519004245448016,-18.141520790589244,-37.97678979078923,-102.21015708333253,-50.961867977539754,31.232192313641036,1075
101,0.005610644817352295,0.00021658070066854943,0.0015673637390136719,7.427417990419967e-06,"ElasticNet(alpha=1.0, copy_X=True, fit_intercept=True, l1_ratio=0.5,
           max_iter=1000, normalize=False, positive=False, precompute=False,
           random_state=None, selection='cyclic', tol=0.0001, warm_start=False)",0.01,100000.0,0.05,,,,,"{'model': ElasticNet(alpha=1.0, copy_X=True, fit_intercept=True, l1_ratio=0.5,
           max_iter=1000, normalize=False, positive=False, precompute=False,
           random_state=None, selection='cyclic', tol=0.0001, warm_start=False), 'model__alpha': 0.01, 'model__l1_ratio': 0.05, 'model__max_iter': 100000.0}",-7.659470497748468,-2.0001818929274733,-2.855653203560887,-12.437571681049553,-6.238219318821596,4.178954395900115,54
102,0.005090892314910889,0.0005084642304021745,0.0013431906700134277,0.0002406973640591201,"ElasticNet(alpha=1.0, copy_X=True, fit_intercept=True, l1_ratio=0.5,
           max_iter=1000, normalize=False, positive=False, precompute=False,
           random_state=None, selection='cyclic', tol=0.0001, warm_start=False)",0.01,100000.0,0.1,,,,,"{'model': ElasticNet(alpha=1.0, copy_X=True, fit_intercept=True, l1_ratio=0.5,
           max_iter=1000, normalize=False, positive=False, precompute=False,
           random_state=None, selection='cyclic', tol=0.0001, warm_start=False), 'model__alpha': 0.01, 'model__l1_ratio': 0.1, 'model__max_iter': 100000.0}",-7.619248865516838,-1.99480190044044,-2.8445103933589717,-12.428352250293837,-6.221728352402522,4.175755984478557,52
103,0.0050920844078063965,0.0002653422790557937,0.0015393495559692383,0.00025099251931903256,"ElasticNet(alpha=1.0, copy_X=True, fit_intercept=True, l1_ratio=0.5,
           max_iter=1000, normalize=False, positive=False, precompute=False,
           random_state=None, selection='cyclic', tol=0.0001, warm_start=False)",0.01,100000.0,0.15,,,,,"{'model': ElasticNet(alpha=1.0, copy_X=True, fit_intercept=True, l1_ratio=0.5,
           max_iter=1000, normalize=False, positive=False, precompute=False,
           random_state=None, selection='cyclic', tol=0.0001, warm_start=False), 'model__alpha': 0.01, 'model__l1_ratio': 0.15, 'model__max_iter': 100000.0}",-7.5813770800334,-1.9895396714792732,-2.8308583936742795,-12.409495653446719,-6.202817699658418,4.169685194688316,51
104,0.004583835601806641,0.0005469233082707854,0.0014206767082214355,0.0001397740357927645,"ElasticNet(alpha=1.0, copy_X=True, fit_intercept=True, l1_ratio=0.5,
           max_iter=1000, normalize=False, positive=False, precompute=False,
           random_state=None, selection='cyclic', tol=0.0001, warm_start=False)",0.01,100000.0,0.2,,,,,"{'model': ElasticNet(alpha=1.0, copy_X=True, fit_intercept=True, l1_ratio=0.5,
           max_iter=1000, normalize=False, positive=False, precompute=False,
           random_state=None, selection='cyclic', tol=0.0001, warm_start=False), 'model__alpha': 0.01, 'model__l1_ratio': 0.2, 'model__max_iter': 100000.0}",-7.540521604550156,-1.9843351946757066,-2.817851075208721,-12.390769489131413,-6.183369340891499,4.163300368243124,48
105,0.005363941192626953,0.0005372089093441348,0.0013692975044250488,0.000241085949124014,"ElasticNet(alpha=1.0, copy_X=True, fit_intercept=True, l1_ratio=0.5,
           max_iter=1000, normalize=False, positive=False, precompute=False,
           random_state=None, selection='cyclic', tol=0.0001, warm_start=False)",0.01,100000.0,0.25,,,,,"{'model': ElasticNet(alpha=1.0, copy_X=True, fit_intercept=True, l1_ratio=0.5,
           max_iter=1000, normalize=False, positive=False, precompute=False,
           random_state=None, selection='cyclic', tol=0.0001, warm_start=False), 'model__alpha': 0.01, 'model__l1_ratio': 0.25, 'model__max_iter': 100000.0}",-7.495208401550274,-1.9792468904151794,-2.805021903601483,-12.374531437271289,-6.163502158209557,4.1574543891235916,46
106,0.004341781139373779,0.00085660453323961,0.001320958137512207,0.0002791068305170946,"ElasticNet(alpha=1.0, copy_X=True, fit_intercept=True, l1_ratio=0.5,
           max_iter=1000, normalize=False, positive=False, precompute=False,
           random_state=None, selection='cyclic', tol=0.0001, warm_start=False)",0.01,100000.0,0.3,,,,,"{'model': ElasticNet(alpha=1.0, copy_X=True, fit_intercept=True, l1_ratio=0.5,
           max_iter=1000, normalize=False, positive=False, precompute=False,
           random_state=None, selection='cyclic', tol=0.0001, warm_start=False), 'model__alpha': 0.01, 'model__l1_ratio': 0.3, 'model__max_iter': 100000.0}",-7.447032644376422,-1.9744262310262293,-2.790986450420627,-12.361543398673176,-6.143497181124113,4.152823866177227,45
107,0.0052277445793151855,0.0002681092122445103,0.0015922188758850098,9.765887731295229e-05,"ElasticNet(alpha=1.0, copy_X=True, fit_intercept=True, l1_ratio=0.5,
           max_iter=1000, normalize=False, positive=False, precompute=False,
           random_state=None, selection='cyclic', tol=0.0001, warm_start=False)",0.01,100000.0,0.35,,,,,"{'model': ElasticNet(alpha=1.0, copy_X=True, fit_intercept=True, l1_ratio=0.5,
           max_iter=1000, normalize=False, positive=False, precompute=False,
           random_state=None, selection='cyclic', tol=0.0001, warm_start=False), 'model__alpha': 0.01, 'model__l1_ratio': 0.35, 'model__max_iter': 100000.0}",-7.39703189676463,-1.9699349990629784,-2.7765182900814893,-12.351988398931734,-6.123868396210208,4.149407773055663,44
108,0.004817008972167969,0.00019508657599591218,0.0013616681098937988,0.0002546642679488868,"ElasticNet(alpha=1.0, copy_X=True, fit_intercept=True, l1_ratio=0.5,
           max_iter=1000, normalize=False, positive=False, precompute=False,
           random_state=None, selection='cyclic', tol=0.0001, warm_start=False)",0.01,100000.0,0.39999999999999997,,,,,"{'model': ElasticNet(alpha=1.0, copy_X=True, fit_intercept=True, l1_ratio=0.5,
           max_iter=1000, normalize=False, positive=False, precompute=False,
           random_state=None, selection='cyclic', tol=0.0001, warm_start=False), 'model__alpha': 0.01, 'model__l1_ratio': 0.39999999999999997, 'model__max_iter': 100000.0}",-7.345357499520579,-1.9658206269585046,-2.764584791042663,-12.344765542026666,-6.105132114887104,4.146213342518345,42
109,0.005747854709625244,0.0008206381411093158,0.001599729061126709,8.630577617131444e-05,"ElasticNet(alpha=1.0, copy_X=True, fit_intercept=True, l1_ratio=0.5,
           max_iter=1000, normalize=False, positive=False, precompute=False,
           random_state=None, selection='cyclic', tol=0.0001, warm_start=False)",0.01,100000.0,0.44999999999999996,,,,,"{'model': ElasticNet(alpha=1.0, copy_X=True, fit_intercept=True, l1_ratio=0.5,
           max_iter=1000, normalize=False, positive=False, precompute=False,
           random_state=None, selection='cyclic', tol=0.0001, warm_start=False), 'model__alpha': 0.01, 'model__l1_ratio': 0.44999999999999996, 'model__max_iter': 100000.0}",-7.291971667862569,-1.9625952003064353,-2.757888902631615,-12.340388436533702,-6.08821105183358,4.1427802694053,39
110,0.00542062520980835,0.00081172078823326,0.0015282630920410156,5.845802833472479e-05,"ElasticNet(alpha=1.0, copy_X=True, fit_intercept=True, l1_ratio=0.5,
           max_iter=1000, normalize=False, positive=False, precompute=False,
           random_state=None, selection='cyclic', tol=0.0001, warm_start=False)",0.01,100000.0,0.49999999999999994,,,,,"{'model': ElasticNet(alpha=1.0, copy_X=True, fit_intercept=True, l1_ratio=0.5,
           max_iter=1000, normalize=False, positive=False, precompute=False,
           random_state=None, selection='cyclic', tol=0.0001, warm_start=False), 'model__alpha': 0.01, 'model__l1_ratio': 0.49999999999999994, 'model__max_iter': 100000.0}",-7.237045646481689,-1.9616919976561902,-2.7514355676919684,-12.339593702411692,-6.072441728560385,4.140073713704892,37
111,0.0054708123207092285,0.0005012710900835353,0.0015457868576049805,3.112914987876973e-05,"ElasticNet(alpha=1.0, copy_X=True, fit_intercept=True, l1_ratio=0.5,
           max_iter=1000, normalize=False, positive=False, precompute=False,
           random_state=None, selection='cyclic', tol=0.0001, warm_start=False)",0.01,100000.0,0.5499999999999999,,,,,"{'model': ElasticNet(alpha=1.0, copy_X=True, fit_intercept=True, l1_ratio=0.5,
           max_iter=1000, normalize=False, positive=False, precompute=False,
           random_state=None, selection='cyclic', tol=0.0001, warm_start=False), 'model__alpha': 0.01, 'model__l1_ratio': 0.5499999999999999, 'model__max_iter': 100000.0}",-7.180578177500315,-1.9616768800107258,-2.7451070929575483,-12.282261240999244,-6.042405847866958,4.115694338971652,33
112,0.00521242618560791,0.0004630487943637113,0.0015600323677062988,0.00012549498573368438,"ElasticNet(alpha=1.0, copy_X=True, fit_intercept=True, l1_ratio=0.5,
           max_iter=1000, normalize=False, positive=False, precompute=False,
           random_state=None, selection='cyclic', tol=0.0001, warm_start=False)",0.01,100000.0,0.6,,,,,"{'model': ElasticNet(alpha=1.0, copy_X=True, fit_intercept=True, l1_ratio=0.5,
           max_iter=1000, normalize=False, positive=False, precompute=False,
           random_state=None, selection='cyclic', tol=0.0001, warm_start=False), 'model__alpha': 0.01, 'model__l1_ratio': 0.6, 'model__max_iter': 100000.0}",-7.121370022514651,-1.9626866978004265,-2.7389434532371997,-12.150765016475987,-5.993441297507066,4.062745298756986,18
113,0.0047762393951416016,0.0009209727510930072,0.0014171600341796875,0.0003212269886436481,"ElasticNet(alpha=1.0, copy_X=True, fit_intercept=True, l1_ratio=0.5,
           max_iter=1000, normalize=False, positive=False, precompute=False,
           random_state=None, selection='cyclic', tol=0.0001, warm_start=False)",0.01,100000.0,0.65,,,,,"{'model': ElasticNet(alpha=1.0, copy_X=True, fit_intercept=True, l1_ratio=0.5,
           max_iter=1000, normalize=False, positive=False, precompute=False,
           random_state=None, selection='cyclic', tol=0.0001, warm_start=False), 'model__alpha': 0.01, 'model__l1_ratio': 0.65, 'model__max_iter': 100000.0}",-7.049429894344681,-1.9649373761562892,-2.7330022159842238,-12.01545090651876,-5.940705098250988,4.007115361126144,16
114,0.00557553768157959,0.0009231024659795246,0.0015066862106323242,5.720468641495827e-05,"ElasticNet(alpha=1.0, copy_X=True, fit_intercept=True, l1_ratio=0.5,
           max_iter=1000, normalize=False, positive=False, precompute=False,
           random_state=None, selection='cyclic', tol=0.0001, warm_start=False)",0.01,100000.0,0.7,,,,,"{'model': ElasticNet(alpha=1.0, copy_X=True, fit_intercept=True, l1_ratio=0.5,
           max_iter=1000, normalize=False, positive=False, precompute=False,
           random_state=None, selection='cyclic', tol=0.0001, warm_start=False), 'model__alpha': 0.01, 'model__l1_ratio': 0.7, 'model__max_iter': 100000.0}",-6.975010897205025,-1.9686274629430274,-2.7212756401824914,-11.948122750257141,-5.903259187646921,3.9779194726293197,15
115,0.005690395832061768,0.0009271523838270016,0.001497030258178711,0.0002482488733120067,"ElasticNet(alpha=1.0, copy_X=True, fit_intercept=True, l1_ratio=0.5,
           max_iter=1000, normalize=False, positive=False, precompute=False,
           random_state=None, selection='cyclic', tol=0.0001, warm_start=False)",0.01,100000.0,0.75,,,,,"{'model': ElasticNet(alpha=1.0, copy_X=True, fit_intercept=True, l1_ratio=0.5,
           max_iter=1000, normalize=False, positive=False, precompute=False,
           random_state=None, selection='cyclic', tol=0.0001, warm_start=False), 'model__alpha': 0.01, 'model__l1_ratio': 0.75, 'model__max_iter': 100000.0}",-6.897359215673045,-1.9740840934466861,-2.7172846974747578,-11.92385155843037,-5.878144891256214,3.9630195186951767,14
116,0.005232751369476318,0.00036933521185877373,0.0015425682067871094,8.356562694703047e-05,"ElasticNet(alpha=1.0, copy_X=True, fit_intercept=True, l1_ratio=0.5,
           max_iter=1000, normalize=False, positive=False, precompute=False,
           random_state=None, selection='cyclic', tol=0.0001, warm_start=False)",0.01,100000.0,0.7999999999999999,,,,,"{'model': ElasticNet(alpha=1.0, copy_X=True, fit_intercept=True, l1_ratio=0.5,
           max_iter=1000, normalize=False, positive=False, precompute=False,
           random_state=None, selection='cyclic', tol=0.0001, warm_start=False), 'model__alpha': 0.01, 'model__l1_ratio': 0.7999999999999999, 'model__max_iter': 100000.0}",-6.820932594141001,-1.981665769399567,-2.7253285029667897,-11.900268129281587,-5.857048748947236,3.9457520665624,13
117,0.005286514759063721,0.0003141147531592338,0.0015652775764465332,3.809343059924826e-05,"ElasticNet(alpha=1.0, copy_X=True, fit_intercept=True, l1_ratio=0.5,
           max_iter=1000, normalize=False, positive=False, precompute=False,
           random_state=None, selection='cyclic', tol=0.0001, warm_start=False)",0.01,100000.0,0.85,,,,,"{'model': ElasticNet(alpha=1.0, copy_X=True, fit_intercept=True, l1_ratio=0.5,
           max_iter=1000, normalize=False, positive=False, precompute=False,
           random_state=None, selection='cyclic', tol=0.0001, warm_start=False), 'model__alpha': 0.01, 'model__l1_ratio': 0.85, 'model__max_iter': 100000.0}",-6.752310808160603,-1.9917751903037317,-2.735308429641189,-11.899312257807741,-5.844676671478316,3.9368589159474676,10
118,0.0051724910736083984,0.00035388999841316223,0.0015341639518737793,5.6073083432150494e-05,"ElasticNet(alpha=1.0, copy_X=True, fit_intercept=True, l1_ratio=0.5,
           max_iter=1000, normalize=False, positive=False, precompute=False,
           random_state=None, selection='cyclic', tol=0.0001, warm_start=False)",0.01,100000.0,0.9,,,,,"{'model': ElasticNet(alpha=1.0, copy_X=True, fit_intercept=True, l1_ratio=0.5,
           max_iter=1000, normalize=False, positive=False, precompute=False,
           random_state=None, selection='cyclic', tol=0.0001, warm_start=False), 'model__alpha': 0.01, 'model__l1_ratio': 0.9, 'model__max_iter': 100000.0}",-6.685298286559913,-2.0049786807589607,-2.747559700396559,-11.92718239516323,-5.841254765719666,3.9382384365710688,8
119,0.005359828472137451,0.0005205280794710751,0.0015721321105957031,0.00012101193280037981,"ElasticNet(alpha=1.0, copy_X=True, fit_intercept=True, l1_ratio=0.5,
           max_iter=1000, normalize=False, positive=False, precompute=False,
           random_state=None, selection='cyclic', tol=0.0001, warm_start=False)",0.01,100000.0,0.95,,,,,"{'model': ElasticNet(alpha=1.0, copy_X=True, fit_intercept=True, l1_ratio=0.5,
           max_iter=1000, normalize=False, positive=False, precompute=False,
           random_state=None, selection='cyclic', tol=0.0001, warm_start=False), 'model__alpha': 0.01, 'model__l1_ratio': 0.95, 'model__max_iter': 100000.0}",-6.621771580636329,-2.0219461789842104,-2.762466389427271,-11.972074593143565,-5.844564685547844,3.945319073887717,9
120,0.005267024040222168,0.0001883808923581613,0.0013747811317443848,0.0002287908198644271,"ElasticNet(alpha=1.0, copy_X=True, fit_intercept=True, l1_ratio=0.5,
           max_iter=1000, normalize=False, positive=False, precompute=False,
           random_state=None, selection='cyclic', tol=0.0001, warm_start=False)",0.01,100000.0,1.0,,,,,"{'model': ElasticNet(alpha=1.0, copy_X=True, fit_intercept=True, l1_ratio=0.5,
           max_iter=1000, normalize=False, positive=False, precompute=False,
           random_state=None, selection='cyclic', tol=0.0001, warm_start=False), 'model__alpha': 0.01, 'model__l1_ratio': 1.0, 'model__max_iter': 100000.0}",-6.5648012569815135,-2.042919064414326,-2.780521997339988,-12.039637812182352,-5.856970032729545,3.9603637211899008,11
121,0.004869043827056885,0.0001727345793551971,0.0015314817428588867,7.245816768092239e-05,"ElasticNet(alpha=1.0, copy_X=True, fit_intercept=True, l1_ratio=0.5,
           max_iter=1000, normalize=False, positive=False, precompute=False,
           random_state=None, selection='cyclic', tol=0.0001, warm_start=False)",0.21387755102040817,100000.0,0.05,,,,,"{'model': ElasticNet(alpha=1.0, copy_X=True, fit_intercept=True, l1_ratio=0.5,
           max_iter=1000, normalize=False, positive=False, precompute=False,
           random_state=None, selection='cyclic', tol=0.0001, warm_start=False), 'model__alpha': 0.21387755102040817, 'model__l1_ratio': 0.05, 'model__max_iter': 100000.0}",-9.133496515414533,-2.5998231202294133,-4.305137546673051,-10.865107190917058,-6.725891093308514,3.384307847377114,130
122,0.00507962703704834,0.0005475705712036285,0.0015603303909301758,8.55275768999488e-05,"ElasticNet(alpha=1.0, copy_X=True, fit_intercept=True, l1_ratio=0.5,
           max_iter=1000, normalize=False, positive=False, precompute=False,
           random_state=None, selection='cyclic', tol=0.0001, warm_start=False)",0.21387755102040817,100000.0,0.1,,,,,"{'model': ElasticNet(alpha=1.0, copy_X=True, fit_intercept=True, l1_ratio=0.5,
           max_iter=1000, normalize=False, positive=False, precompute=False,
           random_state=None, selection='cyclic', tol=0.0001, warm_start=False), 'model__alpha': 0.21387755102040817, 'model__l1_ratio': 0.1, 'model__max_iter': 100000.0}",-9.067989482890003,-2.5983859188459446,-4.279922493389511,-10.887295621574347,-6.708398379174952,3.384543909124447,128
123,0.005141854286193848,0.00042624122903787314,0.0014540553092956543,0.000284035457862237,"ElasticNet(alpha=1.0, copy_X=True, fit_intercept=True, l1_ratio=0.5,
           max_iter=1000, normalize=False, positive=False, precompute=False,
           random_state=None, selection='cyclic', tol=0.0001, warm_start=False)",0.21387755102040817,100000.0,0.15,,,,,"{'model': ElasticNet(alpha=1.0, copy_X=True, fit_intercept=True, l1_ratio=0.5,
           max_iter=1000, normalize=False, positive=False, precompute=False,
           random_state=None, selection='cyclic', tol=0.0001, warm_start=False), 'model__alpha': 0.21387755102040817, 'model__l1_ratio': 0.15, 'model__max_iter': 100000.0}",-9.026675906082167,-2.5967704037277484,-4.25266506760838,-10.911054872756088,-6.696791562543595,3.3901439544675407,127
124,0.004688560962677002,0.0010245785296060896,0.001505434513092041,0.00035588305235959055,"ElasticNet(alpha=1.0, copy_X=True, fit_intercept=True, l1_ratio=0.5,
           max_iter=1000, normalize=False, positive=False, precompute=False,
           random_state=None, selection='cyclic', tol=0.0001, warm_start=False)",0.21387755102040817,100000.0,0.2,,,,,"{'model': ElasticNet(alpha=1.0, copy_X=True, fit_intercept=True, l1_ratio=0.5,
           max_iter=1000, normalize=False, positive=False, precompute=False,
           random_state=None, selection='cyclic', tol=0.0001, warm_start=False), 'model__alpha': 0.21387755102040817, 'model__l1_ratio': 0.2, 'model__max_iter': 100000.0}",-9.02185583894066,-2.596432649770878,-4.2245900478710485,-10.936531757912048,-6.694852573623659,3.402426682442713,126
125,0.005326449871063232,0.0007087868859055367,0.0015630722045898438,2.7570611504211422e-05,"ElasticNet(alpha=1.0, copy_X=True, fit_intercept=True, l1_ratio=0.5,
           max_iter=1000, normalize=False, positive=False, precompute=False,
           random_state=None, selection='cyclic', tol=0.0001, warm_start=False)",0.21387755102040817,100000.0,0.25,,,,,"{'model': ElasticNet(alpha=1.0, copy_X=True, fit_intercept=True, l1_ratio=0.5,
           max_iter=1000, normalize=False, positive=False, precompute=False,
           random_state=None, selection='cyclic', tol=0.0001, warm_start=False), 'model__alpha': 0.21387755102040817, 'model__l1_ratio': 0.25, 'model__max_iter': 100000.0}",-9.016944398577145,-2.597529647892119,-4.193899983251158,-11.026287242661152,-6.7086653180953935,3.4349487836441086,129
126,0.005450725555419922,0.0007130008160887096,0.001315772533416748,0.0003590994747029315,"ElasticNet(alpha=1.0, copy_X=True, fit_intercept=True, l1_ratio=0.5,
           max_iter=1000, normalize=False, positive=False, precompute=False,
           random_state=None, selection='cyclic', tol=0.0001, warm_start=False)",0.21387755102040817,100000.0,0.3,,,,,"{'model': ElasticNet(alpha=1.0, copy_X=True, fit_intercept=True, l1_ratio=0.5,
           max_iter=1000, normalize=False, positive=False, precompute=False,
           random_state=None, selection='cyclic', tol=0.0001, warm_start=False), 'model__alpha': 0.21387755102040817, 'model__l1_ratio': 0.3, 'model__max_iter': 100000.0}",-9.01012635623943,-2.598843646423269,-4.160964702514752,-11.165640478377952,-6.733893795888851,3.4835404829239285,131
127,0.004636406898498535,0.0009114616068500803,0.0012568235397338867,0.0003925122402388746,"ElasticNet(alpha=1.0, copy_X=True, fit_intercept=True, l1_ratio=0.5,
           max_iter=1000, normalize=False, positive=False, precompute=False,
           random_state=None, selection='cyclic', tol=0.0001, warm_start=False)",0.21387755102040817,100000.0,0.35,,,,,"{'model': ElasticNet(alpha=1.0, copy_X=True, fit_intercept=True, l1_ratio=0.5,
           max_iter=1000, normalize=False, positive=False, precompute=False,
           random_state=None, selection='cyclic', tol=0.0001, warm_start=False), 'model__alpha': 0.21387755102040817, 'model__l1_ratio': 0.35, 'model__max_iter': 100000.0}",-9.00176447202728,-2.5988563909643645,-4.125711113968576,-11.315906516626272,-6.760559623396623,3.536820074362523,132
128,0.005954444408416748,0.0019963584716714416,0.0018745064735412598,0.0009094970129929024,"ElasticNet(alpha=1.0, copy_X=True, fit_intercept=True, l1_ratio=0.5,
           max_iter=1000, normalize=False, positive=False, precompute=False,
           random_state=None, selection='cyclic', tol=0.0001, warm_start=False)",0.21387755102040817,100000.0,0.39999999999999997,,,,,"{'model': ElasticNet(alpha=1.0, copy_X=True, fit_intercept=True, l1_ratio=0.5,
           max_iter=1000, normalize=False, positive=False, precompute=False,
           random_state=None, selection='cyclic', tol=0.0001, warm_start=False), 'model__alpha': 0.21387755102040817, 'model__l1_ratio': 0.39999999999999997, 'model__max_iter': 100000.0}",-8.976936605318834,-2.6005252881873875,-4.088008074539045,-11.471223744168508,-6.784173428053443,3.5898771005795407,134
129,0.005274176597595215,0.0008851155206190776,0.001730203628540039,0.0006551803936663825,"ElasticNet(alpha=1.0, copy_X=True, fit_intercept=True, l1_ratio=0.5,
           max_iter=1000, normalize=False, positive=False, precompute=False,
           random_state=None, selection='cyclic', tol=0.0001, warm_start=False)",0.21387755102040817,100000.0,0.44999999999999996,,,,,"{'model': ElasticNet(alpha=1.0, copy_X=True, fit_intercept=True, l1_ratio=0.5,
           max_iter=1000, normalize=False, positive=False, precompute=False,
           random_state=None, selection='cyclic', tol=0.0001, warm_start=False), 'model__alpha': 0.21387755102040817, 'model__l1_ratio': 0.44999999999999996, 'model__max_iter': 100000.0}",-8.946410212380524,-2.604484605373185,-4.0473336171149175,-11.646428761924,-6.811164299198157,3.6494510415926085,136
130,0.005156159400939941,0.00031853848657989816,0.0015544295310974121,0.00019159631911374938,"ElasticNet(alpha=1.0, copy_X=True, fit_intercept=True, l1_ratio=0.5,
           max_iter=1000, normalize=False, positive=False, precompute=False,
           random_state=None, selection='cyclic', tol=0.0001, warm_start=False)",0.21387755102040817,100000.0,0.49999999999999994,,,,,"{'model': ElasticNet(alpha=1.0, copy_X=True, fit_intercept=True, l1_ratio=0.5,
           max_iter=1000, normalize=False, positive=False, precompute=False,
           random_state=None, selection='cyclic', tol=0.0001, warm_start=False), 'model__alpha': 0.21387755102040817, 'model__l1_ratio': 0.49999999999999994, 'model__max_iter': 100000.0}",-8.916014588884737,-2.6073031151451644,-4.003561707816264,-11.84606743385895,-6.843236711426279,3.7192610463917424,139
131,0.006074249744415283,0.0017156881609786487,0.0016735196113586426,0.00021001208333719002,"ElasticNet(alpha=1.0, copy_X=True, fit_intercept=True, l1_ratio=0.5,
           max_iter=1000, normalize=False, positive=False, precompute=False,
           random_state=None, selection='cyclic', tol=0.0001, warm_start=False)",0.21387755102040817,100000.0,0.5499999999999999,,,,,"{'model': ElasticNet(alpha=1.0, copy_X=True, fit_intercept=True, l1_ratio=0.5,
           max_iter=1000, normalize=False, positive=False, precompute=False,
           random_state=None, selection='cyclic', tol=0.0001, warm_start=False), 'model__alpha': 0.21387755102040817, 'model__l1_ratio': 0.5499999999999999, 'model__max_iter': 100000.0}",-8.88632578484025,-2.606177212973642,-3.956640490084378,-12.076499832597385,-6.881410830123914,3.8026483449844792,141
132,0.004922926425933838,0.00042889899999337216,0.0015224814414978027,6.567801702322386e-05,"ElasticNet(alpha=1.0, copy_X=True, fit_intercept=True, l1_ratio=0.5,
           max_iter=1000, normalize=False, positive=False, precompute=False,
           random_state=None, selection='cyclic', tol=0.0001, warm_start=False)",0.21387755102040817,100000.0,0.6,,,,,"{'model': ElasticNet(alpha=1.0, copy_X=True, fit_intercept=True, l1_ratio=0.5,
           max_iter=1000, normalize=False, positive=False, precompute=False,
           random_state=None, selection='cyclic', tol=0.0001, warm_start=False), 'model__alpha': 0.21387755102040817, 'model__l1_ratio': 0.6, 'model__max_iter': 100000.0}",-8.85865081246245,-2.607801939520404,-3.906439330114729,-12.320961976697166,-6.923463514698687,3.8924705935477846,144
133,0.004656314849853516,0.0009379841880012684,0.0013294816017150879,0.00029683694177899434,"ElasticNet(alpha=1.0, copy_X=True, fit_intercept=True, l1_ratio=0.5,
           max_iter=1000, normalize=False, positive=False, precompute=False,
           random_state=None, selection='cyclic', tol=0.0001, warm_start=False)",0.21387755102040817,100000.0,0.65,,,,,"{'model': ElasticNet(alpha=1.0, copy_X=True, fit_intercept=True, l1_ratio=0.5,
           max_iter=1000, normalize=False, positive=False, precompute=False,
           random_state=None, selection='cyclic', tol=0.0001, warm_start=False), 'model__alpha': 0.21387755102040817, 'model__l1_ratio': 0.65, 'model__max_iter': 100000.0}",-8.834938826186775,-2.612044716568376,-3.860448591522639,-12.553698046764572,-6.965282545260591,3.978588817020982,146
134,0.005124211311340332,5.495599965743782e-05,0.0015918612480163574,4.1165152954903303e-05,"ElasticNet(alpha=1.0, copy_X=True, fit_intercept=True, l1_ratio=0.5,
           max_iter=1000, normalize=False, positive=False, precompute=False,
           random_state=None, selection='cyclic', tol=0.0001, warm_start=False)",0.21387755102040817,100000.0,0.7,,,,,"{'model': ElasticNet(alpha=1.0, copy_X=True, fit_intercept=True, l1_ratio=0.5,
           max_iter=1000, normalize=False, positive=False, precompute=False,
           random_state=None, selection='cyclic', tol=0.0001, warm_start=False), 'model__alpha': 0.21387755102040817, 'model__l1_ratio': 0.7, 'model__max_iter': 100000.0}",-8.818889219772242,-2.61448867154829,-3.8128571356575716,-12.822243943870271,-7.017119742712094,4.080327788397727,148
135,0.0044588446617126465,0.0008147744054479055,0.0014408230781555176,0.00033667516215165694,"ElasticNet(alpha=1.0, copy_X=True, fit_intercept=True, l1_ratio=0.5,
           max_iter=1000, normalize=False, positive=False, precompute=False,
           random_state=None, selection='cyclic', tol=0.0001, warm_start=False)",0.21387755102040817,100000.0,0.75,,,,,"{'model': ElasticNet(alpha=1.0, copy_X=True, fit_intercept=True, l1_ratio=0.5,
           max_iter=1000, normalize=False, positive=False, precompute=False,
           random_state=None, selection='cyclic', tol=0.0001, warm_start=False), 'model__alpha': 0.21387755102040817, 'model__l1_ratio': 0.75, 'model__max_iter': 100000.0}",-8.817144193389888,-2.6218271691008534,-3.763744376072301,-13.347838433296724,-7.137638542964941,4.276769695734114,150
136,0.005216240882873535,0.0008796672860958925,0.0014829039573669434,0.00013579768222034285,"ElasticNet(alpha=1.0, copy_X=True, fit_intercept=True, l1_ratio=0.5,
           max_iter=1000, normalize=False, positive=False, precompute=False,
           random_state=None, selection='cyclic', tol=0.0001, warm_start=False)",0.21387755102040817,100000.0,0.7999999999999999,,,,,"{'model': ElasticNet(alpha=1.0, copy_X=True, fit_intercept=True, l1_ratio=0.5,
           max_iter=1000, normalize=False, positive=False, precompute=False,
           random_state=None, selection='cyclic', tol=0.0001, warm_start=False), 'model__alpha': 0.21387755102040817, 'model__l1_ratio': 0.7999999999999999, 'model__max_iter': 100000.0}",-8.819213976014192,-2.637912545685138,-3.713693848926532,-13.871957615873136,-7.260694496624749,4.474625949738002,152
137,0.0049034953117370605,0.0010073786691463507,0.0013193488121032715,0.0003520758073809485,"ElasticNet(alpha=1.0, copy_X=True, fit_intercept=True, l1_ratio=0.5,
           max_iter=1000, normalize=False, positive=False, precompute=False,
           random_state=None, selection='cyclic', tol=0.0001, warm_start=False)",0.21387755102040817,100000.0,0.85,,,,,"{'model': ElasticNet(alpha=1.0, copy_X=True, fit_intercept=True, l1_ratio=0.5,
           max_iter=1000, normalize=False, positive=False, precompute=False,
           random_state=None, selection='cyclic', tol=0.0001, warm_start=False), 'model__alpha': 0.21387755102040817, 'model__l1_ratio': 0.85, 'model__max_iter': 100000.0}",-8.84950485732681,-2.6677368872808027,-3.6695452744419588,-14.546945090071944,-7.433433027280379,4.729852640677774,153
138,0.005237996578216553,0.000819784652707711,0.0013962388038635254,0.0002528153545109879,"ElasticNet(alpha=1.0, copy_X=True, fit_intercept=True, l1_ratio=0.5,
           max_iter=1000, normalize=False, positive=False, precompute=False,
           random_state=None, selection='cyclic', tol=0.0001, warm_start=False)",0.21387755102040817,100000.0,0.9,,,,,"{'model': ElasticNet(alpha=1.0, copy_X=True, fit_intercept=True, l1_ratio=0.5,
           max_iter=1000, normalize=False, positive=False, precompute=False,
           random_state=None, selection='cyclic', tol=0.0001, warm_start=False), 'model__alpha': 0.21387755102040817, 'model__l1_ratio': 0.9, 'model__max_iter': 100000.0}",-8.899578360154063,-2.700390201307429,-3.6375205600702705,-15.489357886588152,-7.681711752029979,5.089488776549229,156
139,0.005189001560211182,0.00036912849485973656,0.0016669631004333496,0.00026194240918988275,"ElasticNet(alpha=1.0, copy_X=True, fit_intercept=True, l1_ratio=0.5,
           max_iter=1000, normalize=False, positive=False, precompute=False,
           random_state=None, selection='cyclic', tol=0.0001, warm_start=False)",0.21387755102040817,100000.0,0.95,,,,,"{'model': ElasticNet(alpha=1.0, copy_X=True, fit_intercept=True, l1_ratio=0.5,
           max_iter=1000, normalize=False, positive=False, precompute=False,
           random_state=None, selection='cyclic', tol=0.0001, warm_start=False), 'model__alpha': 0.21387755102040817, 'model__l1_ratio': 0.95, 'model__max_iter': 100000.0}",-8.906581817315514,-2.7377875733100034,-3.637386094527892,-15.60960544865454,-7.722840233451987,5.126987303542339,160
140,0.005193650722503662,0.0012379680263036714,0.0013467669486999512,0.00048144449286435955,"ElasticNet(alpha=1.0, copy_X=True, fit_intercept=True, l1_ratio=0.5,
           max_iter=1000, normalize=False, positive=False, precompute=False,
           random_state=None, selection='cyclic', tol=0.0001, warm_start=False)",0.21387755102040817,100000.0,1.0,,,,,"{'model': ElasticNet(alpha=1.0, copy_X=True, fit_intercept=True, l1_ratio=0.5,
           max_iter=1000, normalize=False, positive=False, precompute=False,
           random_state=None, selection='cyclic', tol=0.0001, warm_start=False), 'model__alpha': 0.21387755102040817, 'model__l1_ratio': 1.0, 'model__max_iter': 100000.0}",-8.911534309317451,-2.764935419223709,-3.677938038516262,-15.432412862596616,-7.6967051574135095,5.044547191641667,157
141,0.005208194255828857,0.0007575029785161773,0.0016133785247802734,0.00024250603698022135,"ElasticNet(alpha=1.0, copy_X=True, fit_intercept=True, l1_ratio=0.5,
           max_iter=1000, normalize=False, positive=False, precompute=False,
           random_state=None, selection='cyclic', tol=0.0001, warm_start=False)",0.41775510204081634,100000.0,0.05,,,,,"{'model': ElasticNet(alpha=1.0, copy_X=True, fit_intercept=True, l1_ratio=0.5,
           max_iter=1000, normalize=False, positive=False, precompute=False,
           random_state=None, selection='cyclic', tol=0.0001, warm_start=False), 'model__alpha': 0.41775510204081634, 'model__l1_ratio': 0.05, 'model__max_iter': 100000.0}",-10.193418919873672,-2.891827720414319,-5.218105632052262,-12.185734082126718,-7.6222715886167425,3.728039084613365,155
142,0.005110204219818115,0.0002902987485311969,0.0013204216957092285,0.00033969390926776315,"ElasticNet(alpha=1.0, copy_X=True, fit_intercept=True, l1_ratio=0.5,
           max_iter=1000, normalize=False, positive=False, precompute=False,
           random_state=None, selection='cyclic', tol=0.0001, warm_start=False)",0.41775510204081634,100000.0,0.1,,,,,"{'model': ElasticNet(alpha=1.0, copy_X=True, fit_intercept=True, l1_ratio=0.5,
           max_iter=1000, normalize=False, positive=False, precompute=False,
           random_state=None, selection='cyclic', tol=0.0001, warm_start=False), 'model__alpha': 0.41775510204081634, 'model__l1_ratio': 0.1, 'model__max_iter': 100000.0}",-10.253578442934277,-2.9101606240131077,-5.22682346145211,-12.475459676540588,-7.71650555123502,3.820466322720818,159
143,0.004722177982330322,0.0010987777836665143,0.0014109611511230469,0.0003276813363286802,"ElasticNet(alpha=1.0, copy_X=True, fit_intercept=True, l1_ratio=0.5,
           max_iter=1000, normalize=False, positive=False, precompute=False,
           random_state=None, selection='cyclic', tol=0.0001, warm_start=False)",0.41775510204081634,100000.0,0.15,,,,,"{'model': ElasticNet(alpha=1.0, copy_X=True, fit_intercept=True, l1_ratio=0.5,
           max_iter=1000, normalize=False, positive=False, precompute=False,
           random_state=None, selection='cyclic', tol=0.0001, warm_start=False), 'model__alpha': 0.41775510204081634, 'model__l1_ratio': 0.15, 'model__max_iter': 100000.0}",-10.305754766682968,-2.9296985950256103,-5.234171050088154,-12.796267791850083,-7.8164730509117035,3.922490513962679,162
144,0.004778683185577393,0.0002809159446607652,0.0015886425971984863,0.0001580253355785721,"ElasticNet(alpha=1.0, copy_X=True, fit_intercept=True, l1_ratio=0.5,
           max_iter=1000, normalize=False, positive=False, precompute=False,
           random_state=None, selection='cyclic', tol=0.0001, warm_start=False)",0.41775510204081634,100000.0,0.2,,,,,"{'model': ElasticNet(alpha=1.0, copy_X=True, fit_intercept=True, l1_ratio=0.5,
           max_iter=1000, normalize=False, positive=False, precompute=False,
           random_state=None, selection='cyclic', tol=0.0001, warm_start=False), 'model__alpha': 0.41775510204081634, 'model__l1_ratio': 0.2, 'model__max_iter': 100000.0}",-10.358828794053853,-2.950477881533882,-5.239606935249396,-13.11486553826862,-7.915944787276438,4.025391444812643,163
145,0.00543057918548584,0.0007814983802632769,0.0014563798904418945,0.00023213207782240325,"ElasticNet(alpha=1.0, copy_X=True, fit_intercept=True, l1_ratio=0.5,
           max_iter=1000, normalize=False, positive=False, precompute=False,
           random_state=None, selection='cyclic', tol=0.0001, warm_start=False)",0.41775510204081634,100000.0,0.25,,,,,"{'model': ElasticNet(alpha=1.0, copy_X=True, fit_intercept=True, l1_ratio=0.5,
           max_iter=1000, normalize=False, positive=False, precompute=False,
           random_state=None, selection='cyclic', tol=0.0001, warm_start=False), 'model__alpha': 0.41775510204081634, 'model__l1_ratio': 0.25, 'model__max_iter': 100000.0}",-10.416250967250111,-2.9725434205928627,-5.2428870103018195,-13.439607302170257,-8.017822175078763,4.132291056866925,164
146,0.004920661449432373,0.0007273409098067908,0.0014337897300720215,0.0001059782484854527,"ElasticNet(alpha=1.0, copy_X=True, fit_intercept=True, l1_ratio=0.5,
           max_iter=1000, normalize=False, positive=False, precompute=False,
           random_state=None, selection='cyclic', tol=0.0001, warm_start=False)",0.41775510204081634,100000.0,0.3,,,,,"{'model': ElasticNet(alpha=1.0, copy_X=True, fit_intercept=True, l1_ratio=0.5,
           max_iter=1000, normalize=False, positive=False, precompute=False,
           random_state=None, selection='cyclic', tol=0.0001, warm_start=False), 'model__alpha': 0.41775510204081634, 'model__l1_ratio': 0.3, 'model__max_iter': 100000.0}",-10.478406301984338,-2.995808732911679,-5.243168379640838,-13.797202142294585,-8.12864638920786,4.252231817620332,165
147,0.004880547523498535,0.00016542336835465108,0.0015835762023925781,5.4977845836256395e-05,"ElasticNet(alpha=1.0, copy_X=True, fit_intercept=True, l1_ratio=0.5,
           max_iter=1000, normalize=False, positive=False, precompute=False,
           random_state=None, selection='cyclic', tol=0.0001, warm_start=False)",0.41775510204081634,100000.0,0.35,,,,,"{'model': ElasticNet(alpha=1.0, copy_X=True, fit_intercept=True, l1_ratio=0.5,
           max_iter=1000, normalize=False, positive=False, precompute=False,
           random_state=None, selection='cyclic', tol=0.0001, warm_start=False), 'model__alpha': 0.41775510204081634, 'model__l1_ratio': 0.35, 'model__max_iter': 100000.0}",-10.543116152402828,-3.0208831593504786,-5.238961086266755,-14.147274415171417,-8.23755870329787,4.371659477417355,166
148,0.005149185657501221,0.0008423599572807814,0.001583099365234375,5.397614443976546e-05,"ElasticNet(alpha=1.0, copy_X=True, fit_intercept=True, l1_ratio=0.5,
           max_iter=1000, normalize=False, positive=False, precompute=False,
           random_state=None, selection='cyclic', tol=0.0001, warm_start=False)",0.41775510204081634,100000.0,0.39999999999999997,,,,,"{'model': ElasticNet(alpha=1.0, copy_X=True, fit_intercept=True, l1_ratio=0.5,
           max_iter=1000, normalize=False, positive=False, precompute=False,
           random_state=None, selection='cyclic', tol=0.0001, warm_start=False), 'model__alpha': 0.41775510204081634, 'model__l1_ratio': 0.39999999999999997, 'model__max_iter': 100000.0}",-10.596097217109788,-3.048770229913877,-5.232152224961358,-14.538145111834298,-8.35379119595483,4.5044990555199576,168
149,0.005201816558837891,0.001569415048627897,0.001264035701751709,0.00039245524510953206,"ElasticNet(alpha=1.0, copy_X=True, fit_intercept=True, l1_ratio=0.5,
           max_iter=1000, normalize=False, positive=False, precompute=False,
           random_state=None, selection='cyclic', tol=0.0001, warm_start=False)",0.41775510204081634,100000.0,0.44999999999999996,,,,,"{'model': ElasticNet(alpha=1.0, copy_X=True, fit_intercept=True, l1_ratio=0.5,
           max_iter=1000, normalize=False, positive=False, precompute=False,
           random_state=None, selection='cyclic', tol=0.0001, warm_start=False), 'model__alpha': 0.41775510204081634, 'model__l1_ratio': 0.44999999999999996, 'model__max_iter': 100000.0}",-10.652636292233854,-3.0799432914895903,-5.22233547831174,-14.975689152331366,-8.482651053591638,4.6553004333958174,170
150,0.004905641078948975,0.00029259076245203756,0.0017384886741638184,0.00034379749848863835,"ElasticNet(alpha=1.0, copy_X=True, fit_intercept=True, l1_ratio=0.5,
           max_iter=1000, normalize=False, positive=False, precompute=False,
           random_state=None, selection='cyclic', tol=0.0001, warm_start=False)",0.41775510204081634,100000.0,0.49999999999999994,,,,,"{'model': ElasticNet(alpha=1.0, copy_X=True, fit_intercept=True, l1_ratio=0.5,
           max_iter=1000, normalize=False, positive=False, precompute=False,
           random_state=None, selection='cyclic', tol=0.0001, warm_start=False), 'model__alpha': 0.41775510204081634, 'model__l1_ratio': 0.49999999999999994, 'model__max_iter': 100000.0}",-10.713193776960196,-3.1148365681045522,-5.208902279522147,-15.386403024149887,-8.605833912184195,4.798626872123985,172
151,0.004737794399261475,0.0009015845204924611,0.0016014575958251953,0.0004639034059562244,"ElasticNet(alpha=1.0, copy_X=True, fit_intercept=True, l1_ratio=0.5,
           max_iter=1000, normalize=False, positive=False, precompute=False,
           random_state=None, selection='cyclic', tol=0.0001, warm_start=False)",0.41775510204081634,100000.0,0.5499999999999999,,,,,"{'model': ElasticNet(alpha=1.0, copy_X=True, fit_intercept=True, l1_ratio=0.5,
           max_iter=1000, normalize=False, positive=False, precompute=False,
           random_state=None, selection='cyclic', tol=0.0001, warm_start=False), 'model__alpha': 0.41775510204081634, 'model__l1_ratio': 0.5499999999999999, 'model__max_iter': 100000.0}",-10.778400874060821,-3.154883392667471,-5.191643069158408,-15.785726041125214,-8.72766334425298,4.939157044066705,174
152,0.004874289035797119,0.00023588162202001673,0.00169295072555542,0.000575551989948587,"ElasticNet(alpha=1.0, copy_X=True, fit_intercept=True, l1_ratio=0.5,
           max_iter=1000, normalize=False, positive=False, precompute=False,
           random_state=None, selection='cyclic', tol=0.0001, warm_start=False)",0.41775510204081634,100000.0,0.6,,,,,"{'model': ElasticNet(alpha=1.0, copy_X=True, fit_intercept=True, l1_ratio=0.5,
           max_iter=1000, normalize=False, positive=False, precompute=False,
           random_state=None, selection='cyclic', tol=0.0001, warm_start=False), 'model__alpha': 0.41775510204081634, 'model__l1_ratio': 0.6, 'model__max_iter': 100000.0}",-10.849298012835602,-3.200877787716072,-5.169640572984983,-16.238494846040773,-8.864577804894358,5.100093770359895,177
153,0.0050577521324157715,0.00044222740218691285,0.0017185807228088379,0.00024869820004999447,"ElasticNet(alpha=1.0, copy_X=True, fit_intercept=True, l1_ratio=0.5,
           max_iter=1000, normalize=False, positive=False, precompute=False,
           random_state=None, selection='cyclic', tol=0.0001, warm_start=False)",0.41775510204081634,100000.0,0.65,,,,,"{'model': ElasticNet(alpha=1.0, copy_X=True, fit_intercept=True, l1_ratio=0.5,
           max_iter=1000, normalize=False, positive=False, precompute=False,
           random_state=None, selection='cyclic', tol=0.0001, warm_start=False), 'model__alpha': 0.41775510204081634, 'model__l1_ratio': 0.65, 'model__max_iter': 100000.0}",-10.912873856821369,-3.2414307491946386,-5.142486975496974,-16.76923736668869,-9.016507237050417,5.29293331355813,178
154,0.004511237144470215,0.0008929002186638598,0.00138777494430542,0.00041829486119826655,"ElasticNet(alpha=1.0, copy_X=True, fit_intercept=True, l1_ratio=0.5,
           max_iter=1000, normalize=False, positive=False, precompute=False,
           random_state=None, selection='cyclic', tol=0.0001, warm_start=False)",0.41775510204081634,100000.0,0.7,,,,,"{'model': ElasticNet(alpha=1.0, copy_X=True, fit_intercept=True, l1_ratio=0.5,
           max_iter=1000, normalize=False, positive=False, precompute=False,
           random_state=None, selection='cyclic', tol=0.0001, warm_start=False), 'model__alpha': 0.41775510204081634, 'model__l1_ratio': 0.7, 'model__max_iter': 100000.0}",-10.96285868075126,-3.275735512253839,-5.109920590602779,-17.406143323601558,-9.18866452680236,5.528869782783943,180
155,0.005007684230804443,0.0003548699922085118,0.0015367865562438965,8.988892274418796e-05,"ElasticNet(alpha=1.0, copy_X=True, fit_intercept=True, l1_ratio=0.5,
           max_iter=1000, normalize=False, positive=False, precompute=False,
           random_state=None, selection='cyclic', tol=0.0001, warm_start=False)",0.41775510204081634,100000.0,0.75,,,,,"{'model': ElasticNet(alpha=1.0, copy_X=True, fit_intercept=True, l1_ratio=0.5,
           max_iter=1000, normalize=False, positive=False, precompute=False,
           random_state=None, selection='cyclic', tol=0.0001, warm_start=False), 'model__alpha': 0.41775510204081634, 'model__l1_ratio': 0.75, 'model__max_iter': 100000.0}",-11.021787505504772,-3.3126066869402195,-5.071647583357808,-18.19597784927212,-9.40050490626873,5.826457156984702,183
156,0.004615068435668945,0.00020282913255830677,0.001372218132019043,0.0002853808894327383,"ElasticNet(alpha=1.0, copy_X=True, fit_intercept=True, l1_ratio=0.5,
           max_iter=1000, normalize=False, positive=False, precompute=False,
           random_state=None, selection='cyclic', tol=0.0001, warm_start=False)",0.41775510204081634,100000.0,0.7999999999999999,,,,,"{'model': ElasticNet(alpha=1.0, copy_X=True, fit_intercept=True, l1_ratio=0.5,
           max_iter=1000, normalize=False, positive=False, precompute=False,
           random_state=None, selection='cyclic', tol=0.0001, warm_start=False), 'model__alpha': 0.41775510204081634, 'model__l1_ratio': 0.7999999999999999, 'model__max_iter': 100000.0}",-11.088111011215542,-3.327733307734181,-5.0302333841924955,-19.32868627356862,-9.693690994177711,6.2659954389450245,186
157,0.005624055862426758,0.0005965101584050665,0.0016545653343200684,0.00011676881550805748,"ElasticNet(alpha=1.0, copy_X=True, fit_intercept=True, l1_ratio=0.5,
           max_iter=1000, normalize=False, positive=False, precompute=False,
           random_state=None, selection='cyclic', tol=0.0001, warm_start=False)",0.41775510204081634,100000.0,0.85,,,,,"{'model': ElasticNet(alpha=1.0, copy_X=True, fit_intercept=True, l1_ratio=0.5,
           max_iter=1000, normalize=False, positive=False, precompute=False,
           random_state=None, selection='cyclic', tol=0.0001, warm_start=False), 'model__alpha': 0.41775510204081634, 'model__l1_ratio': 0.85, 'model__max_iter': 100000.0}",-11.108115631792524,-3.3495504627892596,-4.9906507766604395,-20.340497423710225,-9.947203573738111,6.6607941730141285,189
158,0.005020797252655029,0.00016872266276994575,0.001451730728149414,0.00020081950354858968,"ElasticNet(alpha=1.0, copy_X=True, fit_intercept=True, l1_ratio=0.5,
           max_iter=1000, normalize=False, positive=False, precompute=False,
           random_state=None, selection='cyclic', tol=0.0001, warm_start=False)",0.41775510204081634,100000.0,0.9,,,,,"{'model': ElasticNet(alpha=1.0, copy_X=True, fit_intercept=True, l1_ratio=0.5,
           max_iter=1000, normalize=False, positive=False, precompute=False,
           random_state=None, selection='cyclic', tol=0.0001, warm_start=False), 'model__alpha': 0.41775510204081634, 'model__l1_ratio': 0.9, 'model__max_iter': 100000.0}",-11.030493732111761,-3.354133866582106,-4.9675968198680875,-20.718545012138115,-10.017692357675017,6.8088268237227325,192
159,0.005075514316558838,0.00028342787012908656,0.0016908049583435059,0.00015504471974466368,"ElasticNet(alpha=1.0, copy_X=True, fit_intercept=True, l1_ratio=0.5,
           max_iter=1000, normalize=False, positive=False, precompute=False,
           random_state=None, selection='cyclic', tol=0.0001, warm_start=False)",0.41775510204081634,100000.0,0.95,,,,,"{'model': ElasticNet(alpha=1.0, copy_X=True, fit_intercept=True, l1_ratio=0.5,
           max_iter=1000, normalize=False, positive=False, precompute=False,
           random_state=None, selection='cyclic', tol=0.0001, warm_start=False), 'model__alpha': 0.41775510204081634, 'model__l1_ratio': 0.95, 'model__max_iter': 100000.0}",-10.998580859166587,-3.3100470102348614,-4.896405713903204,-21.115806441241222,-10.080210006136468,6.988110038369521,194
160,0.00501251220703125,0.00033790469795196834,0.00153428316116333,7.493712035700505e-05,"ElasticNet(alpha=1.0, copy_X=True, fit_intercept=True, l1_ratio=0.5,
           max_iter=1000, normalize=False, positive=False, precompute=False,
           random_state=None, selection='cyclic', tol=0.0001, warm_start=False)",0.41775510204081634,100000.0,1.0,,,,,"{'model': ElasticNet(alpha=1.0, copy_X=True, fit_intercept=True, l1_ratio=0.5,
           max_iter=1000, normalize=False, positive=False, precompute=False,
           random_state=None, selection='cyclic', tol=0.0001, warm_start=False), 'model__alpha': 0.41775510204081634, 'model__l1_ratio': 1.0, 'model__max_iter': 100000.0}",-11.019861939610005,-3.288525444458736,-4.854946944690602,-20.78699131749811,-9.987581411564364,6.872302103842571,190
161,0.0042798519134521484,0.0009407835656659167,0.0014090538024902344,0.0003069143116316533,"ElasticNet(alpha=1.0, copy_X=True, fit_intercept=True, l1_ratio=0.5,
           max_iter=1000, normalize=False, positive=False, precompute=False,
           random_state=None, selection='cyclic', tol=0.0001, warm_start=False)",0.6216326530612245,100000.0,0.05,,,,,"{'model': ElasticNet(alpha=1.0, copy_X=True, fit_intercept=True, l1_ratio=0.5,
           max_iter=1000, normalize=False, positive=False, precompute=False,
           random_state=None, selection='cyclic', tol=0.0001, warm_start=False), 'model__alpha': 0.6216326530612245, 'model__l1_ratio': 0.05, 'model__max_iter': 100000.0}",-11.159225694133797,-3.173282223710179,-5.924051582349206,-13.689796084905543,-8.486588896274682,4.15373861066959,171
162,0.00426173210144043,0.0010527139973119262,0.0012933015823364258,0.00035795786652847924,"ElasticNet(alpha=1.0, copy_X=True, fit_intercept=True, l1_ratio=0.5,
           max_iter=1000, normalize=False, positive=False, precompute=False,
           random_state=None, selection='cyclic', tol=0.0001, warm_start=False)",0.6216326530612245,100000.0,0.1,,,,,"{'model': ElasticNet(alpha=1.0, copy_X=True, fit_intercept=True, l1_ratio=0.5,
           max_iter=1000, normalize=False, positive=False, precompute=False,
           random_state=None, selection='cyclic', tol=0.0001, warm_start=False), 'model__alpha': 0.6216326530612245, 'model__l1_ratio': 0.1, 'model__max_iter': 100000.0}",-11.283786576469243,-3.215052379215703,-5.970449322711153,-14.181210322921894,-8.662624650329498,4.308396723620967,173
163,0.005077481269836426,0.00035766651024276663,0.0016667842864990234,5.370057638365795e-05,"ElasticNet(alpha=1.0, copy_X=True, fit_intercept=True, l1_ratio=0.5,
           max_iter=1000, normalize=False, positive=False, precompute=False,
           random_state=None, selection='cyclic', tol=0.0001, warm_start=False)",0.6216326530612245,100000.0,0.15,,,,,"{'model': ElasticNet(alpha=1.0, copy_X=True, fit_intercept=True, l1_ratio=0.5,
           max_iter=1000, normalize=False, positive=False, precompute=False,
           random_state=None, selection='cyclic', tol=0.0001, warm_start=False), 'model__alpha': 0.6216326530612245, 'model__l1_ratio': 0.15, 'model__max_iter': 100000.0}",-11.418689024096595,-3.2598381813854287,-6.018004278890001,-14.726111005007247,-8.855660622344818,4.483213819286947,176
164,0.005528867244720459,0.0008453989717420041,0.0015072822570800781,0.00014032396833317098,"ElasticNet(alpha=1.0, copy_X=True, fit_intercept=True, l1_ratio=0.5,
           max_iter=1000, normalize=False, positive=False, precompute=False,
           random_state=None, selection='cyclic', tol=0.0001, warm_start=False)",0.6216326530612245,100000.0,0.2,,,,,"{'model': ElasticNet(alpha=1.0, copy_X=True, fit_intercept=True, l1_ratio=0.5,
           max_iter=1000, normalize=False, positive=False, precompute=False,
           random_state=None, selection='cyclic', tol=0.0001, warm_start=False), 'model__alpha': 0.6216326530612245, 'model__l1_ratio': 0.2, 'model__max_iter': 100000.0}",-11.56490768964131,-3.3079442428367205,-6.066809574297086,-15.33023570545251,-9.067474303056906,4.680692503058863,179
165,0.004950225353240967,0.00019305718094669828,0.0015737414360046387,7.867079306830701e-05,"ElasticNet(alpha=1.0, copy_X=True, fit_intercept=True, l1_ratio=0.5,
           max_iter=1000, normalize=False, positive=False, precompute=False,
           random_state=None, selection='cyclic', tol=0.0001, warm_start=False)",0.6216326530612245,100000.0,0.25,,,,,"{'model': ElasticNet(alpha=1.0, copy_X=True, fit_intercept=True, l1_ratio=0.5,
           max_iter=1000, normalize=False, positive=False, precompute=False,
           random_state=None, selection='cyclic', tol=0.0001, warm_start=False), 'model__alpha': 0.6216326530612245, 'model__l1_ratio': 0.25, 'model__max_iter': 100000.0}",-11.7235566949524,-3.359485992122217,-6.116646936072206,-15.960752512051114,-9.290110533799485,4.890355387946962,181
166,0.00449758768081665,0.0005710589188667795,0.0013239383697509766,0.00024133855161768747,"ElasticNet(alpha=1.0, copy_X=True, fit_intercept=True, l1_ratio=0.5,
           max_iter=1000, normalize=False, positive=False, precompute=False,
           random_state=None, selection='cyclic', tol=0.0001, warm_start=False)",0.6216326530612245,100000.0,0.3,,,,,"{'model': ElasticNet(alpha=1.0, copy_X=True, fit_intercept=True, l1_ratio=0.5,
           max_iter=1000, normalize=False, positive=False, precompute=False,
           random_state=None, selection='cyclic', tol=0.0001, warm_start=False), 'model__alpha': 0.6216326530612245, 'model__l1_ratio': 0.3, 'model__max_iter': 100000.0}",-11.895916712390619,-3.4136027165340863,-6.167619760072197,-16.630028549972874,-9.526791934742445,5.116733399853722,184
167,0.004812061786651611,0.00016847637429985606,0.001664876937866211,0.0001764769426579707,"ElasticNet(alpha=1.0, copy_X=True, fit_intercept=True, l1_ratio=0.5,
           max_iter=1000, normalize=False, positive=False, precompute=False,
           random_state=None, selection='cyclic', tol=0.0001, warm_start=False)",0.6216326530612245,100000.0,0.35,,,,,"{'model': ElasticNet(alpha=1.0, copy_X=True, fit_intercept=True, l1_ratio=0.5,
           max_iter=1000, normalize=False, positive=False, precompute=False,
           random_state=None, selection='cyclic', tol=0.0001, warm_start=False), 'model__alpha': 0.6216326530612245, 'model__l1_ratio': 0.35, 'model__max_iter': 100000.0}",-12.0674987522635,-3.469712431932679,-6.213169023056864,-17.373625843663277,-9.78100151272908,5.372099505613075,187
168,0.0049294233322143555,0.00030089248840150254,0.0016137361526489258,8.206405936023098e-05,"ElasticNet(alpha=1.0, copy_X=True, fit_intercept=True, l1_ratio=0.5,
           max_iter=1000, normalize=False, positive=False, precompute=False,
           random_state=None, selection='cyclic', tol=0.0001, warm_start=False)",0.6216326530612245,100000.0,0.39999999999999997,,,,,"{'model': ElasticNet(alpha=1.0, copy_X=True, fit_intercept=True, l1_ratio=0.5,
           max_iter=1000, normalize=False, positive=False, precompute=False,
           random_state=None, selection='cyclic', tol=0.0001, warm_start=False), 'model__alpha': 0.6216326530612245, 'model__l1_ratio': 0.39999999999999997, 'model__max_iter': 100000.0}",-12.226015446944157,-3.5310498403917943,-6.260074218618368,-18.109149208372187,-10.031572178581627,5.62458486160476,193
169,0.0053299665451049805,0.00011251620435492646,0.0015273094177246094,0.00020777307137526834,"ElasticNet(alpha=1.0, copy_X=True, fit_intercept=True, l1_ratio=0.5,
           max_iter=1000, normalize=False, positive=False, precompute=False,
           random_state=None, selection='cyclic', tol=0.0001, warm_start=False)",0.6216326530612245,100000.0,0.44999999999999996,,,,,"{'model': ElasticNet(alpha=1.0, copy_X=True, fit_intercept=True, l1_ratio=0.5,
           max_iter=1000, normalize=False, positive=False, precompute=False,
           random_state=None, selection='cyclic', tol=0.0001, warm_start=False), 'model__alpha': 0.6216326530612245, 'model__l1_ratio': 0.44999999999999996, 'model__max_iter': 100000.0}",-12.389613335449353,-3.598361381120436,-6.308448833194052,-18.811980137686742,-10.277100921862646,5.866486026153798,197
170,0.004952669143676758,0.0002519604453165092,0.0016174912452697754,0.00013359339699733588,"ElasticNet(alpha=1.0, copy_X=True, fit_intercept=True, l1_ratio=0.5,
           max_iter=1000, normalize=False, positive=False, precompute=False,
           random_state=None, selection='cyclic', tol=0.0001, warm_start=False)",0.6216326530612245,100000.0,0.49999999999999994,,,,,"{'model': ElasticNet(alpha=1.0, copy_X=True, fit_intercept=True, l1_ratio=0.5,
           max_iter=1000, normalize=False, positive=False, precompute=False,
           random_state=None, selection='cyclic', tol=0.0001, warm_start=False), 'model__alpha': 0.6216326530612245, 'model__l1_ratio': 0.49999999999999994, 'model__max_iter': 100000.0}",-12.567108464376986,-3.6514532709204093,-6.358365599438192,-19.564674859163322,-10.535400548474726,6.133758691023414,198
171,0.005030453205108643,0.00019689191581511936,0.0016053318977355957,7.897943813766488e-05,"ElasticNet(alpha=1.0, copy_X=True, fit_intercept=True, l1_ratio=0.5,
           max_iter=1000, normalize=False, positive=False, precompute=False,
           random_state=None, selection='cyclic', tol=0.0001, warm_start=False)",0.6216326530612245,100000.0,0.5499999999999999,,,,,"{'model': ElasticNet(alpha=1.0, copy_X=True, fit_intercept=True, l1_ratio=0.5,
           max_iter=1000, normalize=False, positive=False, precompute=False,
           random_state=None, selection='cyclic', tol=0.0001, warm_start=False), 'model__alpha': 0.6216326530612245, 'model__l1_ratio': 0.5499999999999999, 'model__max_iter': 100000.0}",-12.760351067690147,-3.703494844423557,-6.409933991496301,-20.426023516494332,-10.824950855026085,6.444646612696703,201
172,0.0049721598625183105,0.0007704791104230754,0.0013757944107055664,0.00030089248840150254,"ElasticNet(alpha=1.0, copy_X=True, fit_intercept=True, l1_ratio=0.5,
           max_iter=1000, normalize=False, positive=False, precompute=False,
           random_state=None, selection='cyclic', tol=0.0001, warm_start=False)",0.6216326530612245,100000.0,0.6,,,,,"{'model': ElasticNet(alpha=1.0, copy_X=True, fit_intercept=True, l1_ratio=0.5,
           max_iter=1000, normalize=False, positive=False, precompute=False,
           random_state=None, selection='cyclic', tol=0.0001, warm_start=False), 'model__alpha': 0.6216326530612245, 'model__l1_ratio': 0.6, 'model__max_iter': 100000.0}",-12.971467636633042,-3.761536333893624,-6.463604541765678,-21.35698768505574,-11.138399049337021,6.783279099415881,204
173,0.004865288734436035,0.0003027246853723763,0.001590728759765625,0.00011099261926317077,"ElasticNet(alpha=1.0, copy_X=True, fit_intercept=True, l1_ratio=0.5,
           max_iter=1000, normalize=False, positive=False, precompute=False,
           random_state=None, selection='cyclic', tol=0.0001, warm_start=False)",0.6216326530612245,100000.0,0.65,,,,,"{'model': ElasticNet(alpha=1.0, copy_X=True, fit_intercept=True, l1_ratio=0.5,
           max_iter=1000, normalize=False, positive=False, precompute=False,
           random_state=None, selection='cyclic', tol=0.0001, warm_start=False), 'model__alpha': 0.6216326530612245, 'model__l1_ratio': 0.65, 'model__max_iter': 100000.0}",-13.17433885976755,-3.8272688294365915,-6.519128682919966,-22.321090723181772,-11.46045677382647,7.133951273361057,207
174,0.0050691962242126465,7.221434185506266e-05,0.0016844868659973145,0.00027210754186893514,"ElasticNet(alpha=1.0, copy_X=True, fit_intercept=True, l1_ratio=0.5,
           max_iter=1000, normalize=False, positive=False, precompute=False,
           random_state=None, selection='cyclic', tol=0.0001, warm_start=False)",0.6216326530612245,100000.0,0.7,,,,,"{'model': ElasticNet(alpha=1.0, copy_X=True, fit_intercept=True, l1_ratio=0.5,
           max_iter=1000, normalize=False, positive=False, precompute=False,
           random_state=None, selection='cyclic', tol=0.0001, warm_start=False), 'model__alpha': 0.6216326530612245, 'model__l1_ratio': 0.7, 'model__max_iter': 100000.0}",-13.380020101506334,-3.897410068434695,-6.578458841922354,-23.40191117052798,-11.814450045597841,7.530195727978973,211
175,0.004406273365020752,0.0007383539776494499,0.0013824701309204102,0.00028251246025463487,"ElasticNet(alpha=1.0, copy_X=True, fit_intercept=True, l1_ratio=0.5,
           max_iter=1000, normalize=False, positive=False, precompute=False,
           random_state=None, selection='cyclic', tol=0.0001, warm_start=False)",0.6216326530612245,100000.0,0.75,,,,,"{'model': ElasticNet(alpha=1.0, copy_X=True, fit_intercept=True, l1_ratio=0.5,
           max_iter=1000, normalize=False, positive=False, precompute=False,
           random_state=None, selection='cyclic', tol=0.0001, warm_start=False), 'model__alpha': 0.6216326530612245, 'model__l1_ratio': 0.75, 'model__max_iter': 100000.0}",-13.55323542345846,-3.977412958421415,-6.6440025535303935,-24.60612027791835,-12.195192803332155,7.972186326636398,216
176,0.0050247907638549805,0.00030772526775269416,0.0015301704406738281,0.00011840273277468214,"ElasticNet(alpha=1.0, copy_X=True, fit_intercept=True, l1_ratio=0.5,
           max_iter=1000, normalize=False, positive=False, precompute=False,
           random_state=None, selection='cyclic', tol=0.0001, warm_start=False)",0.6216326530612245,100000.0,0.7999999999999999,,,,,"{'model': ElasticNet(alpha=1.0, copy_X=True, fit_intercept=True, l1_ratio=0.5,
           max_iter=1000, normalize=False, positive=False, precompute=False,
           random_state=None, selection='cyclic', tol=0.0001, warm_start=False), 'model__alpha': 0.6216326530612245, 'model__l1_ratio': 0.7999999999999999, 'model__max_iter': 100000.0}",-13.693693422884762,-4.076602279402571,-6.731368331163084,-25.314987905048877,-12.454162984624823,8.213877819832534,218
177,0.0049094557762146,0.00024266692119876866,0.0014563202857971191,0.0001770823702172695,"ElasticNet(alpha=1.0, copy_X=True, fit_intercept=True, l1_ratio=0.5,
           max_iter=1000, normalize=False, positive=False, precompute=False,
           random_state=None, selection='cyclic', tol=0.0001, warm_start=False)",0.6216326530612245,100000.0,0.85,,,,,"{'model': ElasticNet(alpha=1.0, copy_X=True, fit_intercept=True, l1_ratio=0.5,
           max_iter=1000, normalize=False, positive=False, precompute=False,
           random_state=None, selection='cyclic', tol=0.0001, warm_start=False), 'model__alpha': 0.6216326530612245, 'model__l1_ratio': 0.85, 'model__max_iter': 100000.0}",-13.77341180725269,-4.14199443606268,-6.829236772216295,-26.324260768735805,-12.767225946066867,8.57991749960692,222
178,0.004491269588470459,0.0008075569584784582,0.0014095306396484375,0.0003147321662408755,"ElasticNet(alpha=1.0, copy_X=True, fit_intercept=True, l1_ratio=0.5,
           max_iter=1000, normalize=False, positive=False, precompute=False,
           random_state=None, selection='cyclic', tol=0.0001, warm_start=False)",0.6216326530612245,100000.0,0.9,,,,,"{'model': ElasticNet(alpha=1.0, copy_X=True, fit_intercept=True, l1_ratio=0.5,
           max_iter=1000, normalize=False, positive=False, precompute=False,
           random_state=None, selection='cyclic', tol=0.0001, warm_start=False), 'model__alpha': 0.6216326530612245, 'model__l1_ratio': 0.9, 'model__max_iter': 100000.0}",-13.789646471014784,-4.166750098093099,-6.760841773163439,-27.474609874056718,-13.04796205408201,9.042705213732225,227
179,0.005036771297454834,0.00022894729079419427,0.0016595125198364258,0.00014404907438718263,"ElasticNet(alpha=1.0, copy_X=True, fit_intercept=True, l1_ratio=0.5,
           max_iter=1000, normalize=False, positive=False, precompute=False,
           random_state=None, selection='cyclic', tol=0.0001, warm_start=False)",0.6216326530612245,100000.0,0.95,,,,,"{'model': ElasticNet(alpha=1.0, copy_X=True, fit_intercept=True, l1_ratio=0.5,
           max_iter=1000, normalize=False, positive=False, precompute=False,
           random_state=None, selection='cyclic', tol=0.0001, warm_start=False), 'model__alpha': 0.6216326530612245, 'model__l1_ratio': 0.95, 'model__max_iter': 100000.0}",-13.816207794777096,-4.1285448343776405,-6.689954300492734,-28.457566983643126,-13.27306847832265,9.458114242915617,230
180,0.004326283931732178,0.00046401258139013485,0.0011885762214660645,0.00032216360125649033,"ElasticNet(alpha=1.0, copy_X=True, fit_intercept=True, l1_ratio=0.5,
           max_iter=1000, normalize=False, positive=False, precompute=False,
           random_state=None, selection='cyclic', tol=0.0001, warm_start=False)",0.6216326530612245,100000.0,1.0,,,,,"{'model': ElasticNet(alpha=1.0, copy_X=True, fit_intercept=True, l1_ratio=0.5,
           max_iter=1000, normalize=False, positive=False, precompute=False,
           random_state=None, selection='cyclic', tol=0.0001, warm_start=False), 'model__alpha': 0.6216326530612245, 'model__l1_ratio': 1.0, 'model__max_iter': 100000.0}",-13.941865810053638,-4.082147133611285,-6.774083083691777,-28.024063385551493,-13.205539853227048,9.28346307268318,228
181,0.004918336868286133,0.00039613524940219935,0.0016385316848754883,5.6802069391031945e-05,"ElasticNet(alpha=1.0, copy_X=True, fit_intercept=True, l1_ratio=0.5,
           max_iter=1000, normalize=False, positive=False, precompute=False,
           random_state=None, selection='cyclic', tol=0.0001, warm_start=False)",0.8255102040816327,100000.0,0.05,,,,,"{'model': ElasticNet(alpha=1.0, copy_X=True, fit_intercept=True, l1_ratio=0.5,
           max_iter=1000, normalize=False, positive=False, precompute=False,
           random_state=None, selection='cyclic', tol=0.0001, warm_start=False), 'model__alpha': 0.8255102040816327, 'model__l1_ratio': 0.05, 'model__max_iter': 100000.0}",-12.07896831601393,-3.4641033421064122,-6.551337863482099,-15.36109224200319,-9.363875440901408,4.638319122322758,182
182,0.0035762786865234375,0.0007771741909800696,0.001113295555114746,0.0003061247437922605,"ElasticNet(alpha=1.0, copy_X=True, fit_intercept=True, l1_ratio=0.5,
           max_iter=1000, normalize=False, positive=False, precompute=False,
           random_state=None, selection='cyclic', tol=0.0001, warm_start=False)",0.8255102040816327,100000.0,0.1,,,,,"{'model': ElasticNet(alpha=1.0, copy_X=True, fit_intercept=True, l1_ratio=0.5,
           max_iter=1000, normalize=False, positive=False, precompute=False,
           random_state=None, selection='cyclic', tol=0.0001, warm_start=False), 'model__alpha': 0.8255102040816327, 'model__l1_ratio': 0.1, 'model__max_iter': 100000.0}",-12.276185062486467,-3.5342785720322754,-6.63504708009728,-16.09351380057515,-9.634756128797793,4.87100549866057,185
183,0.004667937755584717,0.0001522999683621027,0.0017284750938415527,0.00013292251407215076,"ElasticNet(alpha=1.0, copy_X=True, fit_intercept=True, l1_ratio=0.5,
           max_iter=1000, normalize=False, positive=False, precompute=False,
           random_state=None, selection='cyclic', tol=0.0001, warm_start=False)",0.8255102040816327,100000.0,0.15,,,,,"{'model': ElasticNet(alpha=1.0, copy_X=True, fit_intercept=True, l1_ratio=0.5,
           max_iter=1000, normalize=False, positive=False, precompute=False,
           random_state=None, selection='cyclic', tol=0.0001, warm_start=False), 'model__alpha': 0.8255102040816327, 'model__l1_ratio': 0.15, 'model__max_iter': 100000.0}",-12.49131423633724,-3.6099436621415038,-6.723018935621206,-16.90789998868863,-9.933044205697144,5.135153879428561,188
184,0.004988729953765869,0.00021799956166967957,0.0016022920608520508,0.00021477197002686238,"ElasticNet(alpha=1.0, copy_X=True, fit_intercept=True, l1_ratio=0.5,
           max_iter=1000, normalize=False, positive=False, precompute=False,
           random_state=None, selection='cyclic', tol=0.0001, warm_start=False)",0.8255102040816327,100000.0,0.2,,,,,"{'model': ElasticNet(alpha=1.0, copy_X=True, fit_intercept=True, l1_ratio=0.5,
           max_iter=1000, normalize=False, positive=False, precompute=False,
           random_state=None, selection='cyclic', tol=0.0001, warm_start=False), 'model__alpha': 0.8255102040816327, 'model__l1_ratio': 0.2, 'model__max_iter': 100000.0}",-12.726302104873497,-3.6914785933815746,-6.815752985139394,-17.78078712743367,-10.253580202707035,5.4233991002430155,195
185,0.00478053092956543,0.00018193407615885705,0.0013989806175231934,0.00021514006515434143,"ElasticNet(alpha=1.0, copy_X=True, fit_intercept=True, l1_ratio=0.5,
           max_iter=1000, normalize=False, positive=False, precompute=False,
           random_state=None, selection='cyclic', tol=0.0001, warm_start=False)",0.8255102040816327,100000.0,0.25,,,,,"{'model': ElasticNet(alpha=1.0, copy_X=True, fit_intercept=True, l1_ratio=0.5,
           max_iter=1000, normalize=False, positive=False, precompute=False,
           random_state=None, selection='cyclic', tol=0.0001, warm_start=False), 'model__alpha': 0.8255102040816327, 'model__l1_ratio': 0.25, 'model__max_iter': 100000.0}",-12.983402488164609,-3.7794644810249833,-6.913425316820278,-18.69643367628761,-10.59318149057437,5.730252991515552,199
186,0.004826962947845459,0.00021983914963381897,0.001575469970703125,5.512266422974883e-05,"ElasticNet(alpha=1.0, copy_X=True, fit_intercept=True, l1_ratio=0.5,
           max_iter=1000, normalize=False, positive=False, precompute=False,
           random_state=None, selection='cyclic', tol=0.0001, warm_start=False)",0.8255102040816327,100000.0,0.3,,,,,"{'model': ElasticNet(alpha=1.0, copy_X=True, fit_intercept=True, l1_ratio=0.5,
           max_iter=1000, normalize=False, positive=False, precompute=False,
           random_state=None, selection='cyclic', tol=0.0001, warm_start=False), 'model__alpha': 0.8255102040816327, 'model__l1_ratio': 0.3, 'model__max_iter': 100000.0}",-13.2523917672572,-3.868857956643526,-7.01344578545073,-19.712996614801966,-10.961923031038356,6.0772029052962395,202
187,0.004607439041137695,0.0001499147701541864,0.0015735030174255371,0.00011727496732065495,"ElasticNet(alpha=1.0, copy_X=True, fit_intercept=True, l1_ratio=0.5,
           max_iter=1000, normalize=False, positive=False, precompute=False,
           random_state=None, selection='cyclic', tol=0.0001, warm_start=False)",0.8255102040816327,100000.0,0.35,,,,,"{'model': ElasticNet(alpha=1.0, copy_X=True, fit_intercept=True, l1_ratio=0.5,
           max_iter=1000, normalize=False, positive=False, precompute=False,
           random_state=None, selection='cyclic', tol=0.0001, warm_start=False), 'model__alpha': 0.8255102040816327, 'model__l1_ratio': 0.35, 'model__max_iter': 100000.0}",-13.52897576809514,-3.965263424709038,-7.11313090963672,-20.71143950120051,-11.329702400910353,6.4200512252197734,206
188,0.004810988903045654,0.00011813326327669709,0.0015371441841125488,0.00016525128436053148,"ElasticNet(alpha=1.0, copy_X=True, fit_intercept=True, l1_ratio=0.5,
           max_iter=1000, normalize=False, positive=False, precompute=False,
           random_state=None, selection='cyclic', tol=0.0001, warm_start=False)",0.8255102040816327,100000.0,0.39999999999999997,,,,,"{'model': ElasticNet(alpha=1.0, copy_X=True, fit_intercept=True, l1_ratio=0.5,
           max_iter=1000, normalize=False, positive=False, precompute=False,
           random_state=None, selection='cyclic', tol=0.0001, warm_start=False), 'model__alpha': 0.8255102040816327, 'model__l1_ratio': 0.39999999999999997, 'model__max_iter': 100000.0}",-13.83055962095952,-4.04966870794947,-7.220001732363231,-21.765657189114766,-11.716471812596748,6.790684925339933,210
189,0.004860579967498779,0.00030301286725222096,0.0016951560974121094,0.0002623296234597235,"ElasticNet(alpha=1.0, copy_X=True, fit_intercept=True, l1_ratio=0.5,
           max_iter=1000, normalize=False, positive=False, precompute=False,
           random_state=None, selection='cyclic', tol=0.0001, warm_start=False)",0.8255102040816327,100000.0,0.44999999999999996,,,,,"{'model': ElasticNet(alpha=1.0, copy_X=True, fit_intercept=True, l1_ratio=0.5,
           max_iter=1000, normalize=False, positive=False, precompute=False,
           random_state=None, selection='cyclic', tol=0.0001, warm_start=False), 'model__alpha': 0.8255102040816327, 'model__l1_ratio': 0.44999999999999996, 'model__max_iter': 100000.0}",-14.160302792322124,-4.12924498699557,-7.334900930459278,-22.944685309155446,-12.142283504733104,7.2125584935486895,214
190,0.004959285259246826,0.0002200575958954947,0.001617431640625,9.602898381864578e-05,"ElasticNet(alpha=1.0, copy_X=True, fit_intercept=True, l1_ratio=0.5,
           max_iter=1000, normalize=False, positive=False, precompute=False,
           random_state=None, selection='cyclic', tol=0.0001, warm_start=False)",0.8255102040816327,100000.0,0.49999999999999994,,,,,"{'model': ElasticNet(alpha=1.0, copy_X=True, fit_intercept=True, l1_ratio=0.5,
           max_iter=1000, normalize=False, positive=False, precompute=False,
           random_state=None, selection='cyclic', tol=0.0001, warm_start=False), 'model__alpha': 0.8255102040816327, 'model__l1_ratio': 0.49999999999999994, 'model__max_iter': 100000.0}",-14.494803857119287,-4.215472366453551,-7.458873963512143,-24.181822151445644,-12.587743084632656,7.656039538128236,219
191,0.004778861999511719,0.0003451906245537208,0.0016355514526367188,8.231226641617189e-05,"ElasticNet(alpha=1.0, copy_X=True, fit_intercept=True, l1_ratio=0.5,
           max_iter=1000, normalize=False, positive=False, precompute=False,
           random_state=None, selection='cyclic', tol=0.0001, warm_start=False)",0.8255102040816327,100000.0,0.5499999999999999,,,,,"{'model': ElasticNet(alpha=1.0, copy_X=True, fit_intercept=True, l1_ratio=0.5,
           max_iter=1000, normalize=False, positive=False, precompute=False,
           random_state=None, selection='cyclic', tol=0.0001, warm_start=False), 'model__alpha': 0.8255102040816327, 'model__l1_ratio': 0.5499999999999999, 'model__max_iter': 100000.0}",-14.816954700693904,-4.309508810995282,-7.593831196389211,-25.468691886118027,-13.047246648549105,8.116525903849285,226
192,0.0049664974212646484,0.00023274788768619153,0.0015822052955627441,0.00011410781131941472,"ElasticNet(alpha=1.0, copy_X=True, fit_intercept=True, l1_ratio=0.5,
           max_iter=1000, normalize=False, positive=False, precompute=False,
           random_state=None, selection='cyclic', tol=0.0001, warm_start=False)",0.8255102040816327,100000.0,0.6,,,,,"{'model': ElasticNet(alpha=1.0, copy_X=True, fit_intercept=True, l1_ratio=0.5,
           max_iter=1000, normalize=False, positive=False, precompute=False,
           random_state=None, selection='cyclic', tol=0.0001, warm_start=False), 'model__alpha': 0.8255102040816327, 'model__l1_ratio': 0.6, 'model__max_iter': 100000.0}",-15.146068732697007,-4.412989168340472,-7.7420714105996105,-26.81938753730159,-13.53012921223467,8.599992777020224,234
193,0.004768013954162598,0.0002343127954528967,0.0014937520027160645,4.110089268916831e-05,"ElasticNet(alpha=1.0, copy_X=True, fit_intercept=True, l1_ratio=0.5,
           max_iter=1000, normalize=False, positive=False, precompute=False,
           random_state=None, selection='cyclic', tol=0.0001, warm_start=False)",0.8255102040816327,100000.0,0.65,,,,,"{'model': ElasticNet(alpha=1.0, copy_X=True, fit_intercept=True, l1_ratio=0.5,
           max_iter=1000, normalize=False, positive=False, precompute=False,
           random_state=None, selection='cyclic', tol=0.0001, warm_start=False), 'model__alpha': 0.8255102040816327, 'model__l1_ratio': 0.65, 'model__max_iter': 100000.0}",-15.505633842225713,-4.528281391000718,-7.906725446907272,-28.23456903488741,-14.043802428755278,9.106641291554782,239
194,0.005137443542480469,0.0006215239001203174,0.0015295147895812988,0.0003795988194410722,"ElasticNet(alpha=1.0, copy_X=True, fit_intercept=True, l1_ratio=0.5,
           max_iter=1000, normalize=False, positive=False, precompute=False,
           random_state=None, selection='cyclic', tol=0.0001, warm_start=False)",0.8255102040816327,100000.0,0.7,,,,,"{'model': ElasticNet(alpha=1.0, copy_X=True, fit_intercept=True, l1_ratio=0.5,
           max_iter=1000, normalize=False, positive=False, precompute=False,
           random_state=None, selection='cyclic', tol=0.0001, warm_start=False), 'model__alpha': 0.8255102040816327, 'model__l1_ratio': 0.7, 'model__max_iter': 100000.0}",-15.894941003084915,-4.659001826913999,-8.098853997074022,-29.18055839315186,-14.458338805056197,9.424404857995407,241
195,0.004987061023712158,0.0004557753065658748,0.001656651496887207,0.00022943583016459565,"ElasticNet(alpha=1.0, copy_X=True, fit_intercept=True, l1_ratio=0.5,
           max_iter=1000, normalize=False, positive=False, precompute=False,
           random_state=None, selection='cyclic', tol=0.0001, warm_start=False)",0.8255102040816327,100000.0,0.75,,,,,"{'model': ElasticNet(alpha=1.0, copy_X=True, fit_intercept=True, l1_ratio=0.5,
           max_iter=1000, normalize=False, positive=False, precompute=False,
           random_state=None, selection='cyclic', tol=0.0001, warm_start=False), 'model__alpha': 0.8255102040816327, 'model__l1_ratio': 0.75, 'model__max_iter': 100000.0}",-16.21357110090176,-4.795665507484751,-8.360341994537034,-30.26465919303609,-14.908559448989909,9.780882251408277,248
196,0.0044016242027282715,0.000701487089684303,0.0014497637748718262,0.0002951199919955861,"ElasticNet(alpha=1.0, copy_X=True, fit_intercept=True, l1_ratio=0.5,
           max_iter=1000, normalize=False, positive=False, precompute=False,
           random_state=None, selection='cyclic', tol=0.0001, warm_start=False)",0.8255102040816327,100000.0,0.7999999999999999,,,,,"{'model': ElasticNet(alpha=1.0, copy_X=True, fit_intercept=True, l1_ratio=0.5,
           max_iter=1000, normalize=False, positive=False, precompute=False,
           random_state=None, selection='cyclic', tol=0.0001, warm_start=False), 'model__alpha': 0.8255102040816327, 'model__l1_ratio': 0.7999999999999999, 'model__max_iter': 100000.0}",-16.473606593079843,-4.952235978783395,-8.63814630371222,-31.566225839620966,-15.407553678799108,10.214911884533175,252
197,0.0048087239265441895,0.0005700514530220448,0.001476585865020752,0.00036073957659224325,"ElasticNet(alpha=1.0, copy_X=True, fit_intercept=True, l1_ratio=0.5,
           max_iter=1000, normalize=False, positive=False, precompute=False,
           random_state=None, selection='cyclic', tol=0.0001, warm_start=False)",0.8255102040816327,100000.0,0.85,,,,,"{'model': ElasticNet(alpha=1.0, copy_X=True, fit_intercept=True, l1_ratio=0.5,
           max_iter=1000, normalize=False, positive=False, precompute=False,
           random_state=None, selection='cyclic', tol=0.0001, warm_start=False), 'model__alpha': 0.8255102040816327, 'model__l1_ratio': 0.85, 'model__max_iter': 100000.0}",-16.732465778027546,-5.116419511937734,-8.789238324807236,-33.25451037800964,-15.97315849819554,10.82473049101577,258
198,0.004917442798614502,0.0002653880660769917,0.0016227960586547852,5.3696739092335404e-05,"ElasticNet(alpha=1.0, copy_X=True, fit_intercept=True, l1_ratio=0.5,
           max_iter=1000, normalize=False, positive=False, precompute=False,
           random_state=None, selection='cyclic', tol=0.0001, warm_start=False)",0.8255102040816327,100000.0,0.9,,,,,"{'model': ElasticNet(alpha=1.0, copy_X=True, fit_intercept=True, l1_ratio=0.5,
           max_iter=1000, normalize=False, positive=False, precompute=False,
           random_state=None, selection='cyclic', tol=0.0001, warm_start=False), 'model__alpha': 0.8255102040816327, 'model__l1_ratio': 0.9, 'model__max_iter': 100000.0}",-16.925174442590365,-5.155435446906483,-8.95567795031843,-34.640614985362845,-16.419225706294533,11.345180997854618,262
199,0.00486224889755249,0.0001959452904949763,0.0015490055084228516,8.725061378469163e-05,"ElasticNet(alpha=1.0, copy_X=True, fit_intercept=True, l1_ratio=0.5,
           max_iter=1000, normalize=False, positive=False, precompute=False,
           random_state=None, selection='cyclic', tol=0.0001, warm_start=False)",0.8255102040816327,100000.0,0.95,,,,,"{'model': ElasticNet(alpha=1.0, copy_X=True, fit_intercept=True, l1_ratio=0.5,
           max_iter=1000, normalize=False, positive=False, precompute=False,
           random_state=None, selection='cyclic', tol=0.0001, warm_start=False), 'model__alpha': 0.8255102040816327, 'model__l1_ratio': 0.95, 'model__max_iter': 100000.0}",-17.196776934084085,-5.197710081067355,-9.11696725595234,-36.33365326296158,-16.96127688351634,11.992280061663404,269
200,0.004483163356781006,0.0007253283785854725,0.0016431212425231934,0.0003884210890333392,"ElasticNet(alpha=1.0, copy_X=True, fit_intercept=True, l1_ratio=0.5,
           max_iter=1000, normalize=False, positive=False, precompute=False,
           random_state=None, selection='cyclic', tol=0.0001, warm_start=False)",0.8255102040816327,100000.0,1.0,,,,,"{'model': ElasticNet(alpha=1.0, copy_X=True, fit_intercept=True, l1_ratio=0.5,
           max_iter=1000, normalize=False, positive=False, precompute=False,
           random_state=None, selection='cyclic', tol=0.0001, warm_start=False), 'model__alpha': 0.8255102040816327, 'model__l1_ratio': 1.0, 'model__max_iter': 100000.0}",-17.5730624406422,-5.096573365183148,-9.522723356853843,-36.24473374610752,-17.109273227196677,11.918909834956834,271
201,0.004578709602355957,0.0005033574243913603,0.001504659652709961,0.0004621538294658997,"ElasticNet(alpha=1.0, copy_X=True, fit_intercept=True, l1_ratio=0.5,
           max_iter=1000, normalize=False, positive=False, precompute=False,
           random_state=None, selection='cyclic', tol=0.0001, warm_start=False)",1.029387755102041,100000.0,0.05,,,,,"{'model': ElasticNet(alpha=1.0, copy_X=True, fit_intercept=True, l1_ratio=0.5,
           max_iter=1000, normalize=False, positive=False, precompute=False,
           random_state=None, selection='cyclic', tol=0.0001, warm_start=False), 'model__alpha': 1.029387755102041, 'model__l1_ratio': 0.05, 'model__max_iter': 100000.0}",-12.957180739362865,-3.7652161251780703,-7.144250014635514,-17.15134987598835,-10.2544991887912,5.1637070397710545,196
202,0.00479048490524292,9.717368837530425e-05,0.0015648603439331055,0.00033487336550848233,"ElasticNet(alpha=1.0, copy_X=True, fit_intercept=True, l1_ratio=0.5,
           max_iter=1000, normalize=False, positive=False, precompute=False,
           random_state=None, selection='cyclic', tol=0.0001, warm_start=False)",1.029387755102041,100000.0,0.1,,,,,"{'model': ElasticNet(alpha=1.0, copy_X=True, fit_intercept=True, l1_ratio=0.5,
           max_iter=1000, normalize=False, positive=False, precompute=False,
           random_state=None, selection='cyclic', tol=0.0001, warm_start=False), 'model__alpha': 1.029387755102041, 'model__l1_ratio': 0.1, 'model__max_iter': 100000.0}",-13.231738127091337,-3.8678453402669777,-7.265559985201692,-18.153272134227738,-10.629603896696935,5.486685167643166,200
203,0.0045282840728759766,0.00012802822405296203,0.0015000104904174805,6.656459287201401e-05,"ElasticNet(alpha=1.0, copy_X=True, fit_intercept=True, l1_ratio=0.5,
           max_iter=1000, normalize=False, positive=False, precompute=False,
           random_state=None, selection='cyclic', tol=0.0001, warm_start=False)",1.029387755102041,100000.0,0.15,,,,,"{'model': ElasticNet(alpha=1.0, copy_X=True, fit_intercept=True, l1_ratio=0.5,
           max_iter=1000, normalize=False, positive=False, precompute=False,
           random_state=None, selection='cyclic', tol=0.0001, warm_start=False), 'model__alpha': 1.029387755102041, 'model__l1_ratio': 0.15, 'model__max_iter': 100000.0}",-13.53275501758702,-3.97890968113894,-7.394502467527527,-19.271117623517537,-11.044321197442756,5.854777941332898,203
204,0.005024731159210205,0.000668503936243911,0.0015190839767456055,7.810319367659345e-05,"ElasticNet(alpha=1.0, copy_X=True, fit_intercept=True, l1_ratio=0.5,
           max_iter=1000, normalize=False, positive=False, precompute=False,
           random_state=None, selection='cyclic', tol=0.0001, warm_start=False)",1.029387755102041,100000.0,0.2,,,,,"{'model': ElasticNet(alpha=1.0, copy_X=True, fit_intercept=True, l1_ratio=0.5,
           max_iter=1000, normalize=False, positive=False, precompute=False,
           random_state=None, selection='cyclic', tol=0.0001, warm_start=False), 'model__alpha': 1.029387755102041, 'model__l1_ratio': 0.2, 'model__max_iter': 100000.0}",-13.86341351015327,-4.099289432193477,-7.531727949435975,-20.42452302811154,-11.479738479973566,6.239969802775968,208
205,0.004729926586151123,0.00016221632669815596,0.0015013813972473145,0.00014020597510599678,"ElasticNet(alpha=1.0, copy_X=True, fit_intercept=True, l1_ratio=0.5,
           max_iter=1000, normalize=False, positive=False, precompute=False,
           random_state=None, selection='cyclic', tol=0.0001, warm_start=False)",1.029387755102041,100000.0,0.25,,,,,"{'model': ElasticNet(alpha=1.0, copy_X=True, fit_intercept=True, l1_ratio=0.5,
           max_iter=1000, normalize=False, positive=False, precompute=False,
           random_state=None, selection='cyclic', tol=0.0001, warm_start=False), 'model__alpha': 1.029387755102041, 'model__l1_ratio': 0.25, 'model__max_iter': 100000.0}",-14.223727127361075,-4.225188608925947,-7.678195291192034,-21.698305265836698,-11.956354073328939,6.673083163098355,212
206,0.004676401615142822,0.00029252338942601616,0.0016104578971862793,0.00011655088947315576,"ElasticNet(alpha=1.0, copy_X=True, fit_intercept=True, l1_ratio=0.5,
           max_iter=1000, normalize=False, positive=False, precompute=False,
           random_state=None, selection='cyclic', tol=0.0001, warm_start=False)",1.029387755102041,100000.0,0.3,,,,,"{'model': ElasticNet(alpha=1.0, copy_X=True, fit_intercept=True, l1_ratio=0.5,
           max_iter=1000, normalize=False, positive=False, precompute=False,
           random_state=None, selection='cyclic', tol=0.0001, warm_start=False), 'model__alpha': 1.029387755102041, 'model__l1_ratio': 0.3, 'model__max_iter': 100000.0}",-14.589252494298988,-4.357325292859402,-7.824932913650658,-22.986715036035807,-12.439556434211212,7.114790196863628,217
207,0.004481673240661621,0.0006172997387746887,0.001438438892364502,0.0003632715821230887,"ElasticNet(alpha=1.0, copy_X=True, fit_intercept=True, l1_ratio=0.5,
           max_iter=1000, normalize=False, positive=False, precompute=False,
           random_state=None, selection='cyclic', tol=0.0001, warm_start=False)",1.029387755102041,100000.0,0.35,,,,,"{'model': ElasticNet(alpha=1.0, copy_X=True, fit_intercept=True, l1_ratio=0.5,
           max_iter=1000, normalize=False, positive=False, precompute=False,
           random_state=None, selection='cyclic', tol=0.0001, warm_start=False), 'model__alpha': 1.029387755102041, 'model__l1_ratio': 0.35, 'model__max_iter': 100000.0}",-14.990439544289112,-4.471493204547257,-7.980991573802854,-24.339185187655865,-12.945527377573772,7.590338842491974,224
208,0.0046885013580322266,0.0001864630689927076,0.0015171170234680176,0.00044030419893662236,"ElasticNet(alpha=1.0, copy_X=True, fit_intercept=True, l1_ratio=0.5,
           max_iter=1000, normalize=False, positive=False, precompute=False,
           random_state=None, selection='cyclic', tol=0.0001, warm_start=False)",1.029387755102041,100000.0,0.39999999999999997,,,,,"{'model': ElasticNet(alpha=1.0, copy_X=True, fit_intercept=True, l1_ratio=0.5,
           max_iter=1000, normalize=False, positive=False, precompute=False,
           random_state=None, selection='cyclic', tol=0.0001, warm_start=False), 'model__alpha': 1.029387755102041, 'model__l1_ratio': 0.39999999999999997, 'model__max_iter': 100000.0}",-15.432117273761435,-4.587202271796808,-8.150297199620178,-25.82205943440156,-13.497919044894996,8.118243220353325,233
209,0.0050370097160339355,0.00023994176056265588,0.0014777779579162598,0.0002293686095695562,"ElasticNet(alpha=1.0, copy_X=True, fit_intercept=True, l1_ratio=0.5,
           max_iter=1000, normalize=False, positive=False, precompute=False,
           random_state=None, selection='cyclic', tol=0.0001, warm_start=False)",1.029387755102041,100000.0,0.44999999999999996,,,,,"{'model': ElasticNet(alpha=1.0, copy_X=True, fit_intercept=True, l1_ratio=0.5,
           max_iter=1000, normalize=False, positive=False, precompute=False,
           random_state=None, selection='cyclic', tol=0.0001, warm_start=False), 'model__alpha': 1.029387755102041, 'model__l1_ratio': 0.44999999999999996, 'model__max_iter': 100000.0}",-15.919606309768644,-4.712135022345772,-8.335063045372815,-27.27449111287788,-14.060323872591276,8.634789999690156,240
210,0.00483018159866333,9.60750516159925e-05,0.001587212085723877,0.00010208483525900888,"ElasticNet(alpha=1.0, copy_X=True, fit_intercept=True, l1_ratio=0.5,
           max_iter=1000, normalize=False, positive=False, precompute=False,
           random_state=None, selection='cyclic', tol=0.0001, warm_start=False)",1.029387755102041,100000.0,0.49999999999999994,,,,,"{'model': ElasticNet(alpha=1.0, copy_X=True, fit_intercept=True, l1_ratio=0.5,
           max_iter=1000, normalize=False, positive=False, precompute=False,
           random_state=None, selection='cyclic', tol=0.0001, warm_start=False), 'model__alpha': 1.029387755102041, 'model__l1_ratio': 0.49999999999999994, 'model__max_iter': 100000.0}",-16.411399115489466,-4.847558706983779,-8.538162980072403,-28.889061254663375,-14.671545514302256,9.209966646011043,244
211,0.004763305187225342,0.00026546248660063815,0.0015590190887451172,5.73467311752171e-05,"ElasticNet(alpha=1.0, copy_X=True, fit_intercept=True, l1_ratio=0.5,
           max_iter=1000, normalize=False, positive=False, precompute=False,
           random_state=None, selection='cyclic', tol=0.0001, warm_start=False)",1.029387755102041,100000.0,0.5499999999999999,,,,,"{'model': ElasticNet(alpha=1.0, copy_X=True, fit_intercept=True, l1_ratio=0.5,
           max_iter=1000, normalize=False, positive=False, precompute=False,
           random_state=None, selection='cyclic', tol=0.0001, warm_start=False), 'model__alpha': 1.029387755102041, 'model__l1_ratio': 0.5499999999999999, 'model__max_iter': 100000.0}",-16.880608892255893,-4.995090448353603,-8.763151160823373,-30.69663790999596,-15.333872102857207,9.854843323694361,251
212,0.004817366600036621,0.00047126339172088563,0.0015749335289001465,0.00041768769145877346,"ElasticNet(alpha=1.0, copy_X=True, fit_intercept=True, l1_ratio=0.5,
           max_iter=1000, normalize=False, positive=False, precompute=False,
           random_state=None, selection='cyclic', tol=0.0001, warm_start=False)",1.029387755102041,100000.0,0.6,,,,,"{'model': ElasticNet(alpha=1.0, copy_X=True, fit_intercept=True, l1_ratio=0.5,
           max_iter=1000, normalize=False, positive=False, precompute=False,
           random_state=None, selection='cyclic', tol=0.0001, warm_start=False), 'model__alpha': 1.029387755102041, 'model__l1_ratio': 0.6, 'model__max_iter': 100000.0}",-17.37149233599741,-5.156949284150658,-9.015452804821361,-32.25917733364985,-15.95076793965482,10.399372480585885,257
213,0.005026757717132568,0.0007922197246184383,0.0013413429260253906,0.00033559466700737456,"ElasticNet(alpha=1.0, copy_X=True, fit_intercept=True, l1_ratio=0.5,
           max_iter=1000, normalize=False, positive=False, precompute=False,
           random_state=None, selection='cyclic', tol=0.0001, warm_start=False)",1.029387755102041,100000.0,0.65,,,,,"{'model': ElasticNet(alpha=1.0, copy_X=True, fit_intercept=True, l1_ratio=0.5,
           max_iter=1000, normalize=False, positive=False, precompute=False,
           random_state=None, selection='cyclic', tol=0.0001, warm_start=False), 'model__alpha': 1.029387755102041, 'model__l1_ratio': 0.65, 'model__max_iter': 100000.0}",-17.904096223825103,-5.336257383128758,-9.33032201034073,-33.61816348381275,-16.547209775276833,10.85158426111051,264
214,0.004806160926818848,0.00019120371087189545,0.0015434622764587402,1.80973483114953e-05,"ElasticNet(alpha=1.0, copy_X=True, fit_intercept=True, l1_ratio=0.5,
           max_iter=1000, normalize=False, positive=False, precompute=False,
           random_state=None, selection='cyclic', tol=0.0001, warm_start=False)",1.029387755102041,100000.0,0.7,,,,,"{'model': ElasticNet(alpha=1.0, copy_X=True, fit_intercept=True, l1_ratio=0.5,
           max_iter=1000, normalize=False, positive=False, precompute=False,
           random_state=None, selection='cyclic', tol=0.0001, warm_start=False), 'model__alpha': 1.029387755102041, 'model__l1_ratio': 0.7, 'model__max_iter': 100000.0}",-18.416218375891425,-5.537835074482363,-9.721845680992468,-35.11116056755918,-17.19676492473136,11.338184388613104,274
215,0.004577755928039551,8.245087049931122e-05,0.0015444755554199219,1.9072741255512825e-05,"ElasticNet(alpha=1.0, copy_X=True, fit_intercept=True, l1_ratio=0.5,
           max_iter=1000, normalize=False, positive=False, precompute=False,
           random_state=None, selection='cyclic', tol=0.0001, warm_start=False)",1.029387755102041,100000.0,0.75,,,,,"{'model': ElasticNet(alpha=1.0, copy_X=True, fit_intercept=True, l1_ratio=0.5,
           max_iter=1000, normalize=False, positive=False, precompute=False,
           random_state=None, selection='cyclic', tol=0.0001, warm_start=False), 'model__alpha': 1.029387755102041, 'model__l1_ratio': 0.75, 'model__max_iter': 100000.0}",-18.92677172796098,-5.773550273356225,-10.164847291455363,-36.821817453403234,-17.921746686543948,11.89507161227999,281
216,0.0044373273849487305,0.0010383091139806052,0.0014166831970214844,0.0003615001214937158,"ElasticNet(alpha=1.0, copy_X=True, fit_intercept=True, l1_ratio=0.5,
           max_iter=1000, normalize=False, positive=False, precompute=False,
           random_state=None, selection='cyclic', tol=0.0001, warm_start=False)",1.029387755102041,100000.0,0.7999999999999999,,,,,"{'model': ElasticNet(alpha=1.0, copy_X=True, fit_intercept=True, l1_ratio=0.5,
           max_iter=1000, normalize=False, positive=False, precompute=False,
           random_state=None, selection='cyclic', tol=0.0001, warm_start=False), 'model__alpha': 1.029387755102041, 'model__l1_ratio': 0.7999999999999999, 'model__max_iter': 100000.0}",-19.425764361704875,-6.016756657328835,-10.533828807009181,-38.873000303964005,-18.712337532501724,12.599871824311005,288
217,0.004807651042938232,0.0002370360567998942,0.0015792250633239746,0.00012480778524925773,"ElasticNet(alpha=1.0, copy_X=True, fit_intercept=True, l1_ratio=0.5,
           max_iter=1000, normalize=False, positive=False, precompute=False,
           random_state=None, selection='cyclic', tol=0.0001, warm_start=False)",1.029387755102041,100000.0,0.85,,,,,"{'model': ElasticNet(alpha=1.0, copy_X=True, fit_intercept=True, l1_ratio=0.5,
           max_iter=1000, normalize=False, positive=False, precompute=False,
           random_state=None, selection='cyclic', tol=0.0001, warm_start=False), 'model__alpha': 1.029387755102041, 'model__l1_ratio': 0.85, 'model__max_iter': 100000.0}",-19.9348587937467,-6.278353203043575,-10.988515305170305,-40.90207172840977,-19.52594975759259,13.280553439264189,297
218,0.004794716835021973,0.00021539390116734472,0.0014643073081970215,0.00013639880599773611,"ElasticNet(alpha=1.0, copy_X=True, fit_intercept=True, l1_ratio=0.5,
           max_iter=1000, normalize=False, positive=False, precompute=False,
           random_state=None, selection='cyclic', tol=0.0001, warm_start=False)",1.029387755102041,100000.0,0.9,,,,,"{'model': ElasticNet(alpha=1.0, copy_X=True, fit_intercept=True, l1_ratio=0.5,
           max_iter=1000, normalize=False, positive=False, precompute=False,
           random_state=None, selection='cyclic', tol=0.0001, warm_start=False), 'model__alpha': 1.029387755102041, 'model__l1_ratio': 0.9, 'model__max_iter': 100000.0}",-20.425641480612274,-6.33468920639986,-11.492348332862425,-42.99588847164755,-20.312141872880527,14.033203332189359,306
219,0.004950225353240967,0.0004088823501268081,0.001515030860900879,0.00029512274271161485,"ElasticNet(alpha=1.0, copy_X=True, fit_intercept=True, l1_ratio=0.5,
           max_iter=1000, normalize=False, positive=False, precompute=False,
           random_state=None, selection='cyclic', tol=0.0001, warm_start=False)",1.029387755102041,100000.0,0.95,,,,,"{'model': ElasticNet(alpha=1.0, copy_X=True, fit_intercept=True, l1_ratio=0.5,
           max_iter=1000, normalize=False, positive=False, precompute=False,
           random_state=None, selection='cyclic', tol=0.0001, warm_start=False), 'model__alpha': 1.029387755102041, 'model__l1_ratio': 0.95, 'model__max_iter': 100000.0}",-21.05236067582615,-6.360349329563821,-11.83392131110514,-45.530709246281894,-21.19433514069425,14.999531188188627,315
220,0.0045999884605407715,9.235302616109e-05,0.0013827681541442871,0.0003032566883535458,"ElasticNet(alpha=1.0, copy_X=True, fit_intercept=True, l1_ratio=0.5,
           max_iter=1000, normalize=False, positive=False, precompute=False,
           random_state=None, selection='cyclic', tol=0.0001, warm_start=False)",1.029387755102041,100000.0,1.0,,,,,"{'model': ElasticNet(alpha=1.0, copy_X=True, fit_intercept=True, l1_ratio=0.5,
           max_iter=1000, normalize=False, positive=False, precompute=False,
           random_state=None, selection='cyclic', tol=0.0001, warm_start=False), 'model__alpha': 1.029387755102041, 'model__l1_ratio': 1.0, 'model__max_iter': 100000.0}",-21.246147573939464,-6.1887782060368,-12.412104669786936,-46.1707994664963,-21.504457479064875,15.212955517014555,320
221,0.004989027976989746,0.00022777401652759736,0.0016443133354187012,0.00015227607955776672,"ElasticNet(alpha=1.0, copy_X=True, fit_intercept=True, l1_ratio=0.5,
           max_iter=1000, normalize=False, positive=False, precompute=False,
           random_state=None, selection='cyclic', tol=0.0001, warm_start=False)",1.233265306122449,100000.0,0.05,,,,,"{'model': ElasticNet(alpha=1.0, copy_X=True, fit_intercept=True, l1_ratio=0.5,
           max_iter=1000, normalize=False, positive=False, precompute=False,
           random_state=None, selection='cyclic', tol=0.0001, warm_start=False), 'model__alpha': 1.233265306122449, 'model__l1_ratio': 0.05, 'model__max_iter': 100000.0}",-13.799250172897699,-4.073942798276743,-7.719483564158851,-19.022721123850697,-11.153849414795996,5.719205225360912,205
222,0.004958212375640869,0.0002835863660529704,0.0014660358428955078,0.0002375426892726502,"ElasticNet(alpha=1.0, copy_X=True, fit_intercept=True, l1_ratio=0.5,
           max_iter=1000, normalize=False, positive=False, precompute=False,
           random_state=None, selection='cyclic', tol=0.0001, warm_start=False)",1.233265306122449,100000.0,0.1,,,,,"{'model': ElasticNet(alpha=1.0, copy_X=True, fit_intercept=True, l1_ratio=0.5,
           max_iter=1000, normalize=False, positive=False, precompute=False,
           random_state=None, selection='cyclic', tol=0.0001, warm_start=False), 'model__alpha': 1.233265306122449, 'model__l1_ratio': 0.1, 'model__max_iter': 100000.0}",-14.153976271209169,-4.2122579536387,-7.879294209542115,-20.316661548001026,-11.640547495597751,6.142450469100741,209
223,0.0043849945068359375,0.0006084929092870534,0.0014929771423339844,0.0003159095205970121,"ElasticNet(alpha=1.0, copy_X=True, fit_intercept=True, l1_ratio=0.5,
           max_iter=1000, normalize=False, positive=False, precompute=False,
           random_state=None, selection='cyclic', tol=0.0001, warm_start=False)",1.233265306122449,100000.0,0.15,,,,,"{'model': ElasticNet(alpha=1.0, copy_X=True, fit_intercept=True, l1_ratio=0.5,
           max_iter=1000, normalize=False, positive=False, precompute=False,
           random_state=None, selection='cyclic', tol=0.0001, warm_start=False), 'model__alpha': 1.233265306122449, 'model__l1_ratio': 0.15, 'model__max_iter': 100000.0}",-14.54459117002758,-4.36274609556073,-8.050102653279946,-21.731867244063945,-12.17232679073305,6.614278767143639,215
224,0.0051822662353515625,0.00032407794661855116,0.0015822649002075195,8.970916855545665e-05,"ElasticNet(alpha=1.0, copy_X=True, fit_intercept=True, l1_ratio=0.5,
           max_iter=1000, normalize=False, positive=False, precompute=False,
           random_state=None, selection='cyclic', tol=0.0001, warm_start=False)",1.233265306122449,100000.0,0.2,,,,,"{'model': ElasticNet(alpha=1.0, copy_X=True, fit_intercept=True, l1_ratio=0.5,
           max_iter=1000, normalize=False, positive=False, precompute=False,
           random_state=None, selection='cyclic', tol=0.0001, warm_start=False), 'model__alpha': 1.233265306122449, 'model__l1_ratio': 0.2, 'model__max_iter': 100000.0}",-14.975504736443193,-4.525589487362937,-8.233180862489716,-23.2286033052207,-12.740719597879137,7.120327195045418,221
225,0.004922449588775635,0.00024282873027909,0.001552283763885498,3.3282403180683966e-05,"ElasticNet(alpha=1.0, copy_X=True, fit_intercept=True, l1_ratio=0.5,
           max_iter=1000, normalize=False, positive=False, precompute=False,
           random_state=None, selection='cyclic', tol=0.0001, warm_start=False)",1.233265306122449,100000.0,0.25,,,,,"{'model': ElasticNet(alpha=1.0, copy_X=True, fit_intercept=True, l1_ratio=0.5,
           max_iter=1000, normalize=False, positive=False, precompute=False,
           random_state=None, selection='cyclic', tol=0.0001, warm_start=False), 'model__alpha': 1.233265306122449, 'model__l1_ratio': 0.25, 'model__max_iter': 100000.0}",-15.426168999237417,-4.691521317286257,-8.425711301573873,-24.819839077824348,-13.340810173980474,7.666244528082631,232
226,0.005145132541656494,0.0004551900966315404,0.0015802979469299316,0.0001264562091411652,"ElasticNet(alpha=1.0, copy_X=True, fit_intercept=True, l1_ratio=0.5,
           max_iter=1000, normalize=False, positive=False, precompute=False,
           random_state=None, selection='cyclic', tol=0.0001, warm_start=False)",1.233265306122449,100000.0,0.3,,,,,"{'model': ElasticNet(alpha=1.0, copy_X=True, fit_intercept=True, l1_ratio=0.5,
           max_iter=1000, normalize=False, positive=False, precompute=False,
           random_state=None, selection='cyclic', tol=0.0001, warm_start=False), 'model__alpha': 1.233265306122449, 'model__l1_ratio': 0.3, 'model__max_iter': 100000.0}",-15.91035089570152,-4.848592070165721,-8.622883614861632,-26.441384666744156,-13.955802811868256,8.232425631647189,237
227,0.004932045936584473,0.0005880463757430947,0.0015166997909545898,4.386561707080498e-05,"ElasticNet(alpha=1.0, copy_X=True, fit_intercept=True, l1_ratio=0.5,
           max_iter=1000, normalize=False, positive=False, precompute=False,
           random_state=None, selection='cyclic', tol=0.0001, warm_start=False)",1.233265306122449,100000.0,0.35,,,,,"{'model': ElasticNet(alpha=1.0, copy_X=True, fit_intercept=True, l1_ratio=0.5,
           max_iter=1000, normalize=False, positive=False, precompute=False,
           random_state=None, selection='cyclic', tol=0.0001, warm_start=False), 'model__alpha': 1.233265306122449, 'model__l1_ratio': 0.35, 'model__max_iter': 100000.0}",-16.445362938013325,-5.001201098712337,-8.837110421724555,-28.188754259230983,-14.6181071794203,8.851640128384853,243
228,0.004814743995666504,0.00018499887582270415,0.0015270709991455078,5.710037863909185e-05,"ElasticNet(alpha=1.0, copy_X=True, fit_intercept=True, l1_ratio=0.5,
           max_iter=1000, normalize=False, positive=False, precompute=False,
           random_state=None, selection='cyclic', tol=0.0001, warm_start=False)",1.233265306122449,100000.0,0.39999999999999997,,,,,"{'model': ElasticNet(alpha=1.0, copy_X=True, fit_intercept=True, l1_ratio=0.5,
           max_iter=1000, normalize=False, positive=False, precompute=False,
           random_state=None, selection='cyclic', tol=0.0001, warm_start=False), 'model__alpha': 1.233265306122449, 'model__l1_ratio': 0.39999999999999997, 'model__max_iter': 100000.0}",-17.03829880908628,-5.166053861652779,-9.071165896786415,-29.93131883001616,-15.301709349385408,9.468268062164723,250
229,0.005317389965057373,0.0010211532785255042,0.0016335248947143555,0.00036081962056715703,"ElasticNet(alpha=1.0, copy_X=True, fit_intercept=True, l1_ratio=0.5,
           max_iter=1000, normalize=False, positive=False, precompute=False,
           random_state=None, selection='cyclic', tol=0.0001, warm_start=False)",1.233265306122449,100000.0,0.44999999999999996,,,,,"{'model': ElasticNet(alpha=1.0, copy_X=True, fit_intercept=True, l1_ratio=0.5,
           max_iter=1000, normalize=False, positive=False, precompute=False,
           random_state=None, selection='cyclic', tol=0.0001, warm_start=False), 'model__alpha': 1.233265306122449, 'model__l1_ratio': 0.44999999999999996, 'model__max_iter': 100000.0}",-17.676319005717,-5.344587973479638,-9.328588427221955,-31.86368207636542,-16.053294370696005,10.155055774064532,259
230,0.0053136348724365234,0.0014040709794872221,0.0013684630393981934,0.00029338703699376974,"ElasticNet(alpha=1.0, copy_X=True, fit_intercept=True, l1_ratio=0.5,
           max_iter=1000, normalize=False, positive=False, precompute=False,
           random_state=None, selection='cyclic', tol=0.0001, warm_start=False)",1.233265306122449,100000.0,0.49999999999999994,,,,,"{'model': ElasticNet(alpha=1.0, copy_X=True, fit_intercept=True, l1_ratio=0.5,
           max_iter=1000, normalize=False, positive=False, precompute=False,
           random_state=None, selection='cyclic', tol=0.0001, warm_start=False), 'model__alpha': 1.233265306122449, 'model__l1_ratio': 0.49999999999999994, 'model__max_iter': 100000.0}",-18.29851825927672,-5.538599479288091,-9.614007641591648,-33.866275650674375,-16.82935025770771,10.862291467166015,268
231,0.004603564739227295,9.914735940571206e-05,0.0016514062881469727,0.00018653435235192306,"ElasticNet(alpha=1.0, copy_X=True, fit_intercept=True, l1_ratio=0.5,
           max_iter=1000, normalize=False, positive=False, precompute=False,
           random_state=None, selection='cyclic', tol=0.0001, warm_start=False)",1.233265306122449,100000.0,0.5499999999999999,,,,,"{'model': ElasticNet(alpha=1.0, copy_X=True, fit_intercept=True, l1_ratio=0.5,
           max_iter=1000, normalize=False, positive=False, precompute=False,
           random_state=None, selection='cyclic', tol=0.0001, warm_start=False), 'model__alpha': 1.233265306122449, 'model__l1_ratio': 0.5499999999999999, 'model__max_iter': 100000.0}",-18.924913099466615,-5.750345059432504,-9.933644146763008,-35.899131509860275,-17.6270084538806,11.573655701516183,277
232,0.00491178035736084,0.00020550744556434547,0.0015918612480163574,7.806331376135995e-05,"ElasticNet(alpha=1.0, copy_X=True, fit_intercept=True, l1_ratio=0.5,
           max_iter=1000, normalize=False, positive=False, precompute=False,
           random_state=None, selection='cyclic', tol=0.0001, warm_start=False)",1.233265306122449,100000.0,0.6,,,,,"{'model': ElasticNet(alpha=1.0, copy_X=True, fit_intercept=True, l1_ratio=0.5,
           max_iter=1000, normalize=False, positive=False, precompute=False,
           random_state=None, selection='cyclic', tol=0.0001, warm_start=False), 'model__alpha': 1.233265306122449, 'model__l1_ratio': 0.6, 'model__max_iter': 100000.0}",-19.598305985451727,-5.982841659908171,-10.334376457141339,-37.64274300197158,-18.389566776118205,12.154821722716477,285
233,0.0048773884773254395,0.00018151878973575423,0.001565396785736084,6.984512356983135e-05,"ElasticNet(alpha=1.0, copy_X=True, fit_intercept=True, l1_ratio=0.5,
           max_iter=1000, normalize=False, positive=False, precompute=False,
           random_state=None, selection='cyclic', tol=0.0001, warm_start=False)",1.233265306122449,100000.0,0.65,,,,,"{'model': ElasticNet(alpha=1.0, copy_X=True, fit_intercept=True, l1_ratio=0.5,
           max_iter=1000, normalize=False, positive=False, precompute=False,
           random_state=None, selection='cyclic', tol=0.0001, warm_start=False), 'model__alpha': 1.233265306122449, 'model__l1_ratio': 0.65, 'model__max_iter': 100000.0}",-20.256588379465633,-6.240243644907916,-10.821650309548213,-39.600880750516325,-19.229840771109522,12.800984149985997,295
234,0.005180954933166504,0.0005116200923666337,0.0015742778778076172,7.765018975393742e-05,"ElasticNet(alpha=1.0, copy_X=True, fit_intercept=True, l1_ratio=0.5,
           max_iter=1000, normalize=False, positive=False, precompute=False,
           random_state=None, selection='cyclic', tol=0.0001, warm_start=False)",1.233265306122449,100000.0,0.7,,,,,"{'model': ElasticNet(alpha=1.0, copy_X=True, fit_intercept=True, l1_ratio=0.5,
           max_iter=1000, normalize=False, positive=False, precompute=False,
           random_state=None, selection='cyclic', tol=0.0001, warm_start=False), 'model__alpha': 1.233265306122449, 'model__l1_ratio': 0.7, 'model__max_iter': 100000.0}",-20.97354960815419,-6.544695592815497,-11.383908840924466,-41.75066310677676,-20.16320428716773,13.501989162880182,304
235,0.00484234094619751,0.0001597998970170421,0.0017142295837402344,0.00013098947601450188,"ElasticNet(alpha=1.0, copy_X=True, fit_intercept=True, l1_ratio=0.5,
           max_iter=1000, normalize=False, positive=False, precompute=False,
           random_state=None, selection='cyclic', tol=0.0001, warm_start=False)",1.233265306122449,100000.0,0.75,,,,,"{'model': ElasticNet(alpha=1.0, copy_X=True, fit_intercept=True, l1_ratio=0.5,
           max_iter=1000, normalize=False, positive=False, precompute=False,
           random_state=None, selection='cyclic', tol=0.0001, warm_start=False), 'model__alpha': 1.233265306122449, 'model__l1_ratio': 0.75, 'model__max_iter': 100000.0}",-21.73788945842473,-6.870299690951743,-11.904390044176763,-44.21690934335106,-21.182372134226075,14.33365683645364,314
236,0.004341423511505127,0.0006942219966002857,0.0014232397079467773,0.00031238463946303886,"ElasticNet(alpha=1.0, copy_X=True, fit_intercept=True, l1_ratio=0.5,
           max_iter=1000, normalize=False, positive=False, precompute=False,
           random_state=None, selection='cyclic', tol=0.0001, warm_start=False)",1.233265306122449,100000.0,0.7999999999999999,,,,,"{'model': ElasticNet(alpha=1.0, copy_X=True, fit_intercept=True, l1_ratio=0.5,
           max_iter=1000, normalize=False, positive=False, precompute=False,
           random_state=None, selection='cyclic', tol=0.0001, warm_start=False), 'model__alpha': 1.233265306122449, 'model__l1_ratio': 0.7999999999999999, 'model__max_iter': 100000.0}",-22.531492403294326,-7.201376316321503,-12.561031775626752,-46.97578850899229,-22.317422251058716,15.262395391538806,329
237,0.005044341087341309,0.0005426768378239241,0.00158613920211792,0.00010097151733558108,"ElasticNet(alpha=1.0, copy_X=True, fit_intercept=True, l1_ratio=0.5,
           max_iter=1000, normalize=False, positive=False, precompute=False,
           random_state=None, selection='cyclic', tol=0.0001, warm_start=False)",1.233265306122449,100000.0,0.85,,,,,"{'model': ElasticNet(alpha=1.0, copy_X=True, fit_intercept=True, l1_ratio=0.5,
           max_iter=1000, normalize=False, positive=False, precompute=False,
           random_state=None, selection='cyclic', tol=0.0001, warm_start=False), 'model__alpha': 1.233265306122449, 'model__l1_ratio': 0.85, 'model__max_iter': 100000.0}",-22.75432373410822,-7.4599147274843185,-13.237842233045066,-49.428951508560004,-23.2202580507994,16.086871625471872,340
238,0.005508244037628174,0.0007588327487901534,0.0014500021934509277,0.0003257039679970193,"ElasticNet(alpha=1.0, copy_X=True, fit_intercept=True, l1_ratio=0.5,
           max_iter=1000, normalize=False, positive=False, precompute=False,
           random_state=None, selection='cyclic', tol=0.0001, warm_start=False)",1.233265306122449,100000.0,0.9,,,,,"{'model': ElasticNet(alpha=1.0, copy_X=True, fit_intercept=True, l1_ratio=0.5,
           max_iter=1000, normalize=False, positive=False, precompute=False,
           random_state=None, selection='cyclic', tol=0.0001, warm_start=False), 'model__alpha': 1.233265306122449, 'model__l1_ratio': 0.9, 'model__max_iter': 100000.0}",-22.845883187095247,-7.549156309551318,-13.765511834476511,-52.51605042653286,-24.169150439413983,17.246432067239255,348
239,0.004663527011871338,0.0002306770522611602,0.0014933943748474121,0.0001426947022192252,"ElasticNet(alpha=1.0, copy_X=True, fit_intercept=True, l1_ratio=0.5,
           max_iter=1000, normalize=False, positive=False, precompute=False,
           random_state=None, selection='cyclic', tol=0.0001, warm_start=False)",1.233265306122449,100000.0,0.95,,,,,"{'model': ElasticNet(alpha=1.0, copy_X=True, fit_intercept=True, l1_ratio=0.5,
           max_iter=1000, normalize=False, positive=False, precompute=False,
           random_state=None, selection='cyclic', tol=0.0001, warm_start=False), 'model__alpha': 1.233265306122449, 'model__l1_ratio': 0.95, 'model__max_iter': 100000.0}",-23.012259072095507,-7.640248670564855,-14.480777597014313,-55.860394893285054,-25.24842005823993,18.49380465891158,362
240,0.004920661449432373,0.0001643005357813676,0.0015517473220825195,1.9238547529827613e-05,"ElasticNet(alpha=1.0, copy_X=True, fit_intercept=True, l1_ratio=0.5,
           max_iter=1000, normalize=False, positive=False, precompute=False,
           random_state=None, selection='cyclic', tol=0.0001, warm_start=False)",1.233265306122449,100000.0,1.0,,,,,"{'model': ElasticNet(alpha=1.0, copy_X=True, fit_intercept=True, l1_ratio=0.5,
           max_iter=1000, normalize=False, positive=False, precompute=False,
           random_state=None, selection='cyclic', tol=0.0001, warm_start=False), 'model__alpha': 1.233265306122449, 'model__l1_ratio': 1.0, 'model__max_iter': 100000.0}",-23.4153632612148,-7.533803780961679,-14.859878644269735,-56.95442967470978,-25.690868840289,18.904877160952655,366
241,0.004889309406280518,0.0002479053625224103,0.0015336871147155762,2.6577723804247556e-05,"ElasticNet(alpha=1.0, copy_X=True, fit_intercept=True, l1_ratio=0.5,
           max_iter=1000, normalize=False, positive=False, precompute=False,
           random_state=None, selection='cyclic', tol=0.0001, warm_start=False)",1.437142857142857,100000.0,0.05,,,,,"{'model': ElasticNet(alpha=1.0, copy_X=True, fit_intercept=True, l1_ratio=0.5,
           max_iter=1000, normalize=False, positive=False, precompute=False,
           random_state=None, selection='cyclic', tol=0.0001, warm_start=False), 'model__alpha': 1.437142857142857, 'model__l1_ratio': 0.05, 'model__max_iter': 100000.0}",-14.608853093529445,-4.387019462460045,-8.283272328786396,-20.94516031597508,-12.05607630018774,6.296446747636114,213
242,0.004994750022888184,0.0005250926179923681,0.0016227364540100098,0.00021733892796838345,"ElasticNet(alpha=1.0, copy_X=True, fit_intercept=True, l1_ratio=0.5,
           max_iter=1000, normalize=False, positive=False, precompute=False,
           random_state=None, selection='cyclic', tol=0.0001, warm_start=False)",1.437142857142857,100000.0,0.1,,,,,"{'model': ElasticNet(alpha=1.0, copy_X=True, fit_intercept=True, l1_ratio=0.5,
           max_iter=1000, normalize=False, positive=False, precompute=False,
           random_state=None, selection='cyclic', tol=0.0001, warm_start=False), 'model__alpha': 1.437142857142857, 'model__l1_ratio': 0.1, 'model__max_iter': 100000.0}",-15.045645493703063,-4.56391890151146,-8.48276142947452,-22.54656618805984,-12.65972300318722,6.8269932315404045,220
243,0.005477726459503174,0.0008567336912928517,0.0015477538108825684,6.93204581271525e-05,"ElasticNet(alpha=1.0, copy_X=True, fit_intercept=True, l1_ratio=0.5,
           max_iter=1000, normalize=False, positive=False, precompute=False,
           random_state=None, selection='cyclic', tol=0.0001, warm_start=False)",1.437142857142857,100000.0,0.15,,,,,"{'model': ElasticNet(alpha=1.0, copy_X=True, fit_intercept=True, l1_ratio=0.5,
           max_iter=1000, normalize=False, positive=False, precompute=False,
           random_state=None, selection='cyclic', tol=0.0001, warm_start=False), 'model__alpha': 1.437142857142857, 'model__l1_ratio': 0.15, 'model__max_iter': 100000.0}",-15.528184346623524,-4.756841685187482,-8.696936188523374,-24.270846172682827,-13.313202098254301,7.40772104783398,231
244,0.0044863224029541016,0.0008030476433134266,0.0016289353370666504,0.0005685134481532681,"ElasticNet(alpha=1.0, copy_X=True, fit_intercept=True, l1_ratio=0.5,
           max_iter=1000, normalize=False, positive=False, precompute=False,
           random_state=None, selection='cyclic', tol=0.0001, warm_start=False)",1.437142857142857,100000.0,0.2,,,,,"{'model': ElasticNet(alpha=1.0, copy_X=True, fit_intercept=True, l1_ratio=0.5,
           max_iter=1000, normalize=False, positive=False, precompute=False,
           random_state=None, selection='cyclic', tol=0.0001, warm_start=False), 'model__alpha': 1.437142857142857, 'model__l1_ratio': 0.2, 'model__max_iter': 100000.0}",-16.056716388996882,-4.95921123199711,-8.927395049400822,-26.143933127475986,-14.021813949467699,8.049386207163595,238
245,0.004727423191070557,0.0002765031846507302,0.0015838146209716797,5.196868785061549e-05,"ElasticNet(alpha=1.0, copy_X=True, fit_intercept=True, l1_ratio=0.5,
           max_iter=1000, normalize=False, positive=False, precompute=False,
           random_state=None, selection='cyclic', tol=0.0001, warm_start=False)",1.437142857142857,100000.0,0.25,,,,,"{'model': ElasticNet(alpha=1.0, copy_X=True, fit_intercept=True, l1_ratio=0.5,
           max_iter=1000, normalize=False, positive=False, precompute=False,
           random_state=None, selection='cyclic', tol=0.0001, warm_start=False), 'model__alpha': 1.437142857142857, 'model__l1_ratio': 0.25, 'model__max_iter': 100000.0}",-16.605827069985448,-5.166910356653878,-9.164204071720262,-28.008675231857254,-14.73640418255421,8.692993542177257,247
246,0.004671037197113037,0.0004925238627660493,0.0014652609825134277,0.00036112908784996246,"ElasticNet(alpha=1.0, copy_X=True, fit_intercept=True, l1_ratio=0.5,
           max_iter=1000, normalize=False, positive=False, precompute=False,
           random_state=None, selection='cyclic', tol=0.0001, warm_start=False)",1.437142857142857,100000.0,0.3,,,,,"{'model': ElasticNet(alpha=1.0, copy_X=True, fit_intercept=True, l1_ratio=0.5,
           max_iter=1000, normalize=False, positive=False, precompute=False,
           random_state=None, selection='cyclic', tol=0.0001, warm_start=False), 'model__alpha': 1.437142857142857, 'model__l1_ratio': 0.3, 'model__max_iter': 100000.0}",-17.213932259379458,-5.354834762464873,-9.41619760140588,-30.050435427870376,-15.508850012780147,9.415272844712106,253
247,0.0045357346534729,0.00015611924324195457,0.0017412900924682617,0.0005950538595976156,"ElasticNet(alpha=1.0, copy_X=True, fit_intercept=True, l1_ratio=0.5,
           max_iter=1000, normalize=False, positive=False, precompute=False,
           random_state=None, selection='cyclic', tol=0.0001, warm_start=False)",1.437142857142857,100000.0,0.35,,,,,"{'model': ElasticNet(alpha=1.0, copy_X=True, fit_intercept=True, l1_ratio=0.5,
           max_iter=1000, normalize=False, positive=False, precompute=False,
           random_state=None, selection='cyclic', tol=0.0001, warm_start=False), 'model__alpha': 1.437142857142857, 'model__l1_ratio': 0.35, 'model__max_iter': 100000.0}",-17.889389250204275,-5.558231258867983,-9.690870983053568,-32.05314080455917,-16.297908074171247,10.121187775440706,261
248,0.004367649555206299,0.0006205176719885809,0.0013733506202697754,0.00028185863050983207,"ElasticNet(alpha=1.0, copy_X=True, fit_intercept=True, l1_ratio=0.5,
           max_iter=1000, normalize=False, positive=False, precompute=False,
           random_state=None, selection='cyclic', tol=0.0001, warm_start=False)",1.437142857142857,100000.0,0.39999999999999997,,,,,"{'model': ElasticNet(alpha=1.0, copy_X=True, fit_intercept=True, l1_ratio=0.5,
           max_iter=1000, normalize=False, positive=False, precompute=False,
           random_state=None, selection='cyclic', tol=0.0001, warm_start=False), 'model__alpha': 1.437142857142857, 'model__l1_ratio': 0.39999999999999997, 'model__max_iter': 100000.0}",-18.64221255952973,-5.7787736894879895,-9.992250742094942,-34.272252219811996,-17.171372302731164,10.907962166971197,273
249,0.004707515239715576,0.00018906287968624262,0.0016354918479919434,0.00010312070381203269,"ElasticNet(alpha=1.0, copy_X=True, fit_intercept=True, l1_ratio=0.5,
           max_iter=1000, normalize=False, positive=False, precompute=False,
           random_state=None, selection='cyclic', tol=0.0001, warm_start=False)",1.437142857142857,100000.0,0.44999999999999996,,,,,"{'model': ElasticNet(alpha=1.0, copy_X=True, fit_intercept=True, l1_ratio=0.5,
           max_iter=1000, normalize=False, positive=False, precompute=False,
           random_state=None, selection='cyclic', tol=0.0001, warm_start=False), 'model__alpha': 1.437142857142857, 'model__l1_ratio': 0.44999999999999996, 'model__max_iter': 100000.0}",-19.389612538499957,-6.018488261272641,-10.325261675207683,-36.51908974670394,-18.063113055421056,11.697542550915026,283
250,0.005083203315734863,0.00024354090246711549,0.0017347931861877441,0.00017776238678311626,"ElasticNet(alpha=1.0, copy_X=True, fit_intercept=True, l1_ratio=0.5,
           max_iter=1000, normalize=False, positive=False, precompute=False,
           random_state=None, selection='cyclic', tol=0.0001, warm_start=False)",1.437142857142857,100000.0,0.49999999999999994,,,,,"{'model': ElasticNet(alpha=1.0, copy_X=True, fit_intercept=True, l1_ratio=0.5,
           max_iter=1000, normalize=False, positive=False, precompute=False,
           random_state=None, selection='cyclic', tol=0.0001, warm_start=False), 'model__alpha': 1.437142857142857, 'model__l1_ratio': 0.49999999999999994, 'model__max_iter': 100000.0}",-20.158788799008427,-6.279840079140894,-10.696390852026799,-39.010826751868,-19.03646162051103,12.575005509635343,293
251,0.004894435405731201,0.00025029388505874413,0.001701951026916504,0.00017678785870641254,"ElasticNet(alpha=1.0, copy_X=True, fit_intercept=True, l1_ratio=0.5,
           max_iter=1000, normalize=False, positive=False, precompute=False,
           random_state=None, selection='cyclic', tol=0.0001, warm_start=False)",1.437142857142857,100000.0,0.5499999999999999,,,,,"{'model': ElasticNet(alpha=1.0, copy_X=True, fit_intercept=True, l1_ratio=0.5,
           max_iter=1000, normalize=False, positive=False, precompute=False,
           random_state=None, selection='cyclic', tol=0.0001, warm_start=False), 'model__alpha': 1.437142857142857, 'model__l1_ratio': 0.5499999999999999, 'model__max_iter': 100000.0}",-20.961488964280047,-6.565961276247293,-11.148817012942986,-41.15113471859139,-19.95685049301543,13.295716886410048,300
252,0.004450798034667969,0.0009321411064402703,0.0014859437942504883,0.00023347458150652965,"ElasticNet(alpha=1.0, copy_X=True, fit_intercept=True, l1_ratio=0.5,
           max_iter=1000, normalize=False, positive=False, precompute=False,
           random_state=None, selection='cyclic', tol=0.0001, warm_start=False)",1.437142857142857,100000.0,0.6,,,,,"{'model': ElasticNet(alpha=1.0, copy_X=True, fit_intercept=True, l1_ratio=0.5,
           max_iter=1000, normalize=False, positive=False, precompute=False,
           random_state=None, selection='cyclic', tol=0.0001, warm_start=False), 'model__alpha': 1.437142857142857, 'model__l1_ratio': 0.6, 'model__max_iter': 100000.0}",-21.747382242729238,-6.880851652421847,-11.704006629992648,-43.480488013781596,-20.953182134731332,14.068475367827098,311
253,0.0050574541091918945,0.0011501041474108308,0.001367807388305664,0.0003179264595688971,"ElasticNet(alpha=1.0, copy_X=True, fit_intercept=True, l1_ratio=0.5,
           max_iter=1000, normalize=False, positive=False, precompute=False,
           random_state=None, selection='cyclic', tol=0.0001, warm_start=False)",1.437142857142857,100000.0,0.65,,,,,"{'model': ElasticNet(alpha=1.0, copy_X=True, fit_intercept=True, l1_ratio=0.5,
           max_iter=1000, normalize=False, positive=False, precompute=False,
           random_state=None, selection='cyclic', tol=0.0001, warm_start=False), 'model__alpha': 1.437142857142857, 'model__l1_ratio': 0.65, 'model__max_iter': 100000.0}",-22.617818774997193,-7.2303516549444184,-12.346950299560751,-46.11640515330548,-22.07788147070196,14.943914448856402,326
254,0.005043506622314453,0.00022032108544750806,0.001654982566833496,0.00011471594852587886,"ElasticNet(alpha=1.0, copy_X=True, fit_intercept=True, l1_ratio=0.5,
           max_iter=1000, normalize=False, positive=False, precompute=False,
           random_state=None, selection='cyclic', tol=0.0001, warm_start=False)",1.437142857142857,100000.0,0.7,,,,,"{'model': ElasticNet(alpha=1.0, copy_X=True, fit_intercept=True, l1_ratio=0.5,
           max_iter=1000, normalize=False, positive=False, precompute=False,
           random_state=None, selection='cyclic', tol=0.0001, warm_start=False), 'model__alpha': 1.437142857142857, 'model__l1_ratio': 0.7, 'model__max_iter': 100000.0}",-23.587743827527245,-7.632860270621637,-12.986068344512251,-49.03156568746398,-23.309559532531278,15.921937360084694,341
255,0.005560398101806641,0.0010753216988992121,0.0014590024948120117,0.00024099416137358433,"ElasticNet(alpha=1.0, copy_X=True, fit_intercept=True, l1_ratio=0.5,
           max_iter=1000, normalize=False, positive=False, precompute=False,
           random_state=None, selection='cyclic', tol=0.0001, warm_start=False)",1.437142857142857,100000.0,0.75,,,,,"{'model': ElasticNet(alpha=1.0, copy_X=True, fit_intercept=True, l1_ratio=0.5,
           max_iter=1000, normalize=False, positive=False, precompute=False,
           random_state=None, selection='cyclic', tol=0.0001, warm_start=False), 'model__alpha': 1.437142857142857, 'model__l1_ratio': 0.75, 'model__max_iter': 100000.0}",-24.079814092338285,-8.011214538993759,-13.726953710160906,-52.40946169244613,-24.55686100848477,17.080985391686852,353
256,0.0043877363204956055,0.0008686959897068325,0.0013885498046875,0.00029823977232414,"ElasticNet(alpha=1.0, copy_X=True, fit_intercept=True, l1_ratio=0.5,
           max_iter=1000, normalize=False, positive=False, precompute=False,
           random_state=None, selection='cyclic', tol=0.0001, warm_start=False)",1.437142857142857,100000.0,0.7999999999999999,,,,,"{'model': ElasticNet(alpha=1.0, copy_X=True, fit_intercept=True, l1_ratio=0.5,
           max_iter=1000, normalize=False, positive=False, precompute=False,
           random_state=None, selection='cyclic', tol=0.0001, warm_start=False), 'model__alpha': 1.437142857142857, 'model__l1_ratio': 0.7999999999999999, 'model__max_iter': 100000.0}",-24.319856392044706,-8.39317854197484,-14.595594416934922,-55.487630887704945,-25.699065059664854,18.111057665949872,368
257,0.004873752593994141,0.0003499008111964215,0.001653134822845459,0.00012063501547850952,"ElasticNet(alpha=1.0, copy_X=True, fit_intercept=True, l1_ratio=0.5,
           max_iter=1000, normalize=False, positive=False, precompute=False,
           random_state=None, selection='cyclic', tol=0.0001, warm_start=False)",1.437142857142857,100000.0,0.85,,,,,"{'model': ElasticNet(alpha=1.0, copy_X=True, fit_intercept=True, l1_ratio=0.5,
           max_iter=1000, normalize=False, positive=False, precompute=False,
           random_state=None, selection='cyclic', tol=0.0001, warm_start=False), 'model__alpha': 1.437142857142857, 'model__l1_ratio': 0.85, 'model__max_iter': 100000.0}",-24.529593977760904,-8.696521656528716,-15.292119458322555,-58.91360224539137,-26.857959334500883,19.342905664850704,383
258,0.0051763057708740234,0.00027051227717314586,0.0016278624534606934,0.00017214716076716736,"ElasticNet(alpha=1.0, copy_X=True, fit_intercept=True, l1_ratio=0.5,
           max_iter=1000, normalize=False, positive=False, precompute=False,
           random_state=None, selection='cyclic', tol=0.0001, warm_start=False)",1.437142857142857,100000.0,0.9,,,,,"{'model': ElasticNet(alpha=1.0, copy_X=True, fit_intercept=True, l1_ratio=0.5,
           max_iter=1000, normalize=False, positive=False, precompute=False,
           random_state=None, selection='cyclic', tol=0.0001, warm_start=False), 'model__alpha': 1.437142857142857, 'model__l1_ratio': 0.9, 'model__max_iter': 100000.0}",-24.74400581775509,-8.89095189507526,-16.138160877643625,-62.94952488442373,-28.180660868724424,20.843459293054053,398
259,0.005019783973693848,0.000588831929661547,0.0015145540237426758,4.1108541815146846e-05,"ElasticNet(alpha=1.0, copy_X=True, fit_intercept=True, l1_ratio=0.5,
           max_iter=1000, normalize=False, positive=False, precompute=False,
           random_state=None, selection='cyclic', tol=0.0001, warm_start=False)",1.437142857142857,100000.0,0.95,,,,,"{'model': ElasticNet(alpha=1.0, copy_X=True, fit_intercept=True, l1_ratio=0.5,
           max_iter=1000, normalize=False, positive=False, precompute=False,
           random_state=None, selection='cyclic', tol=0.0001, warm_start=False), 'model__alpha': 1.437142857142857, 'model__l1_ratio': 0.95, 'model__max_iter': 100000.0}",-25.072900259846516,-9.08172342162543,-17.135887615790903,-66.98598523142253,-29.569124132171346,22.330228848902635,436
260,0.0051171183586120605,0.000519955839593122,0.0016828179359436035,0.00022218202793708648,"ElasticNet(alpha=1.0, copy_X=True, fit_intercept=True, l1_ratio=0.5,
           max_iter=1000, normalize=False, positive=False, precompute=False,
           random_state=None, selection='cyclic', tol=0.0001, warm_start=False)",1.437142857142857,100000.0,1.0,,,,,"{'model': ElasticNet(alpha=1.0, copy_X=True, fit_intercept=True, l1_ratio=0.5,
           max_iter=1000, normalize=False, positive=False, precompute=False,
           random_state=None, selection='cyclic', tol=0.0001, warm_start=False), 'model__alpha': 1.437142857142857, 'model__l1_ratio': 1.0, 'model__max_iter': 100000.0}",-25.775117304977712,-9.125902137607065,-17.46104679006506,-67.57135133812872,-29.98335439269464,22.485596923500445,446
261,0.004926025867462158,0.0002491675130937707,0.001789093017578125,0.0003426810317079193,"ElasticNet(alpha=1.0, copy_X=True, fit_intercept=True, l1_ratio=0.5,
           max_iter=1000, normalize=False, positive=False, precompute=False,
           random_state=None, selection='cyclic', tol=0.0001, warm_start=False)",1.6410204081632653,100000.0,0.05,,,,,"{'model': ElasticNet(alpha=1.0, copy_X=True, fit_intercept=True, l1_ratio=0.5,
           max_iter=1000, normalize=False, positive=False, precompute=False,
           random_state=None, selection='cyclic', tol=0.0001, warm_start=False), 'model__alpha': 1.6410204081632653, 'model__l1_ratio': 0.05, 'model__max_iter': 100000.0}",-15.388699229341517,-4.70170374118417,-8.837725461743979,-22.892653541387407,-12.95519549341427,6.887465035370981,225
262,0.005630314350128174,0.0009243209482506997,0.0015160441398620605,0.00021802068140896146,"ElasticNet(alpha=1.0, copy_X=True, fit_intercept=True, l1_ratio=0.5,
           max_iter=1000, normalize=False, positive=False, precompute=False,
           random_state=None, selection='cyclic', tol=0.0001, warm_start=False)",1.6410204081632653,100000.0,0.1,,,,,"{'model': ElasticNet(alpha=1.0, copy_X=True, fit_intercept=True, l1_ratio=0.5,
           max_iter=1000, normalize=False, positive=False, precompute=False,
           random_state=None, selection='cyclic', tol=0.0001, warm_start=False), 'model__alpha': 1.6410204081632653, 'model__l1_ratio': 0.1, 'model__max_iter': 100000.0}",-15.908538647684942,-4.919133322818029,-9.078258938602694,-24.8140127802692,-13.679985922343715,7.530959945885685,235
263,0.0047782063484191895,0.0003315434897069557,0.0015154480934143066,3.402224561083042e-05,"ElasticNet(alpha=1.0, copy_X=True, fit_intercept=True, l1_ratio=0.5,
           max_iter=1000, normalize=False, positive=False, precompute=False,
           random_state=None, selection='cyclic', tol=0.0001, warm_start=False)",1.6410204081632653,100000.0,0.15,,,,,"{'model': ElasticNet(alpha=1.0, copy_X=True, fit_intercept=True, l1_ratio=0.5,
           max_iter=1000, normalize=False, positive=False, precompute=False,
           random_state=None, selection='cyclic', tol=0.0001, warm_start=False), 'model__alpha': 1.6410204081632653, 'model__l1_ratio': 0.15, 'model__max_iter': 100000.0}",-16.484632665415358,-5.1573414774773,-9.337307695331555,-26.86225240463403,-14.460383560714561,8.226427438211191,242
264,0.005505740642547607,0.0010266140313128988,0.0015093088150024414,0.00017244739352984526,"ElasticNet(alpha=1.0, copy_X=True, fit_intercept=True, l1_ratio=0.5,
           max_iter=1000, normalize=False, positive=False, precompute=False,
           random_state=None, selection='cyclic', tol=0.0001, warm_start=False)",1.6410204081632653,100000.0,0.2,,,,,"{'model': ElasticNet(alpha=1.0, copy_X=True, fit_intercept=True, l1_ratio=0.5,
           max_iter=1000, normalize=False, positive=False, precompute=False,
           random_state=None, selection='cyclic', tol=0.0001, warm_start=False), 'model__alpha': 1.6410204081632653, 'model__l1_ratio': 0.2, 'model__max_iter': 100000.0}",-17.100345639910827,-5.400593562594735,-9.615549080901735,-29.03120340937303,-15.286922923195082,8.973540793877719,249
265,0.005062282085418701,0.0002727773926381355,0.001709282398223877,0.00010346986930127698,"ElasticNet(alpha=1.0, copy_X=True, fit_intercept=True, l1_ratio=0.5,
           max_iter=1000, normalize=False, positive=False, precompute=False,
           random_state=None, selection='cyclic', tol=0.0001, warm_start=False)",1.6410204081632653,100000.0,0.25,,,,,"{'model': ElasticNet(alpha=1.0, copy_X=True, fit_intercept=True, l1_ratio=0.5,
           max_iter=1000, normalize=False, positive=False, precompute=False,
           random_state=None, selection='cyclic', tol=0.0001, warm_start=False), 'model__alpha': 1.6410204081632653, 'model__l1_ratio': 0.25, 'model__max_iter': 100000.0}",-17.762342879154573,-5.638647341937202,-9.899395868477399,-31.297834918314663,-16.14955525197096,9.767486091523773,260
266,0.005030035972595215,0.00044626100639269013,0.0016539692878723145,0.0001342225004043332,"ElasticNet(alpha=1.0, copy_X=True, fit_intercept=True, l1_ratio=0.5,
           max_iter=1000, normalize=False, positive=False, precompute=False,
           random_state=None, selection='cyclic', tol=0.0001, warm_start=False)",1.6410204081632653,100000.0,0.3,,,,,"{'model': ElasticNet(alpha=1.0, copy_X=True, fit_intercept=True, l1_ratio=0.5,
           max_iter=1000, normalize=False, positive=False, precompute=False,
           random_state=None, selection='cyclic', tol=0.0001, warm_start=False), 'model__alpha': 1.6410204081632653, 'model__l1_ratio': 0.3, 'model__max_iter': 100000.0}",-18.49827336211989,-5.8772220036698455,-10.208100582929351,-33.59598228247875,-17.04489455779946,10.577209898526613,270
267,0.004516720771789551,0.00011835321361658393,0.0015234947204589844,4.324225578222892e-05,"ElasticNet(alpha=1.0, copy_X=True, fit_intercept=True, l1_ratio=0.5,
           max_iter=1000, normalize=False, positive=False, precompute=False,
           random_state=None, selection='cyclic', tol=0.0001, warm_start=False)",1.6410204081632653,100000.0,0.35,,,,,"{'model': ElasticNet(alpha=1.0, copy_X=True, fit_intercept=True, l1_ratio=0.5,
           max_iter=1000, normalize=False, positive=False, precompute=False,
           random_state=None, selection='cyclic', tol=0.0001, warm_start=False), 'model__alpha': 1.6410204081632653, 'model__l1_ratio': 0.35, 'model__max_iter': 100000.0}",-19.319341347916623,-6.13642003425763,-10.545795497512813,-36.05830484481271,-18.014965431124942,11.447181246626368,282
268,0.004882335662841797,0.0014900271103024264,0.0013574957847595215,0.00024739356406535296,"ElasticNet(alpha=1.0, copy_X=True, fit_intercept=True, l1_ratio=0.5,
           max_iter=1000, normalize=False, positive=False, precompute=False,
           random_state=None, selection='cyclic', tol=0.0001, warm_start=False)",1.6410204081632653,100000.0,0.39999999999999997,,,,,"{'model': ElasticNet(alpha=1.0, copy_X=True, fit_intercept=True, l1_ratio=0.5,
           max_iter=1000, normalize=False, positive=False, precompute=False,
           random_state=None, selection='cyclic', tol=0.0001, warm_start=False), 'model__alpha': 1.6410204081632653, 'model__l1_ratio': 0.39999999999999997, 'model__max_iter': 100000.0}",-20.219718818020453,-6.4185531793765636,-10.91737662570532,-38.575039027662584,-19.032671912691228,12.331739555157062,292
269,0.005405902862548828,0.0015756232052774606,0.0013530254364013672,0.0003374624019530137,"ElasticNet(alpha=1.0, copy_X=True, fit_intercept=True, l1_ratio=0.5,
           max_iter=1000, normalize=False, positive=False, precompute=False,
           random_state=None, selection='cyclic', tol=0.0001, warm_start=False)",1.6410204081632653,100000.0,0.44999999999999996,,,,,"{'model': ElasticNet(alpha=1.0, copy_X=True, fit_intercept=True, l1_ratio=0.5,
           max_iter=1000, normalize=False, positive=False, precompute=False,
           random_state=None, selection='cyclic', tol=0.0001, warm_start=False), 'model__alpha': 1.6410204081632653, 'model__l1_ratio': 0.44999999999999996, 'model__max_iter': 100000.0}",-21.07131571946205,-6.726376478749388,-11.329365145563274,-41.3579063584715,-20.12124092556155,13.309940590614504,302
270,0.0052054524421691895,0.0008038162684797364,0.001600503921508789,0.0005516904174291793,"ElasticNet(alpha=1.0, copy_X=True, fit_intercept=True, l1_ratio=0.5,
           max_iter=1000, normalize=False, positive=False, precompute=False,
           random_state=None, selection='cyclic', tol=0.0001, warm_start=False)",1.6410204081632653,100000.0,0.49999999999999994,,,,,"{'model': ElasticNet(alpha=1.0, copy_X=True, fit_intercept=True, l1_ratio=0.5,
           max_iter=1000, normalize=False, positive=False, precompute=False,
           random_state=None, selection='cyclic', tol=0.0001, warm_start=False), 'model__alpha': 1.6410204081632653, 'model__l1_ratio': 0.49999999999999994, 'model__max_iter': 100000.0}",-22.009553805457195,-7.0632357065994995,-11.8054650430033,-44.060713404609274,-21.234741989917318,14.242262447146127,316
271,0.004283428192138672,0.00024855494210764234,0.0013780593872070312,0.00022704021820401705,"ElasticNet(alpha=1.0, copy_X=True, fit_intercept=True, l1_ratio=0.5,
           max_iter=1000, normalize=False, positive=False, precompute=False,
           random_state=None, selection='cyclic', tol=0.0001, warm_start=False)",1.6410204081632653,100000.0,0.5499999999999999,,,,,"{'model': ElasticNet(alpha=1.0, copy_X=True, fit_intercept=True, l1_ratio=0.5,
           max_iter=1000, normalize=False, positive=False, precompute=False,
           random_state=None, selection='cyclic', tol=0.0001, warm_start=False), 'model__alpha': 1.6410204081632653, 'model__l1_ratio': 0.5499999999999999, 'model__max_iter': 100000.0}",-22.905447419106903,-7.433289192759942,-12.409620820830305,-46.719606662278544,-22.36699102374392,15.12865241406612,330
272,0.0046212077140808105,6.13881255206344e-05,0.0014702677726745605,0.0001742745531789634,"ElasticNet(alpha=1.0, copy_X=True, fit_intercept=True, l1_ratio=0.5,
           max_iter=1000, normalize=False, positive=False, precompute=False,
           random_state=None, selection='cyclic', tol=0.0001, warm_start=False)",1.6410204081632653,100000.0,0.6,,,,,"{'model': ElasticNet(alpha=1.0, copy_X=True, fit_intercept=True, l1_ratio=0.5,
           max_iter=1000, normalize=False, positive=False, precompute=False,
           random_state=None, selection='cyclic', tol=0.0001, warm_start=False), 'model__alpha': 1.6410204081632653, 'model__l1_ratio': 0.6, 'model__max_iter': 100000.0}",-23.893663050234032,-7.8186194606139505,-13.101810802129679,-49.70898445650044,-23.630769442369527,16.13246314474105,343
273,0.005353271961212158,0.0005576380035188574,0.0017136335372924805,0.00039092274167712,"ElasticNet(alpha=1.0, copy_X=True, fit_intercept=True, l1_ratio=0.5,
           max_iter=1000, normalize=False, positive=False, precompute=False,
           random_state=None, selection='cyclic', tol=0.0001, warm_start=False)",1.6410204081632653,100000.0,0.65,,,,,"{'model': ElasticNet(alpha=1.0, copy_X=True, fit_intercept=True, l1_ratio=0.5,
           max_iter=1000, normalize=False, positive=False, precompute=False,
           random_state=None, selection='cyclic', tol=0.0001, warm_start=False), 'model__alpha': 1.6410204081632653, 'model__l1_ratio': 0.65, 'model__max_iter': 100000.0}",-24.92532765153665,-8.263186679225875,-13.833431171567783,-53.09849205142129,-25.0301093884379,17.27961504748354,361
274,0.005075812339782715,0.00011326996706324599,0.0017979145050048828,0.00038552925621175387,"ElasticNet(alpha=1.0, copy_X=True, fit_intercept=True, l1_ratio=0.5,
           max_iter=1000, normalize=False, positive=False, precompute=False,
           random_state=None, selection='cyclic', tol=0.0001, warm_start=False)",1.6410204081632653,100000.0,0.7,,,,,"{'model': ElasticNet(alpha=1.0, copy_X=True, fit_intercept=True, l1_ratio=0.5,
           max_iter=1000, normalize=False, positive=False, precompute=False,
           random_state=None, selection='cyclic', tol=0.0001, warm_start=False), 'model__alpha': 1.6410204081632653, 'model__l1_ratio': 0.7, 'model__max_iter': 100000.0}",-25.343984242584604,-8.714318427727342,-14.623459365162054,-56.88924572277628,-26.392751939562572,18.588836070919253,377
275,0.005291640758514404,0.0015096369826679145,0.0014016032218933105,0.000196780805726917,"ElasticNet(alpha=1.0, copy_X=True, fit_intercept=True, l1_ratio=0.5,
           max_iter=1000, normalize=False, positive=False, precompute=False,
           random_state=None, selection='cyclic', tol=0.0001, warm_start=False)",1.6410204081632653,100000.0,0.75,,,,,"{'model': ElasticNet(alpha=1.0, copy_X=True, fit_intercept=True, l1_ratio=0.5,
           max_iter=1000, normalize=False, positive=False, precompute=False,
           random_state=None, selection='cyclic', tol=0.0001, warm_start=False), 'model__alpha': 1.6410204081632653, 'model__l1_ratio': 0.75, 'model__max_iter': 100000.0}",-25.69369371929255,-9.18083167712471,-15.554301699216092,-60.782169348703555,-27.802749111084225,19.93044496977956,392
276,0.0047495365142822266,4.301093634316238e-05,0.0015336871147155762,9.15111840790676e-05,"ElasticNet(alpha=1.0, copy_X=True, fit_intercept=True, l1_ratio=0.5,
           max_iter=1000, normalize=False, positive=False, precompute=False,
           random_state=None, selection='cyclic', tol=0.0001, warm_start=False)",1.6410204081632653,100000.0,0.7999999999999999,,,,,"{'model': ElasticNet(alpha=1.0, copy_X=True, fit_intercept=True, l1_ratio=0.5,
           max_iter=1000, normalize=False, positive=False, precompute=False,
           random_state=None, selection='cyclic', tol=0.0001, warm_start=False), 'model__alpha': 1.6410204081632653, 'model__l1_ratio': 0.7999999999999999, 'model__max_iter': 100000.0}",-26.024472572606836,-9.688139323329818,-16.492261055096286,-64.73812716139898,-29.23575002810798,21.30279723699133,426
277,0.005198836326599121,0.000482141245780009,0.001709282398223877,0.00010415663958402113,"ElasticNet(alpha=1.0, copy_X=True, fit_intercept=True, l1_ratio=0.5,
           max_iter=1000, normalize=False, positive=False, precompute=False,
           random_state=None, selection='cyclic', tol=0.0001, warm_start=False)",1.6410204081632653,100000.0,0.85,,,,,"{'model': ElasticNet(alpha=1.0, copy_X=True, fit_intercept=True, l1_ratio=0.5,
           max_iter=1000, normalize=False, positive=False, precompute=False,
           random_state=None, selection='cyclic', tol=0.0001, warm_start=False), 'model__alpha': 1.6410204081632653, 'model__l1_ratio': 0.85, 'model__max_iter': 100000.0}",-26.358075215359708,-10.007483977092393,-17.439142626788563,-69.10154629641988,-30.726562028915136,22.8995567875067,472
278,0.005016505718231201,0.0005237381517656562,0.0015442371368408203,0.00012334515544299882,"ElasticNet(alpha=1.0, copy_X=True, fit_intercept=True, l1_ratio=0.5,
           max_iter=1000, normalize=False, positive=False, precompute=False,
           random_state=None, selection='cyclic', tol=0.0001, warm_start=False)",1.6410204081632653,100000.0,0.9,,,,,"{'model': ElasticNet(alpha=1.0, copy_X=True, fit_intercept=True, l1_ratio=0.5,
           max_iter=1000, normalize=False, positive=False, precompute=False,
           random_state=None, selection='cyclic', tol=0.0001, warm_start=False), 'model__alpha': 1.6410204081632653, 'model__l1_ratio': 0.9, 'model__max_iter': 100000.0}",-26.735500753160633,-10.342803156472439,-18.620714732740577,-74.14290697860197,-32.460481405243904,24.753438335970493,528
279,0.004542529582977295,0.0008774390404297636,0.0014292597770690918,0.0002939086781330792,"ElasticNet(alpha=1.0, copy_X=True, fit_intercept=True, l1_ratio=0.5,
           max_iter=1000, normalize=False, positive=False, precompute=False,
           random_state=None, selection='cyclic', tol=0.0001, warm_start=False)",1.6410204081632653,100000.0,0.95,,,,,"{'model': ElasticNet(alpha=1.0, copy_X=True, fit_intercept=True, l1_ratio=0.5,
           max_iter=1000, normalize=False, positive=False, precompute=False,
           random_state=None, selection='cyclic', tol=0.0001, warm_start=False), 'model__alpha': 1.6410204081632653, 'model__l1_ratio': 0.95, 'model__max_iter': 100000.0}",-27.249174769937433,-10.671478600951623,-19.60022716860761,-77.3391344916854,-33.715003757795515,25.86069747998169,552
280,0.005481064319610596,0.0008534193684192531,0.0018103718757629395,0.0007204712294003535,"ElasticNet(alpha=1.0, copy_X=True, fit_intercept=True, l1_ratio=0.5,
           max_iter=1000, normalize=False, positive=False, precompute=False,
           random_state=None, selection='cyclic', tol=0.0001, warm_start=False)",1.6410204081632653,100000.0,1.0,,,,,"{'model': ElasticNet(alpha=1.0, copy_X=True, fit_intercept=True, l1_ratio=0.5,
           max_iter=1000, normalize=False, positive=False, precompute=False,
           random_state=None, selection='cyclic', tol=0.0001, warm_start=False), 'model__alpha': 1.6410204081632653, 'model__l1_ratio': 1.0, 'model__max_iter': 100000.0}",-28.342701828431093,-10.972073496831966,-20.351150404191365,-78.89564411455312,-34.64039246100189,26.280030286181784,578
281,0.00510483980178833,0.0002851949337898614,0.001542508602142334,0.0002441915150196129,"ElasticNet(alpha=1.0, copy_X=True, fit_intercept=True, l1_ratio=0.5,
           max_iter=1000, normalize=False, positive=False, precompute=False,
           random_state=None, selection='cyclic', tol=0.0001, warm_start=False)",1.8448979591836736,100000.0,0.05,,,,,"{'model': ElasticNet(alpha=1.0, copy_X=True, fit_intercept=True, l1_ratio=0.5,
           max_iter=1000, normalize=False, positive=False, precompute=False,
           random_state=None, selection='cyclic', tol=0.0001, warm_start=False), 'model__alpha': 1.8448979591836736, 'model__l1_ratio': 0.05, 'model__max_iter': 100000.0}",-16.14058450983512,-5.015545238042164,-9.383334923491095,-24.846177593471133,-13.846410566209878,7.486009206755246,236
282,0.005288302898406982,0.0008924221336236291,0.0014649629592895508,9.670166162382382e-05,"ElasticNet(alpha=1.0, copy_X=True, fit_intercept=True, l1_ratio=0.5,
           max_iter=1000, normalize=False, positive=False, precompute=False,
           random_state=None, selection='cyclic', tol=0.0001, warm_start=False)",1.8448979591836736,100000.0,0.1,,,,,"{'model': ElasticNet(alpha=1.0, copy_X=True, fit_intercept=True, l1_ratio=0.5,
           max_iter=1000, normalize=False, positive=False, precompute=False,
           random_state=None, selection='cyclic', tol=0.0001, warm_start=False), 'model__alpha': 1.8448979591836736, 'model__l1_ratio': 0.1, 'model__max_iter': 100000.0}",-16.74407990995315,-5.27530999630602,-9.666189385686,-27.094932779753893,-14.695128017924766,8.245855888180495,245
283,0.0043795108795166016,0.0002495785341597207,0.0013960003852844238,0.0002351979268521062,"ElasticNet(alpha=1.0, copy_X=True, fit_intercept=True, l1_ratio=0.5,
           max_iter=1000, normalize=False, positive=False, precompute=False,
           random_state=None, selection='cyclic', tol=0.0001, warm_start=False)",1.8448979591836736,100000.0,0.15,,,,,"{'model': ElasticNet(alpha=1.0, copy_X=True, fit_intercept=True, l1_ratio=0.5,
           max_iter=1000, normalize=False, positive=False, precompute=False,
           random_state=None, selection='cyclic', tol=0.0001, warm_start=False), 'model__alpha': 1.8448979591836736, 'model__l1_ratio': 0.15, 'model__max_iter': 100000.0}",-17.41453024876619,-5.553753431732661,-9.971644735004313,-29.479494119278424,-15.604855633695397,9.06281186803364,255
284,0.005254209041595459,0.001085515449241584,0.0013118982315063477,0.00029132982171496674,"ElasticNet(alpha=1.0, copy_X=True, fit_intercept=True, l1_ratio=0.5,
           max_iter=1000, normalize=False, positive=False, precompute=False,
           random_state=None, selection='cyclic', tol=0.0001, warm_start=False)",1.8448979591836736,100000.0,0.2,,,,,"{'model': ElasticNet(alpha=1.0, copy_X=True, fit_intercept=True, l1_ratio=0.5,
           max_iter=1000, normalize=False, positive=False, precompute=False,
           random_state=None, selection='cyclic', tol=0.0001, warm_start=False), 'model__alpha': 1.8448979591836736, 'model__l1_ratio': 0.2, 'model__max_iter': 100000.0}",-18.11842392475706,-5.846108471344934,-10.294132261129421,-31.946301758653647,-16.551241603971263,9.914827662501319,265
285,0.005248308181762695,0.0006077750219589571,0.0016688108444213867,9.930849335755891e-05,"ElasticNet(alpha=1.0, copy_X=True, fit_intercept=True, l1_ratio=0.5,
           max_iter=1000, normalize=False, positive=False, precompute=False,
           random_state=None, selection='cyclic', tol=0.0001, warm_start=False)",1.8448979591836736,100000.0,0.25,,,,,"{'model': ElasticNet(alpha=1.0, copy_X=True, fit_intercept=True, l1_ratio=0.5,
           max_iter=1000, normalize=False, positive=False, precompute=False,
           random_state=None, selection='cyclic', tol=0.0001, warm_start=False), 'model__alpha': 1.8448979591836736, 'model__l1_ratio': 0.25, 'model__max_iter': 100000.0}",-18.8950391696075,-6.118095997333017,-10.63167415301204,-34.562832187602545,-17.551910376888777,10.837403245986089,276
286,0.004729151725769043,0.0002606924553830736,0.00156480073928833,8.506405622839527e-05,"ElasticNet(alpha=1.0, copy_X=True, fit_intercept=True, l1_ratio=0.5,
           max_iter=1000, normalize=False, positive=False, precompute=False,
           random_state=None, selection='cyclic', tol=0.0001, warm_start=False)",1.8448979591836736,100000.0,0.3,,,,,"{'model': ElasticNet(alpha=1.0, copy_X=True, fit_intercept=True, l1_ratio=0.5,
           max_iter=1000, normalize=False, positive=False, precompute=False,
           random_state=None, selection='cyclic', tol=0.0001, warm_start=False), 'model__alpha': 1.8448979591836736, 'model__l1_ratio': 0.3, 'model__max_iter': 100000.0}",-19.76173215753726,-6.410984602130884,-10.999634135963769,-37.21559022858124,-18.59698528105329,11.771017823948805,286
287,0.004440367221832275,0.0001927316995276664,0.0013661384582519531,0.0002596356980312232,"ElasticNet(alpha=1.0, copy_X=True, fit_intercept=True, l1_ratio=0.5,
           max_iter=1000, normalize=False, positive=False, precompute=False,
           random_state=None, selection='cyclic', tol=0.0001, warm_start=False)",1.8448979591836736,100000.0,0.35,,,,,"{'model': ElasticNet(alpha=1.0, copy_X=True, fit_intercept=True, l1_ratio=0.5,
           max_iter=1000, normalize=False, positive=False, precompute=False,
           random_state=None, selection='cyclic', tol=0.0001, warm_start=False), 'model__alpha': 1.8448979591836736, 'model__l1_ratio': 0.35, 'model__max_iter': 100000.0}",-20.724008413698282,-6.7304018803696,-11.403010661054585,-40.000558998886866,-19.714494988502334,12.749617209500242,299
288,0.006272614002227783,0.002273015927800634,0.001414179801940918,0.0004325651776823392,"ElasticNet(alpha=1.0, copy_X=True, fit_intercept=True, l1_ratio=0.5,
           max_iter=1000, normalize=False, positive=False, precompute=False,
           random_state=None, selection='cyclic', tol=0.0001, warm_start=False)",1.8448979591836736,100000.0,0.39999999999999997,,,,,"{'model': ElasticNet(alpha=1.0, copy_X=True, fit_intercept=True, l1_ratio=0.5,
           max_iter=1000, normalize=False, positive=False, precompute=False,
           random_state=None, selection='cyclic', tol=0.0001, warm_start=False), 'model__alpha': 1.8448979591836736, 'model__l1_ratio': 0.39999999999999997, 'model__max_iter': 100000.0}",-21.726559648919753,-7.07942106058153,-11.847992883548708,-43.02284878450239,-20.919205594388096,13.811674399151794,310
289,0.005627930164337158,0.0007092728606257449,0.0016782879829406738,0.0005259369671097671,"ElasticNet(alpha=1.0, copy_X=True, fit_intercept=True, l1_ratio=0.5,
           max_iter=1000, normalize=False, positive=False, precompute=False,
           random_state=None, selection='cyclic', tol=0.0001, warm_start=False)",1.8448979591836736,100000.0,0.44999999999999996,,,,,"{'model': ElasticNet(alpha=1.0, copy_X=True, fit_intercept=True, l1_ratio=0.5,
           max_iter=1000, normalize=False, positive=False, precompute=False,
           random_state=None, selection='cyclic', tol=0.0001, warm_start=False), 'model__alpha': 1.8448979591836736, 'model__l1_ratio': 0.44999999999999996, 'model__max_iter': 100000.0}",-22.736071754892997,-7.461680806096942,-12.341978168802324,-46.309242672907295,-22.21224335067489,14.966136798408654,328
290,0.004827558994293213,0.00046528381020707275,0.0015771985054016113,0.00016978318981570665,"ElasticNet(alpha=1.0, copy_X=True, fit_intercept=True, l1_ratio=0.5,
           max_iter=1000, normalize=False, positive=False, precompute=False,
           random_state=None, selection='cyclic', tol=0.0001, warm_start=False)",1.8448979591836736,100000.0,0.49999999999999994,,,,,"{'model': ElasticNet(alpha=1.0, copy_X=True, fit_intercept=True, l1_ratio=0.5,
           max_iter=1000, normalize=False, positive=False, precompute=False,
           random_state=None, selection='cyclic', tol=0.0001, warm_start=False), 'model__alpha': 1.8448979591836736, 'model__l1_ratio': 0.49999999999999994, 'model__max_iter': 100000.0}",-23.763049656426073,-7.881582930853617,-12.966532104643427,-49.25158289980257,-23.465686897931423,15.953819331586141,342
291,0.004863560199737549,0.0004144326810341475,0.001426100730895996,0.00027091183795236855,"ElasticNet(alpha=1.0, copy_X=True, fit_intercept=True, l1_ratio=0.5,
           max_iter=1000, normalize=False, positive=False, precompute=False,
           random_state=None, selection='cyclic', tol=0.0001, warm_start=False)",1.8448979591836736,100000.0,0.5499999999999999,,,,,"{'model': ElasticNet(alpha=1.0, copy_X=True, fit_intercept=True, l1_ratio=0.5,
           max_iter=1000, normalize=False, positive=False, precompute=False,
           random_state=None, selection='cyclic', tol=0.0001, warm_start=False), 'model__alpha': 1.8448979591836736, 'model__l1_ratio': 0.5499999999999999, 'model__max_iter': 100000.0}",-24.83588423715056,-8.32075058457666,-13.69273571890965,-52.55021917061309,-24.84989742781249,17.066069947325637,356
292,0.005084693431854248,0.0008582278283950496,0.0018630027770996094,0.0006849488598971046,"ElasticNet(alpha=1.0, copy_X=True, fit_intercept=True, l1_ratio=0.5,
           max_iter=1000, normalize=False, positive=False, precompute=False,
           random_state=None, selection='cyclic', tol=0.0001, warm_start=False)",1.8448979591836736,100000.0,0.6,,,,,"{'model': ElasticNet(alpha=1.0, copy_X=True, fit_intercept=True, l1_ratio=0.5,
           max_iter=1000, normalize=False, positive=False, precompute=False,
           random_state=None, selection='cyclic', tol=0.0001, warm_start=False), 'model__alpha': 1.8448979591836736, 'model__l1_ratio': 0.6, 'model__max_iter': 100000.0}",-25.886288953870817,-8.783975711401554,-14.49645788759037,-56.27046386546552,-26.359296604582063,18.33385195526163,376
293,0.0057073235511779785,0.0007023445807258491,0.0016159415245056152,0.0003928924199623889,"ElasticNet(alpha=1.0, copy_X=True, fit_intercept=True, l1_ratio=0.5,
           max_iter=1000, normalize=False, positive=False, precompute=False,
           random_state=None, selection='cyclic', tol=0.0001, warm_start=False)",1.8448979591836736,100000.0,0.65,,,,,"{'model': ElasticNet(alpha=1.0, copy_X=True, fit_intercept=True, l1_ratio=0.5,
           max_iter=1000, normalize=False, positive=False, precompute=False,
           random_state=None, selection='cyclic', tol=0.0001, warm_start=False), 'model__alpha': 1.8448979591836736, 'model__l1_ratio': 0.65, 'model__max_iter': 100000.0}",-26.385596607848615,-9.296522480753119,-15.33209484727483,-60.49786051504137,-27.878018612729484,19.80500953549207,393
294,0.00484776496887207,0.0003838036338385737,0.0015639662742614746,8.633211727996651e-05,"ElasticNet(alpha=1.0, copy_X=True, fit_intercept=True, l1_ratio=0.5,
           max_iter=1000, normalize=False, positive=False, precompute=False,
           random_state=None, selection='cyclic', tol=0.0001, warm_start=False)",1.8448979591836736,100000.0,0.7,,,,,"{'model': ElasticNet(alpha=1.0, copy_X=True, fit_intercept=True, l1_ratio=0.5,
           max_iter=1000, normalize=False, positive=False, precompute=False,
           random_state=None, selection='cyclic', tol=0.0001, warm_start=False), 'model__alpha': 1.8448979591836736, 'model__l1_ratio': 0.7, 'model__max_iter': 100000.0}",-26.86832278052786,-9.853240915727628,-16.24360326551336,-65.13302749304268,-29.52454861370288,21.438068707717306,435
295,0.005026459693908691,0.0017501600229696435,0.001365065574645996,0.0002643857529662125,"ElasticNet(alpha=1.0, copy_X=True, fit_intercept=True, l1_ratio=0.5,
           max_iter=1000, normalize=False, positive=False, precompute=False,
           random_state=None, selection='cyclic', tol=0.0001, warm_start=False)",1.8448979591836736,100000.0,0.75,,,,,"{'model': ElasticNet(alpha=1.0, copy_X=True, fit_intercept=True, l1_ratio=0.5,
           max_iter=1000, normalize=False, positive=False, precompute=False,
           random_state=None, selection='cyclic', tol=0.0001, warm_start=False), 'model__alpha': 1.8448979591836736, 'model__l1_ratio': 0.75, 'model__max_iter': 100000.0}",-27.31437823454263,-10.42909547229089,-17.41026690090656,-69.63505948638048,-31.19720002353014,22.988796383835375,484
296,0.004664182662963867,0.0011028981262377147,0.0015555024147033691,0.0003969045815957744,"ElasticNet(alpha=1.0, copy_X=True, fit_intercept=True, l1_ratio=0.5,
           max_iter=1000, normalize=False, positive=False, precompute=False,
           random_state=None, selection='cyclic', tol=0.0001, warm_start=False)",1.8448979591836736,100000.0,0.7999999999999999,,,,,"{'model': ElasticNet(alpha=1.0, copy_X=True, fit_intercept=True, l1_ratio=0.5,
           max_iter=1000, normalize=False, positive=False, precompute=False,
           random_state=None, selection='cyclic', tol=0.0001, warm_start=False), 'model__alpha': 1.8448979591836736, 'model__l1_ratio': 0.7999999999999999, 'model__max_iter': 100000.0}",-27.760222224599556,-10.961193236386189,-18.45061721700097,-74.50349754495785,-32.91888255573615,24.735413895723404,540
297,0.005445539951324463,0.0004898495923286047,0.0015822052955627441,0.0003869186609910805,"ElasticNet(alpha=1.0, copy_X=True, fit_intercept=True, l1_ratio=0.5,
           max_iter=1000, normalize=False, positive=False, precompute=False,
           random_state=None, selection='cyclic', tol=0.0001, warm_start=False)",1.8448979591836736,100000.0,0.85,,,,,"{'model': ElasticNet(alpha=1.0, copy_X=True, fit_intercept=True, l1_ratio=0.5,
           max_iter=1000, normalize=False, positive=False, precompute=False,
           random_state=None, selection='cyclic', tol=0.0001, warm_start=False), 'model__alpha': 1.8448979591836736, 'model__l1_ratio': 0.85, 'model__max_iter': 100000.0}",-28.23922573339143,-11.378720184318817,-19.655863132029005,-79.8703096867077,-34.78602968411174,26.703356639355754,585
298,0.005177438259124756,0.0005814265493639379,0.0014424920082092285,0.00014129065744002402,"ElasticNet(alpha=1.0, copy_X=True, fit_intercept=True, l1_ratio=0.5,
           max_iter=1000, normalize=False, positive=False, precompute=False,
           random_state=None, selection='cyclic', tol=0.0001, warm_start=False)",1.8448979591836736,100000.0,0.9,,,,,"{'model': ElasticNet(alpha=1.0, copy_X=True, fit_intercept=True, l1_ratio=0.5,
           max_iter=1000, normalize=False, positive=False, precompute=False,
           random_state=None, selection='cyclic', tol=0.0001, warm_start=False), 'model__alpha': 1.8448979591836736, 'model__l1_ratio': 0.9, 'model__max_iter': 100000.0}",-28.798727501824473,-11.890452028302944,-21.15359184440648,-84.63846011932536,-36.62030787346481,28.362409715425663,610
299,0.004563093185424805,0.0001740410719252956,0.001409769058227539,0.00023224766081148289,"ElasticNet(alpha=1.0, copy_X=True, fit_intercept=True, l1_ratio=0.5,
           max_iter=1000, normalize=False, positive=False, precompute=False,
           random_state=None, selection='cyclic', tol=0.0001, warm_start=False)",1.8448979591836736,100000.0,0.95,,,,,"{'model': ElasticNet(alpha=1.0, copy_X=True, fit_intercept=True, l1_ratio=0.5,
           max_iter=1000, normalize=False, positive=False, precompute=False,
           random_state=None, selection='cyclic', tol=0.0001, warm_start=False), 'model__alpha': 1.8448979591836736, 'model__l1_ratio': 0.95, 'model__max_iter': 100000.0}",-29.536709622653976,-12.395859932038325,-22.206413372629086,-88.15900819436041,-38.07449778042045,29.548860191858974,632
300,0.005149781703948975,0.0003396309846622242,0.0017920136451721191,0.0008294028684019239,"ElasticNet(alpha=1.0, copy_X=True, fit_intercept=True, l1_ratio=0.5,
           max_iter=1000, normalize=False, positive=False, precompute=False,
           random_state=None, selection='cyclic', tol=0.0001, warm_start=False)",1.8448979591836736,100000.0,1.0,,,,,"{'model': ElasticNet(alpha=1.0, copy_X=True, fit_intercept=True, l1_ratio=0.5,
           max_iter=1000, normalize=False, positive=False, precompute=False,
           random_state=None, selection='cyclic', tol=0.0001, warm_start=False), 'model__alpha': 1.8448979591836736, 'model__l1_ratio': 1.0, 'model__max_iter': 100000.0}",-30.94037305937992,-13.0777979391376,-23.59712701967052,-91.31182316233792,-39.731780295131486,30.448938713527664,657
301,0.0051863789558410645,0.0003528721175240495,0.0018478631973266602,0.0004060560814827359,"ElasticNet(alpha=1.0, copy_X=True, fit_intercept=True, l1_ratio=0.5,
           max_iter=1000, normalize=False, positive=False, precompute=False,
           random_state=None, selection='cyclic', tol=0.0001, warm_start=False)",2.0487755102040817,100000.0,0.05,,,,,"{'model': ElasticNet(alpha=1.0, copy_X=True, fit_intercept=True, l1_ratio=0.5,
           max_iter=1000, normalize=False, positive=False, precompute=False,
           random_state=None, selection='cyclic', tol=0.0001, warm_start=False), 'model__alpha': 2.0487755102040817, 'model__l1_ratio': 0.05, 'model__max_iter': 100000.0}",-16.8660293310369,-5.326706843066391,-9.919920673180894,-26.79012276705112,-14.725694903583825,8.086530369223581,246
302,0.004419565200805664,0.0007216811257895465,0.001383364200592041,0.0002867777309518473,"ElasticNet(alpha=1.0, copy_X=True, fit_intercept=True, l1_ratio=0.5,
           max_iter=1000, normalize=False, positive=False, precompute=False,
           random_state=None, selection='cyclic', tol=0.0001, warm_start=False)",2.0487755102040817,100000.0,0.1,,,,,"{'model': ElasticNet(alpha=1.0, copy_X=True, fit_intercept=True, l1_ratio=0.5,
           max_iter=1000, normalize=False, positive=False, precompute=False,
           random_state=None, selection='cyclic', tol=0.0001, warm_start=False), 'model__alpha': 2.0487755102040817, 'model__l1_ratio': 0.1, 'model__max_iter': 100000.0}",-17.553202557330977,-5.630196015122231,-10.246264500424632,-29.35006634435489,-15.694932354308182,8.956879358806358,256
303,0.005100727081298828,0.00041073318091702673,0.0016517043113708496,0.00023838975106238257,"ElasticNet(alpha=1.0, copy_X=True, fit_intercept=True, l1_ratio=0.5,
           max_iter=1000, normalize=False, positive=False, precompute=False,
           random_state=None, selection='cyclic', tol=0.0001, warm_start=False)",2.0487755102040817,100000.0,0.15,,,,,"{'model': ElasticNet(alpha=1.0, copy_X=True, fit_intercept=True, l1_ratio=0.5,
           max_iter=1000, normalize=False, positive=False, precompute=False,
           random_state=None, selection='cyclic', tol=0.0001, warm_start=False), 'model__alpha': 2.0487755102040817, 'model__l1_ratio': 0.15, 'model__max_iter': 100000.0}",-18.310451554889266,-5.949265243250926,-10.599518066410079,-32.07523385957761,-16.733617181031967,9.896729606540921,267
304,0.00510561466217041,0.0002605661751160634,0.001505732536315918,0.0002131969076385926,"ElasticNet(alpha=1.0, copy_X=True, fit_intercept=True, l1_ratio=0.5,
           max_iter=1000, normalize=False, positive=False, precompute=False,
           random_state=None, selection='cyclic', tol=0.0001, warm_start=False)",2.0487755102040817,100000.0,0.2,,,,,"{'model': ElasticNet(alpha=1.0, copy_X=True, fit_intercept=True, l1_ratio=0.5,
           max_iter=1000, normalize=False, positive=False, precompute=False,
           random_state=None, selection='cyclic', tol=0.0001, warm_start=False), 'model__alpha': 2.0487755102040817, 'model__l1_ratio': 0.2, 'model__max_iter': 100000.0}",-19.110658056943233,-6.281203743535411,-10.967624789430214,-34.88172827913991,-17.81030371726219,10.872751021408883,279
305,0.005621194839477539,0.0006562773358035194,0.0016565322875976562,0.0002127875466949331,"ElasticNet(alpha=1.0, copy_X=True, fit_intercept=True, l1_ratio=0.5,
           max_iter=1000, normalize=False, positive=False, precompute=False,
           random_state=None, selection='cyclic', tol=0.0001, warm_start=False)",2.0487755102040817,100000.0,0.25,,,,,"{'model': ElasticNet(alpha=1.0, copy_X=True, fit_intercept=True, l1_ratio=0.5,
           max_iter=1000, normalize=False, positive=False, precompute=False,
           random_state=None, selection='cyclic', tol=0.0001, warm_start=False), 'model__alpha': 2.0487755102040817, 'model__l1_ratio': 0.25, 'model__max_iter': 100000.0}",-20.003668724102152,-6.601775629404562,-11.360649393416688,-37.77584516367856,-18.93548472765049,11.891159624597579,291
306,0.0041637420654296875,0.000369243842091424,0.0012165307998657227,0.0003079852455572821,"ElasticNet(alpha=1.0, copy_X=True, fit_intercept=True, l1_ratio=0.5,
           max_iter=1000, normalize=False, positive=False, precompute=False,
           random_state=None, selection='cyclic', tol=0.0001, warm_start=False)",2.0487755102040817,100000.0,0.3,,,,,"{'model': ElasticNet(alpha=1.0, copy_X=True, fit_intercept=True, l1_ratio=0.5,
           max_iter=1000, normalize=False, positive=False, precompute=False,
           random_state=None, selection='cyclic', tol=0.0001, warm_start=False), 'model__alpha': 2.0487755102040817, 'model__l1_ratio': 0.3, 'model__max_iter': 100000.0}",-21.003236106066865,-6.952131375978368,-11.790383789453262,-40.80752995769387,-20.13832030729809,12.956927968748996,303
307,0.004400134086608887,0.00017309898993739096,0.0014847517013549805,0.00011007110850971187,"ElasticNet(alpha=1.0, copy_X=True, fit_intercept=True, l1_ratio=0.5,
           max_iter=1000, normalize=False, positive=False, precompute=False,
           random_state=None, selection='cyclic', tol=0.0001, warm_start=False)",2.0487755102040817,100000.0,0.35,,,,,"{'model': ElasticNet(alpha=1.0, copy_X=True, fit_intercept=True, l1_ratio=0.5,
           max_iter=1000, normalize=False, positive=False, precompute=False,
           random_state=None, selection='cyclic', tol=0.0001, warm_start=False), 'model__alpha': 2.0487755102040817, 'model__l1_ratio': 0.35, 'model__max_iter': 100000.0}",-22.09183502240324,-7.335635633159542,-12.26210587888597,-44.008508582684115,-21.42452127928322,14.079491688897331,318
308,0.004942536354064941,0.00018558443848330991,0.00162428617477417,7.635192139770049e-05,"ElasticNet(alpha=1.0, copy_X=True, fit_intercept=True, l1_ratio=0.5,
           max_iter=1000, normalize=False, positive=False, precompute=False,
           random_state=None, selection='cyclic', tol=0.0001, warm_start=False)",2.0487755102040817,100000.0,0.39999999999999997,,,,,"{'model': ElasticNet(alpha=1.0, copy_X=True, fit_intercept=True, l1_ratio=0.5,
           max_iter=1000, normalize=False, positive=False, precompute=False,
           random_state=None, selection='cyclic', tol=0.0001, warm_start=False), 'model__alpha': 2.0487755102040817, 'model__l1_ratio': 0.39999999999999997, 'model__max_iter': 100000.0}",-23.209049710924432,-7.75624668346106,-12.783189414674025,-47.595186647773794,-22.835918114208326,15.342868459576007,333
309,0.00477069616317749,0.0004102182146572514,0.0018014907836914062,0.0008309516000441384,"ElasticNet(alpha=1.0, copy_X=True, fit_intercept=True, l1_ratio=0.5,
           max_iter=1000, normalize=False, positive=False, precompute=False,
           random_state=None, selection='cyclic', tol=0.0001, warm_start=False)",2.0487755102040817,100000.0,0.44999999999999996,,,,,"{'model': ElasticNet(alpha=1.0, copy_X=True, fit_intercept=True, l1_ratio=0.5,
           max_iter=1000, normalize=False, positive=False, precompute=False,
           random_state=None, selection='cyclic', tol=0.0001, warm_start=False), 'model__alpha': 2.0487755102040817, 'model__l1_ratio': 0.44999999999999996, 'model__max_iter': 100000.0}",-24.3169381093852,-8.21865894409048,-13.393084427102824,-51.05437909387506,-24.24576514361339,16.53296449060579,349
310,0.00449371337890625,9.847509913225118e-05,0.0015286803245544434,4.760299496163784e-05,"ElasticNet(alpha=1.0, copy_X=True, fit_intercept=True, l1_ratio=0.5,
           max_iter=1000, normalize=False, positive=False, precompute=False,
           random_state=None, selection='cyclic', tol=0.0001, warm_start=False)",2.0487755102040817,100000.0,0.49999999999999994,,,,,"{'model': ElasticNet(alpha=1.0, copy_X=True, fit_intercept=True, l1_ratio=0.5,
           max_iter=1000, normalize=False, positive=False, precompute=False,
           random_state=None, selection='cyclic', tol=0.0001, warm_start=False), 'model__alpha': 2.0487755102040817, 'model__l1_ratio': 0.49999999999999994, 'model__max_iter': 100000.0}",-25.47920187926403,-8.711976163269124,-14.143519199199465,-54.60376648374298,-25.7346159313689,17.73144719194301,369
311,0.004208922386169434,0.0006086381432956898,0.0012561678886413574,0.0002731231489764038,"ElasticNet(alpha=1.0, copy_X=True, fit_intercept=True, l1_ratio=0.5,
           max_iter=1000, normalize=False, positive=False, precompute=False,
           random_state=None, selection='cyclic', tol=0.0001, warm_start=False)",2.0487755102040817,100000.0,0.5499999999999999,,,,,"{'model': ElasticNet(alpha=1.0, copy_X=True, fit_intercept=True, l1_ratio=0.5,
           max_iter=1000, normalize=False, positive=False, precompute=False,
           random_state=None, selection='cyclic', tol=0.0001, warm_start=False), 'model__alpha': 2.0487755102040817, 'model__l1_ratio': 0.5499999999999999, 'model__max_iter': 100000.0}",-26.670820372340007,-9.199148401802908,-14.986282432716283,-58.59573020778908,-27.362995353662072,19.098895200318776,387
312,0.004894256591796875,0.00034518728991856577,0.0015572309494018555,0.00013184930052559862,"ElasticNet(alpha=1.0, copy_X=True, fit_intercept=True, l1_ratio=0.5,
           max_iter=1000, normalize=False, positive=False, precompute=False,
           random_state=None, selection='cyclic', tol=0.0001, warm_start=False)",2.0487755102040817,100000.0,0.6,,,,,"{'model': ElasticNet(alpha=1.0, copy_X=True, fit_intercept=True, l1_ratio=0.5,
           max_iter=1000, normalize=False, positive=False, precompute=False,
           random_state=None, selection='cyclic', tol=0.0001, warm_start=False), 'model__alpha': 2.0487755102040817, 'model__l1_ratio': 0.6, 'model__max_iter': 100000.0}",-27.25281699998346,-9.758368162702864,-15.872407688383873,-63.11153689279125,-28.99878243596536,20.67137917118767,415
313,0.004524171352386475,0.00017748989214180696,0.00140458345413208,0.0002593610284059628,"ElasticNet(alpha=1.0, copy_X=True, fit_intercept=True, l1_ratio=0.5,
           max_iter=1000, normalize=False, positive=False, precompute=False,
           random_state=None, selection='cyclic', tol=0.0001, warm_start=False)",2.0487755102040817,100000.0,0.65,,,,,"{'model': ElasticNet(alpha=1.0, copy_X=True, fit_intercept=True, l1_ratio=0.5,
           max_iter=1000, normalize=False, positive=False, precompute=False,
           random_state=None, selection='cyclic', tol=0.0001, warm_start=False), 'model__alpha': 2.0487755102040817, 'model__l1_ratio': 0.65, 'model__max_iter': 100000.0}",-27.853207982652066,-10.378447084979532,-16.830861162160378,-68.25920360370601,-30.8304299583745,22.49471314120143,474
314,0.0043866634368896484,0.00043876704936860286,0.00144273042678833,0.00027760817712786304,"ElasticNet(alpha=1.0, copy_X=True, fit_intercept=True, l1_ratio=0.5,
           max_iter=1000, normalize=False, positive=False, precompute=False,
           random_state=None, selection='cyclic', tol=0.0001, warm_start=False)",2.0487755102040817,100000.0,0.7,,,,,"{'model': ElasticNet(alpha=1.0, copy_X=True, fit_intercept=True, l1_ratio=0.5,
           max_iter=1000, normalize=False, positive=False, precompute=False,
           random_state=None, selection='cyclic', tol=0.0001, warm_start=False), 'model__alpha': 2.0487755102040817, 'model__l1_ratio': 0.7, 'model__max_iter': 100000.0}",-28.399026224365663,-11.034354890724211,-17.93919723166352,-73.43746454064002,-32.702510721848356,24.317282145474834,534
315,0.005380451679229736,0.0006860743151710761,0.001763463020324707,0.00010756278703867335,"ElasticNet(alpha=1.0, copy_X=True, fit_intercept=True, l1_ratio=0.5,
           max_iter=1000, normalize=False, positive=False, precompute=False,
           random_state=None, selection='cyclic', tol=0.0001, warm_start=False)",2.0487755102040817,100000.0,0.75,,,,,"{'model': ElasticNet(alpha=1.0, copy_X=True, fit_intercept=True, l1_ratio=0.5,
           max_iter=1000, normalize=False, positive=False, precompute=False,
           random_state=None, selection='cyclic', tol=0.0001, warm_start=False), 'model__alpha': 2.0487755102040817, 'model__l1_ratio': 0.75, 'model__max_iter': 100000.0}",-28.938646742679328,-11.735083867873207,-19.260321697199583,-78.86738638351163,-34.700359672815935,26.218897048875707,582
316,0.005162537097930908,0.0006346232432792112,0.0014949440956115723,0.00023572553399954212,"ElasticNet(alpha=1.0, copy_X=True, fit_intercept=True, l1_ratio=0.5,
           max_iter=1000, normalize=False, positive=False, precompute=False,
           random_state=None, selection='cyclic', tol=0.0001, warm_start=False)",2.0487755102040817,100000.0,0.7999999999999999,,,,,"{'model': ElasticNet(alpha=1.0, copy_X=True, fit_intercept=True, l1_ratio=0.5,
           max_iter=1000, normalize=False, positive=False, precompute=False,
           random_state=None, selection='cyclic', tol=0.0001, warm_start=False), 'model__alpha': 2.0487755102040817, 'model__l1_ratio': 0.7999999999999999, 'model__max_iter': 100000.0}",-29.520928070541743,-12.21928504324567,-20.470061948308867,-84.61576918174659,-36.706511060960715,28.32920813589165,611
317,0.004731357097625732,0.0003213493478124578,0.0016211867332458496,0.0002076812208436005,"ElasticNet(alpha=1.0, copy_X=True, fit_intercept=True, l1_ratio=0.5,
           max_iter=1000, normalize=False, positive=False, precompute=False,
           random_state=None, selection='cyclic', tol=0.0001, warm_start=False)",2.0487755102040817,100000.0,0.85,,,,,"{'model': ElasticNet(alpha=1.0, copy_X=True, fit_intercept=True, l1_ratio=0.5,
           max_iter=1000, normalize=False, positive=False, precompute=False,
           random_state=None, selection='cyclic', tol=0.0001, warm_start=False), 'model__alpha': 2.0487755102040817, 'model__l1_ratio': 0.85, 'model__max_iter': 100000.0}",-30.162945306690457,-12.798968888539568,-21.920089111232517,-89.91383234382346,-38.6989589125715,30.20002791353918,642
318,0.004506051540374756,0.001149158103853009,0.001315474510192871,0.000257316585854511,"ElasticNet(alpha=1.0, copy_X=True, fit_intercept=True, l1_ratio=0.5,
           max_iter=1000, normalize=False, positive=False, precompute=False,
           random_state=None, selection='cyclic', tol=0.0001, warm_start=False)",2.0487755102040817,100000.0,0.9,,,,,"{'model': ElasticNet(alpha=1.0, copy_X=True, fit_intercept=True, l1_ratio=0.5,
           max_iter=1000, normalize=False, positive=False, precompute=False,
           random_state=None, selection='cyclic', tol=0.0001, warm_start=False), 'model__alpha': 2.0487755102040817, 'model__l1_ratio': 0.9, 'model__max_iter': 100000.0}",-30.928418829983535,-13.51380298405987,-23.661125090525527,-94.74066311436853,-40.71100250473437,31.801293804469186,672
319,0.0049536824226379395,0.0005154730535309195,0.00164031982421875,0.00014865345828614176,"ElasticNet(alpha=1.0, copy_X=True, fit_intercept=True, l1_ratio=0.5,
           max_iter=1000, normalize=False, positive=False, precompute=False,
           random_state=None, selection='cyclic', tol=0.0001, warm_start=False)",2.0487755102040817,100000.0,0.95,,,,,"{'model': ElasticNet(alpha=1.0, copy_X=True, fit_intercept=True, l1_ratio=0.5,
           max_iter=1000, normalize=False, positive=False, precompute=False,
           random_state=None, selection='cyclic', tol=0.0001, warm_start=False), 'model__alpha': 2.0487755102040817, 'model__l1_ratio': 0.95, 'model__max_iter': 100000.0}",-31.93115418103374,-14.242875732677403,-24.945608129949168,-99.77762527040824,-42.724315828517135,33.53672365476729,695
320,0.0044822096824646,0.000295078336881611,0.0014605522155761719,0.00015150042170292534,"ElasticNet(alpha=1.0, copy_X=True, fit_intercept=True, l1_ratio=0.5,
           max_iter=1000, normalize=False, positive=False, precompute=False,
           random_state=None, selection='cyclic', tol=0.0001, warm_start=False)",2.0487755102040817,100000.0,1.0,,,,,"{'model': ElasticNet(alpha=1.0, copy_X=True, fit_intercept=True, l1_ratio=0.5,
           max_iter=1000, normalize=False, positive=False, precompute=False,
           random_state=None, selection='cyclic', tol=0.0001, warm_start=False), 'model__alpha': 2.0487755102040817, 'model__l1_ratio': 1.0, 'model__max_iter': 100000.0}",-33.42880421935013,-15.443282862602675,-26.900789955219086,-105.40569808425751,-45.29464378035735,35.297218747362386,729
321,0.004393100738525391,0.0005502970931002847,0.0014424324035644531,0.0002042187696452975,"ElasticNet(alpha=1.0, copy_X=True, fit_intercept=True, l1_ratio=0.5,
           max_iter=1000, normalize=False, positive=False, precompute=False,
           random_state=None, selection='cyclic', tol=0.0001, warm_start=False)",2.2526530612244895,100000.0,0.05,,,,,"{'model': ElasticNet(alpha=1.0, copy_X=True, fit_intercept=True, l1_ratio=0.5,
           max_iter=1000, normalize=False, positive=False, precompute=False,
           random_state=None, selection='cyclic', tol=0.0001, warm_start=False), 'model__alpha': 2.2526530612244895, 'model__l1_ratio': 0.05, 'model__max_iter': 100000.0}",-17.566268813274224,-5.633781938635323,-10.447080634749254,-28.71287268958299,-15.590001019060448,8.684631882414974,254
322,0.0056299567222595215,0.001227250637298894,0.001865684986114502,0.00028788539312423167,"ElasticNet(alpha=1.0, copy_X=True, fit_intercept=True, l1_ratio=0.5,
           max_iter=1000, normalize=False, positive=False, precompute=False,
           random_state=None, selection='cyclic', tol=0.0001, warm_start=False)",2.2526530612244895,100000.0,0.1,,,,,"{'model': ElasticNet(alpha=1.0, copy_X=True, fit_intercept=True, l1_ratio=0.5,
           max_iter=1000, normalize=False, positive=False, precompute=False,
           random_state=None, selection='cyclic', tol=0.0001, warm_start=False), 'model__alpha': 2.2526530612244895, 'model__l1_ratio': 0.1, 'model__max_iter': 100000.0}",-18.336782254495443,-5.98185407625365,-10.817895980764284,-31.585739125000387,-16.68056785912844,9.666185581055649,266
323,0.005811214447021484,0.0011963933266460574,0.0015919804573059082,0.00021923734873224995,"ElasticNet(alpha=1.0, copy_X=True, fit_intercept=True, l1_ratio=0.5,
           max_iter=1000, normalize=False, positive=False, precompute=False,
           random_state=None, selection='cyclic', tol=0.0001, warm_start=False)",2.2526530612244895,100000.0,0.15,,,,,"{'model': ElasticNet(alpha=1.0, copy_X=True, fit_intercept=True, l1_ratio=0.5,
           max_iter=1000, normalize=False, positive=False, precompute=False,
           random_state=None, selection='cyclic', tol=0.0001, warm_start=False), 'model__alpha': 2.2526530612244895, 'model__l1_ratio': 0.15, 'model__max_iter': 100000.0}",-19.17514663741109,-6.342117930096378,-11.220255546077235,-34.60481269050725,-17.835583201022988,10.71055311115377,280
324,0.004685938358306885,0.00015425317019649159,0.0015050768852233887,0.00017024675722167895,"ElasticNet(alpha=1.0, copy_X=True, fit_intercept=True, l1_ratio=0.5,
           max_iter=1000, normalize=False, positive=False, precompute=False,
           random_state=None, selection='cyclic', tol=0.0001, warm_start=False)",2.2526530612244895,100000.0,0.2,,,,,"{'model': ElasticNet(alpha=1.0, copy_X=True, fit_intercept=True, l1_ratio=0.5,
           max_iter=1000, normalize=False, positive=False, precompute=False,
           random_state=None, selection='cyclic', tol=0.0001, warm_start=False), 'model__alpha': 2.2526530612244895, 'model__l1_ratio': 0.2, 'model__max_iter': 100000.0}",-20.077816119818177,-6.71255758008101,-11.635316581670233,-37.7980623526577,-19.05593815855678,11.829371523534777,294
325,0.004157662391662598,0.000827487357134463,0.0013628005981445312,0.00028805537958028165,"ElasticNet(alpha=1.0, copy_X=True, fit_intercept=True, l1_ratio=0.5,
           max_iter=1000, normalize=False, positive=False, precompute=False,
           random_state=None, selection='cyclic', tol=0.0001, warm_start=False)",2.2526530612244895,100000.0,0.25,,,,,"{'model': ElasticNet(alpha=1.0, copy_X=True, fit_intercept=True, l1_ratio=0.5,
           max_iter=1000, normalize=False, positive=False, precompute=False,
           random_state=None, selection='cyclic', tol=0.0001, warm_start=False), 'model__alpha': 2.2526530612244895, 'model__l1_ratio': 0.25, 'model__max_iter': 100000.0}",-21.08791667800348,-7.086861822712415,-12.085861053578984,-40.99513445461595,-20.31394350222771,12.951522345117349,307
326,0.006008148193359375,0.0006203569190677287,0.0018717050552368164,0.00019614000390385535,"ElasticNet(alpha=1.0, copy_X=True, fit_intercept=True, l1_ratio=0.5,
           max_iter=1000, normalize=False, positive=False, precompute=False,
           random_state=None, selection='cyclic', tol=0.0001, warm_start=False)",2.2526530612244895,100000.0,0.3,,,,,"{'model': ElasticNet(alpha=1.0, copy_X=True, fit_intercept=True, l1_ratio=0.5,
           max_iter=1000, normalize=False, positive=False, precompute=False,
           random_state=None, selection='cyclic', tol=0.0001, warm_start=False), 'model__alpha': 2.2526530612244895, 'model__l1_ratio': 0.3, 'model__max_iter': 100000.0}",-22.20893312466294,-7.497359655592715,-12.579396092196406,-44.35817683450662,-21.66096642673967,14.12928080534722,322
327,0.004257798194885254,0.000400693101170887,0.00150221586227417,0.000356011687595455,"ElasticNet(alpha=1.0, copy_X=True, fit_intercept=True, l1_ratio=0.5,
           max_iter=1000, normalize=False, positive=False, precompute=False,
           random_state=None, selection='cyclic', tol=0.0001, warm_start=False)",2.2526530612244895,100000.0,0.35,,,,,"{'model': ElasticNet(alpha=1.0, copy_X=True, fit_intercept=True, l1_ratio=0.5,
           max_iter=1000, normalize=False, positive=False, precompute=False,
           random_state=None, selection='cyclic', tol=0.0001, warm_start=False), 'model__alpha': 2.2526530612244895, 'model__l1_ratio': 0.35, 'model__max_iter': 100000.0}",-23.434668242566325,-7.948307031374029,-13.122051393121835,-48.07785351658227,-23.145720045911116,15.436402317695686,338
328,0.0043541789054870605,0.000518827708592895,0.0015015006065368652,0.0004435163754731102,"ElasticNet(alpha=1.0, copy_X=True, fit_intercept=True, l1_ratio=0.5,
           max_iter=1000, normalize=False, positive=False, precompute=False,
           random_state=None, selection='cyclic', tol=0.0001, warm_start=False)",2.2526530612244895,100000.0,0.39999999999999997,,,,,"{'model': ElasticNet(alpha=1.0, copy_X=True, fit_intercept=True, l1_ratio=0.5,
           max_iter=1000, normalize=False, positive=False, precompute=False,
           random_state=None, selection='cyclic', tol=0.0001, warm_start=False), 'model__alpha': 2.2526530612244895, 'model__l1_ratio': 0.39999999999999997, 'model__max_iter': 100000.0}",-24.633320271876393,-8.44467319443885,-13.722443236068477,-52.15251312593775,-24.738237457080366,16.869954629194805,355
329,0.005015075206756592,0.00048443417902668557,0.0014966726303100586,4.7721996438687766e-05,"ElasticNet(alpha=1.0, copy_X=True, fit_intercept=True, l1_ratio=0.5,
           max_iter=1000, normalize=False, positive=False, precompute=False,
           random_state=None, selection='cyclic', tol=0.0001, warm_start=False)",2.2526530612244895,100000.0,0.44999999999999996,,,,,"{'model': ElasticNet(alpha=1.0, copy_X=True, fit_intercept=True, l1_ratio=0.5,
           max_iter=1000, normalize=False, positive=False, precompute=False,
           random_state=None, selection='cyclic', tol=0.0001, warm_start=False), 'model__alpha': 2.2526530612244895, 'model__l1_ratio': 0.44999999999999996, 'model__max_iter': 100000.0}",-25.868452486358642,-8.986833174541658,-14.46965743915605,-55.88396288071965,-26.302226495194,18.13215254588015,375
330,0.006002545356750488,0.0007086150429778947,0.001932680606842041,0.00032934894220998,"ElasticNet(alpha=1.0, copy_X=True, fit_intercept=True, l1_ratio=0.5,
           max_iter=1000, normalize=False, positive=False, precompute=False,
           random_state=None, selection='cyclic', tol=0.0001, warm_start=False)",2.2526530612244895,100000.0,0.49999999999999994,,,,,"{'model': ElasticNet(alpha=1.0, copy_X=True, fit_intercept=True, l1_ratio=0.5,
           max_iter=1000, normalize=False, positive=False, precompute=False,
           random_state=None, selection='cyclic', tol=0.0001, warm_start=False), 'model__alpha': 2.2526530612244895, 'model__l1_ratio': 0.49999999999999994, 'model__max_iter': 100000.0}",-27.109423953127383,-9.524709347707132,-15.334544465976974,-60.078236045452094,-28.011728453065896,19.567549232259356,394
331,0.004816532135009766,0.0003173807582106727,0.0015658140182495117,2.788809544784818e-05,"ElasticNet(alpha=1.0, copy_X=True, fit_intercept=True, l1_ratio=0.5,
           max_iter=1000, normalize=False, positive=False, precompute=False,
           random_state=None, selection='cyclic', tol=0.0001, warm_start=False)",2.2526530612244895,100000.0,0.5499999999999999,,,,,"{'model': ElasticNet(alpha=1.0, copy_X=True, fit_intercept=True, l1_ratio=0.5,
           max_iter=1000, normalize=False, positive=False, precompute=False,
           random_state=None, selection='cyclic', tol=0.0001, warm_start=False), 'model__alpha': 2.2526530612244895, 'model__l1_ratio': 0.5499999999999999, 'model__max_iter': 100000.0}",-27.946854618883094,-10.095235130590892,-16.270898863182445,-64.81337718955237,-29.7815914505522,21.217231856745517,443
332,0.005310773849487305,0.0006204262792398141,0.001442551612854004,0.0003646790645679874,"ElasticNet(alpha=1.0, copy_X=True, fit_intercept=True, l1_ratio=0.5,
           max_iter=1000, normalize=False, positive=False, precompute=False,
           random_state=None, selection='cyclic', tol=0.0001, warm_start=False)",2.2526530612244895,100000.0,0.6,,,,,"{'model': ElasticNet(alpha=1.0, copy_X=True, fit_intercept=True, l1_ratio=0.5,
           max_iter=1000, normalize=False, positive=False, precompute=False,
           random_state=None, selection='cyclic', tol=0.0001, warm_start=False), 'model__alpha': 2.2526530612244895, 'model__l1_ratio': 0.6, 'model__max_iter': 100000.0}",-28.625160182140668,-10.7726958585845,-17.258973008922066,-70.18727774554291,-31.711026698797536,23.115038508512473,502
333,0.004780948162078857,0.0004242385243895911,0.0014913082122802734,0.0001843685646276641,"ElasticNet(alpha=1.0, copy_X=True, fit_intercept=True, l1_ratio=0.5,
           max_iter=1000, normalize=False, positive=False, precompute=False,
           random_state=None, selection='cyclic', tol=0.0001, warm_start=False)",2.2526530612244895,100000.0,0.65,,,,,"{'model': ElasticNet(alpha=1.0, copy_X=True, fit_intercept=True, l1_ratio=0.5,
           max_iter=1000, normalize=False, positive=False, precompute=False,
           random_state=None, selection='cyclic', tol=0.0001, warm_start=False), 'model__alpha': 2.2526530612244895, 'model__l1_ratio': 0.65, 'model__max_iter': 100000.0}",-29.278665539744267,-11.495140003224117,-18.356608053307447,-76.09432514464855,-33.806184685231095,25.22527198087447,557
334,0.005486547946929932,0.00030556735490368784,0.001541733741760254,0.00033462272659593893,"ElasticNet(alpha=1.0, copy_X=True, fit_intercept=True, l1_ratio=0.5,
           max_iter=1000, normalize=False, positive=False, precompute=False,
           random_state=None, selection='cyclic', tol=0.0001, warm_start=False)",2.2526530612244895,100000.0,0.7,,,,,"{'model': ElasticNet(alpha=1.0, copy_X=True, fit_intercept=True, l1_ratio=0.5,
           max_iter=1000, normalize=False, positive=False, precompute=False,
           random_state=None, selection='cyclic', tol=0.0001, warm_start=False), 'model__alpha': 2.2526530612244895, 'model__l1_ratio': 0.7, 'model__max_iter': 100000.0}",-29.901698029980473,-12.257990143286671,-19.685746137715977,-82.03993474521498,-35.971342264049525,27.3253522590158,602
335,0.0047144293785095215,0.0001303724998049308,0.0017337799072265625,0.0003593705553443505,"ElasticNet(alpha=1.0, copy_X=True, fit_intercept=True, l1_ratio=0.5,
           max_iter=1000, normalize=False, positive=False, precompute=False,
           random_state=None, selection='cyclic', tol=0.0001, warm_start=False)",2.2526530612244895,100000.0,0.75,,,,,"{'model': ElasticNet(alpha=1.0, copy_X=True, fit_intercept=True, l1_ratio=0.5,
           max_iter=1000, normalize=False, positive=False, precompute=False,
           random_state=None, selection='cyclic', tol=0.0001, warm_start=False), 'model__alpha': 2.2526530612244895, 'model__l1_ratio': 0.75, 'model__max_iter': 100000.0}",-30.57082690371273,-12.869297113434904,-21.104954917012808,-88.21086850181304,-38.188986858993374,29.55154750769599,635
336,0.004437148571014404,0.0005622331552252564,0.0014562010765075684,0.00014556507426704825,"ElasticNet(alpha=1.0, copy_X=True, fit_intercept=True, l1_ratio=0.5,
           max_iter=1000, normalize=False, positive=False, precompute=False,
           random_state=None, selection='cyclic', tol=0.0001, warm_start=False)",2.2526530612244895,100000.0,0.7999999999999999,,,,,"{'model': ElasticNet(alpha=1.0, copy_X=True, fit_intercept=True, l1_ratio=0.5,
           max_iter=1000, normalize=False, positive=False, precompute=False,
           random_state=None, selection='cyclic', tol=0.0001, warm_start=False), 'model__alpha': 2.2526530612244895, 'model__l1_ratio': 0.7999999999999999, 'model__max_iter': 100000.0}",-31.288372224086903,-13.494697161747547,-22.51554311649774,-93.79330522590222,-40.272979432058605,31.533915811433705,665
337,0.00406956672668457,0.0007923229982900115,0.0013752579689025879,0.00023654021235284427,"ElasticNet(alpha=1.0, copy_X=True, fit_intercept=True, l1_ratio=0.5,
           max_iter=1000, normalize=False, positive=False, precompute=False,
           random_state=None, selection='cyclic', tol=0.0001, warm_start=False)",2.2526530612244895,100000.0,0.85,,,,,"{'model': ElasticNet(alpha=1.0, copy_X=True, fit_intercept=True, l1_ratio=0.5,
           max_iter=1000, normalize=False, positive=False, precompute=False,
           random_state=None, selection='cyclic', tol=0.0001, warm_start=False), 'model__alpha': 2.2526530612244895, 'model__l1_ratio': 0.85, 'model__max_iter': 100000.0}",-32.120522327321055,-14.258866153003504,-24.24365913099908,-98.95427715183362,-42.394331190789316,33.26270405722395,692
338,0.00550919771194458,0.0007664725589422187,0.0018357634544372559,0.00032369022768134514,"ElasticNet(alpha=1.0, copy_X=True, fit_intercept=True, l1_ratio=0.5,
           max_iter=1000, normalize=False, positive=False, precompute=False,
           random_state=None, selection='cyclic', tol=0.0001, warm_start=False)",2.2526530612244895,100000.0,0.9,,,,,"{'model': ElasticNet(alpha=1.0, copy_X=True, fit_intercept=True, l1_ratio=0.5,
           max_iter=1000, normalize=False, positive=False, precompute=False,
           random_state=None, selection='cyclic', tol=0.0001, warm_start=False), 'model__alpha': 2.2526530612244895, 'model__l1_ratio': 0.9, 'model__max_iter': 100000.0}",-33.11985494323338,-15.126130623390232,-25.957838612271527,-105.11829696912295,-44.83053028700452,35.39168185799463,724
339,0.004217743873596191,0.0006818772300139943,0.0014652609825134277,0.0001375036007452662,"ElasticNet(alpha=1.0, copy_X=True, fit_intercept=True, l1_ratio=0.5,
           max_iter=1000, normalize=False, positive=False, precompute=False,
           random_state=None, selection='cyclic', tol=0.0001, warm_start=False)",2.2526530612244895,100000.0,0.95,,,,,"{'model': ElasticNet(alpha=1.0, copy_X=True, fit_intercept=True, l1_ratio=0.5,
           max_iter=1000, normalize=False, positive=False, precompute=False,
           random_state=None, selection='cyclic', tol=0.0001, warm_start=False), 'model__alpha': 2.2526530612244895, 'model__l1_ratio': 0.95, 'model__max_iter': 100000.0}",-34.0242930391744,-16.201823981583722,-26.749210704661493,-112.3082993796211,-47.32090677626018,38.05178421408379,783
340,0.0044558048248291016,0.0005198297093294452,0.0014466643333435059,0.00026068601607917016,"ElasticNet(alpha=1.0, copy_X=True, fit_intercept=True, l1_ratio=0.5,
           max_iter=1000, normalize=False, positive=False, precompute=False,
           random_state=None, selection='cyclic', tol=0.0001, warm_start=False)",2.2526530612244895,100000.0,1.0,,,,,"{'model': ElasticNet(alpha=1.0, copy_X=True, fit_intercept=True, l1_ratio=0.5,
           max_iter=1000, normalize=False, positive=False, precompute=False,
           random_state=None, selection='cyclic', tol=0.0001, warm_start=False), 'model__alpha': 2.2526530612244895, 'model__l1_ratio': 1.0, 'model__max_iter': 100000.0}",-34.37911781683679,-16.389027005944016,-28.25441044127779,-112.11256495739575,-47.783780055363586,37.69915228907185,820
341,0.005596637725830078,0.001302644531909619,0.001606285572052002,0.00018496383485279053,"ElasticNet(alpha=1.0, copy_X=True, fit_intercept=True, l1_ratio=0.5,
           max_iter=1000, normalize=False, positive=False, precompute=False,
           random_state=None, selection='cyclic', tol=0.0001, warm_start=False)",2.4565306122448978,100000.0,0.05,,,,,"{'model': ElasticNet(alpha=1.0, copy_X=True, fit_intercept=True, l1_ratio=0.5,
           max_iter=1000, normalize=False, positive=False, precompute=False,
           random_state=None, selection='cyclic', tol=0.0001, warm_start=False), 'model__alpha': 2.4565306122448978, 'model__l1_ratio': 0.05, 'model__max_iter': 100000.0}",-18.24230574495204,-5.935808669831891,-10.964326608996316,-30.605970502243313,-16.43710288150589,9.27690717967547,263
342,0.00581890344619751,0.001248241721780522,0.0014830231666564941,0.00025746460029699457,"ElasticNet(alpha=1.0, copy_X=True, fit_intercept=True, l1_ratio=0.5,
           max_iter=1000, normalize=False, positive=False, precompute=False,
           random_state=None, selection='cyclic', tol=0.0001, warm_start=False)",2.4565306122448978,100000.0,0.1,,,,,"{'model': ElasticNet(alpha=1.0, copy_X=True, fit_intercept=True, l1_ratio=0.5,
           max_iter=1000, normalize=False, positive=False, precompute=False,
           random_state=None, selection='cyclic', tol=0.0001, warm_start=False), 'model__alpha': 2.4565306122448978, 'model__l1_ratio': 0.1, 'model__max_iter': 100000.0}",-19.09579468338812,-6.325233590872134,-11.380522362463406,-33.79257373053307,-17.648531091814185,10.370989397718125,278
343,0.004608213901519775,0.00016390712684963437,0.0015135407447814941,2.6983135262969274e-05,"ElasticNet(alpha=1.0, copy_X=True, fit_intercept=True, l1_ratio=0.5,
           max_iter=1000, normalize=False, positive=False, precompute=False,
           random_state=None, selection='cyclic', tol=0.0001, warm_start=False)",2.4565306122448978,100000.0,0.15,,,,,"{'model': ElasticNet(alpha=1.0, copy_X=True, fit_intercept=True, l1_ratio=0.5,
           max_iter=1000, normalize=False, positive=False, precompute=False,
           random_state=None, selection='cyclic', tol=0.0001, warm_start=False), 'model__alpha': 2.4565306122448978, 'model__l1_ratio': 0.15, 'model__max_iter': 100000.0}",-20.01464418387935,-6.730770791518627,-11.829397030226149,-37.1135425178783,-18.922088630875606,11.522338922301017,290
344,0.004611015319824219,0.00025655872014482734,0.0015040040016174316,6.0608135359571757e-05,"ElasticNet(alpha=1.0, copy_X=True, fit_intercept=True, l1_ratio=0.5,
           max_iter=1000, normalize=False, positive=False, precompute=False,
           random_state=None, selection='cyclic', tol=0.0001, warm_start=False)",2.4565306122448978,100000.0,0.2,,,,,"{'model': ElasticNet(alpha=1.0, copy_X=True, fit_intercept=True, l1_ratio=0.5,
           max_iter=1000, normalize=False, positive=False, precompute=False,
           random_state=None, selection='cyclic', tol=0.0001, warm_start=False), 'model__alpha': 2.4565306122448978, 'model__l1_ratio': 0.2, 'model__max_iter': 100000.0}",-21.019993319085923,-7.141296498637249,-12.296122826116513,-40.58778469119393,-20.261299333758405,12.740880412484165,305
345,0.004172027111053467,0.0009063822341362469,0.0014052987098693848,0.0002680373292143918,"ElasticNet(alpha=1.0, copy_X=True, fit_intercept=True, l1_ratio=0.5,
           max_iter=1000, normalize=False, positive=False, precompute=False,
           random_state=None, selection='cyclic', tol=0.0001, warm_start=False)",2.4565306122448978,100000.0,0.25,,,,,"{'model': ElasticNet(alpha=1.0, copy_X=True, fit_intercept=True, l1_ratio=0.5,
           max_iter=1000, normalize=False, positive=False, precompute=False,
           random_state=None, selection='cyclic', tol=0.0001, warm_start=False), 'model__alpha': 2.4565306122448978, 'model__l1_ratio': 0.25, 'model__max_iter': 100000.0}",-22.147412253748744,-7.571076293165458,-12.80611884536003,-44.141997873523984,-21.666651316449553,13.987195973887088,323
346,0.005737483501434326,0.0007645196378267685,0.0015780925750732422,0.0002797260140615431,"ElasticNet(alpha=1.0, copy_X=True, fit_intercept=True, l1_ratio=0.5,
           max_iter=1000, normalize=False, positive=False, precompute=False,
           random_state=None, selection='cyclic', tol=0.0001, warm_start=False)",2.4565306122448978,100000.0,0.3,,,,,"{'model': ElasticNet(alpha=1.0, copy_X=True, fit_intercept=True, l1_ratio=0.5,
           max_iter=1000, normalize=False, positive=False, precompute=False,
           random_state=None, selection='cyclic', tol=0.0001, warm_start=False), 'model__alpha': 2.4565306122448978, 'model__l1_ratio': 0.3, 'model__max_iter': 100000.0}",-23.38181529438718,-8.043962258859851,-13.365263101648644,-47.92607669891702,-23.179279338453174,15.312068265010762,339
347,0.005372345447540283,0.0011381873906250433,0.0013391375541687012,0.0002526497043745243,"ElasticNet(alpha=1.0, copy_X=True, fit_intercept=True, l1_ratio=0.5,
           max_iter=1000, normalize=False, positive=False, precompute=False,
           random_state=None, selection='cyclic', tol=0.0001, warm_start=False)",2.4565306122448978,100000.0,0.35,,,,,"{'model': ElasticNet(alpha=1.0, copy_X=True, fit_intercept=True, l1_ratio=0.5,
           max_iter=1000, normalize=False, positive=False, precompute=False,
           random_state=None, selection='cyclic', tol=0.0001, warm_start=False), 'model__alpha': 2.4565306122448978, 'model__l1_ratio': 0.35, 'model__max_iter': 100000.0}",-24.75016475197474,-8.565244226009746,-13.981564973798442,-52.18378795812695,-24.870190477477472,16.811160363969115,358
348,0.004833519458770752,0.00022649271702413582,0.0015718936920166016,8.099654979857479e-05,"ElasticNet(alpha=1.0, copy_X=True, fit_intercept=True, l1_ratio=0.5,
           max_iter=1000, normalize=False, positive=False, precompute=False,
           random_state=None, selection='cyclic', tol=0.0001, warm_start=False)",2.4565306122448978,100000.0,0.39999999999999997,,,,,"{'model': ElasticNet(alpha=1.0, copy_X=True, fit_intercept=True, l1_ratio=0.5,
           max_iter=1000, normalize=False, positive=False, precompute=False,
           random_state=None, selection='cyclic', tol=0.0001, warm_start=False), 'model__alpha': 2.4565306122448978, 'model__l1_ratio': 0.39999999999999997, 'model__max_iter': 100000.0}",-26.00591549840323,-9.141021467463785,-14.68265073078629,-56.44717935768322,-26.56919176358413,18.289630945012348,378
349,0.005662679672241211,0.0008519323883958667,0.0017720460891723633,0.00013691605973379663,"ElasticNet(alpha=1.0, copy_X=True, fit_intercept=True, l1_ratio=0.5,
           max_iter=1000, normalize=False, positive=False, precompute=False,
           random_state=None, selection='cyclic', tol=0.0001, warm_start=False)",2.4565306122448978,100000.0,0.44999999999999996,,,,,"{'model': ElasticNet(alpha=1.0, copy_X=True, fit_intercept=True, l1_ratio=0.5,
           max_iter=1000, normalize=False, positive=False, precompute=False,
           random_state=None, selection='cyclic', tol=0.0001, warm_start=False), 'model__alpha': 2.4565306122448978, 'model__l1_ratio': 0.44999999999999996, 'model__max_iter': 100000.0}",-27.327460329774922,-9.734682347827832,-15.553655931102933,-60.76895695814262,-28.346188891712075,19.76303855909923,401
350,0.005383431911468506,0.0012267897128516486,0.0014415979385375977,0.00022966309293971505,"ElasticNet(alpha=1.0, copy_X=True, fit_intercept=True, l1_ratio=0.5,
           max_iter=1000, normalize=False, positive=False, precompute=False,
           random_state=None, selection='cyclic', tol=0.0001, warm_start=False)",2.4565306122448978,100000.0,0.49999999999999994,,,,,"{'model': ElasticNet(alpha=1.0, copy_X=True, fit_intercept=True, l1_ratio=0.5,
           max_iter=1000, normalize=False, positive=False, precompute=False,
           random_state=None, selection='cyclic', tol=0.0001, warm_start=False), 'model__alpha': 2.4565306122448978, 'model__l1_ratio': 0.49999999999999994, 'model__max_iter': 100000.0}",-28.47384922999903,-10.335515219817982,-16.519765701860823,-65.64376832342711,-30.243224618776235,21.453317936912132,457
351,0.004377007484436035,0.00032957419112271516,0.0013460516929626465,0.00024711636456611907,"ElasticNet(alpha=1.0, copy_X=True, fit_intercept=True, l1_ratio=0.5,
           max_iter=1000, normalize=False, positive=False, precompute=False,
           random_state=None, selection='cyclic', tol=0.0001, warm_start=False)",2.4565306122448978,100000.0,0.5499999999999999,,,,,"{'model': ElasticNet(alpha=1.0, copy_X=True, fit_intercept=True, l1_ratio=0.5,
           max_iter=1000, normalize=False, positive=False, precompute=False,
           random_state=None, selection='cyclic', tol=0.0001, warm_start=False), 'model__alpha': 2.4565306122448978, 'model__l1_ratio': 0.5499999999999999, 'model__max_iter': 100000.0}",-29.21023006664872,-11.025266243459036,-17.548254798178334,-71.16580397168441,-32.23738876999263,23.40037392250988,520
352,0.004584193229675293,0.0001470712693524186,0.0014615058898925781,9.918714359334105e-05,"ElasticNet(alpha=1.0, copy_X=True, fit_intercept=True, l1_ratio=0.5,
           max_iter=1000, normalize=False, positive=False, precompute=False,
           random_state=None, selection='cyclic', tol=0.0001, warm_start=False)",2.4565306122448978,100000.0,0.6,,,,,"{'model': ElasticNet(alpha=1.0, copy_X=True, fit_intercept=True, l1_ratio=0.5,
           max_iter=1000, normalize=False, positive=False, precompute=False,
           random_state=None, selection='cyclic', tol=0.0001, warm_start=False), 'model__alpha': 2.4565306122448978, 'model__l1_ratio': 0.6, 'model__max_iter': 100000.0}",-29.963257538822617,-11.79764969842376,-18.675835811562354,-77.45549782128819,-34.473060217524235,25.649341140194696,576
353,0.005374252796173096,0.0007147732811241548,0.0018415451049804688,0.00025628727504416155,"ElasticNet(alpha=1.0, copy_X=True, fit_intercept=True, l1_ratio=0.5,
           max_iter=1000, normalize=False, positive=False, precompute=False,
           random_state=None, selection='cyclic', tol=0.0001, warm_start=False)",2.4565306122448978,100000.0,0.65,,,,,"{'model': ElasticNet(alpha=1.0, copy_X=True, fit_intercept=True, l1_ratio=0.5,
           max_iter=1000, normalize=False, positive=False, precompute=False,
           random_state=None, selection='cyclic', tol=0.0001, warm_start=False), 'model__alpha': 2.4565306122448978, 'model__l1_ratio': 0.65, 'model__max_iter': 100000.0}",-30.662893133923486,-12.623033391457358,-19.904246513403436,-83.98423305785491,-36.7936015241598,27.9911055803985,612
354,0.004634082317352295,0.00036612355252446226,0.00164872407913208,0.00047095498433113834,"ElasticNet(alpha=1.0, copy_X=True, fit_intercept=True, l1_ratio=0.5,
           max_iter=1000, normalize=False, positive=False, precompute=False,
           random_state=None, selection='cyclic', tol=0.0001, warm_start=False)",2.4565306122448978,100000.0,0.7,,,,,"{'model': ElasticNet(alpha=1.0, copy_X=True, fit_intercept=True, l1_ratio=0.5,
           max_iter=1000, normalize=False, positive=False, precompute=False,
           random_state=None, selection='cyclic', tol=0.0001, warm_start=False), 'model__alpha': 2.4565306122448978, 'model__l1_ratio': 0.7, 'model__max_iter': 100000.0}",-31.40154872327258,-13.347015380804093,-21.480519465021022,-90.52164962364644,-39.18768329818603,30.319481195071283,649
355,0.004070281982421875,0.0002544046339258583,0.0011550188064575195,0.0002468058703617122,"ElasticNet(alpha=1.0, copy_X=True, fit_intercept=True, l1_ratio=0.5,
           max_iter=1000, normalize=False, positive=False, precompute=False,
           random_state=None, selection='cyclic', tol=0.0001, warm_start=False)",2.4565306122448978,100000.0,0.75,,,,,"{'model': ElasticNet(alpha=1.0, copy_X=True, fit_intercept=True, l1_ratio=0.5,
           max_iter=1000, normalize=False, positive=False, precompute=False,
           random_state=None, selection='cyclic', tol=0.0001, warm_start=False), 'model__alpha': 2.4565306122448978, 'model__l1_ratio': 0.75, 'model__max_iter': 100000.0}",-32.177346281139656,-13.997822940531934,-22.98525947995946,-96.4193098409059,-41.394934635634236,32.41204895704223,678
356,0.004290163516998291,0.0008830813583911394,0.001349329948425293,0.00024909028511662057,"ElasticNet(alpha=1.0, copy_X=True, fit_intercept=True, l1_ratio=0.5,
           max_iter=1000, normalize=False, positive=False, precompute=False,
           random_state=None, selection='cyclic', tol=0.0001, warm_start=False)",2.4565306122448978,100000.0,0.7999999999999999,,,,,"{'model': ElasticNet(alpha=1.0, copy_X=True, fit_intercept=True, l1_ratio=0.5,
           max_iter=1000, normalize=False, positive=False, precompute=False,
           random_state=None, selection='cyclic', tol=0.0001, warm_start=False), 'model__alpha': 2.4565306122448978, 'model__l1_ratio': 0.7999999999999999, 'model__max_iter': 100000.0}",-33.067371620104076,-14.781507386721678,-24.570489709660123,-101.63234884384659,-43.512929390083116,34.173407885921236,704
357,0.005376577377319336,0.0007695687696880111,0.0016954541206359863,0.00035215216599815066,"ElasticNet(alpha=1.0, copy_X=True, fit_intercept=True, l1_ratio=0.5,
           max_iter=1000, normalize=False, positive=False, precompute=False,
           random_state=None, selection='cyclic', tol=0.0001, warm_start=False)",2.4565306122448978,100000.0,0.85,,,,,"{'model': ElasticNet(alpha=1.0, copy_X=True, fit_intercept=True, l1_ratio=0.5,
           max_iter=1000, normalize=False, positive=False, precompute=False,
           random_state=None, selection='cyclic', tol=0.0001, warm_start=False), 'model__alpha': 2.4565306122448978, 'model__l1_ratio': 0.85, 'model__max_iter': 100000.0}",-34.04477851583285,-15.74914836737548,-26.25280078373186,-107.9276808053082,-45.9936021180621,36.34222994091756,740
358,0.005611777305603027,0.00043959681040404346,0.0017229914665222168,0.00016897725469188987,"ElasticNet(alpha=1.0, copy_X=True, fit_intercept=True, l1_ratio=0.5,
           max_iter=1000, normalize=False, positive=False, precompute=False,
           random_state=None, selection='cyclic', tol=0.0001, warm_start=False)",2.4565306122448978,100000.0,0.9,,,,,"{'model': ElasticNet(alpha=1.0, copy_X=True, fit_intercept=True, l1_ratio=0.5,
           max_iter=1000, normalize=False, positive=False, precompute=False,
           random_state=None, selection='cyclic', tol=0.0001, warm_start=False), 'model__alpha': 2.4565306122448978, 'model__l1_ratio': 0.9, 'model__max_iter': 100000.0}",-34.77102523603817,-16.76413691774591,-26.987385514100406,-111.03470058895924,-47.38931206421093,37.296436165711484,790
359,0.004739582538604736,0.00021933598181989944,0.0015169382095336914,2.3956322081518125e-05,"ElasticNet(alpha=1.0, copy_X=True, fit_intercept=True, l1_ratio=0.5,
           max_iter=1000, normalize=False, positive=False, precompute=False,
           random_state=None, selection='cyclic', tol=0.0001, warm_start=False)",2.4565306122448978,100000.0,0.95,,,,,"{'model': ElasticNet(alpha=1.0, copy_X=True, fit_intercept=True, l1_ratio=0.5,
           max_iter=1000, normalize=False, positive=False, precompute=False,
           random_state=None, selection='cyclic', tol=0.0001, warm_start=False), 'model__alpha': 2.4565306122448978, 'model__l1_ratio': 0.95, 'model__max_iter': 100000.0}",-35.17552525354618,-16.731965912003446,-27.7701445107881,-110.68547170391146,-47.590776845062294,37.01419548546435,802
360,0.00483018159866333,0.0003926436373989253,0.0014564990997314453,0.00011259858528348796,"ElasticNet(alpha=1.0, copy_X=True, fit_intercept=True, l1_ratio=0.5,
           max_iter=1000, normalize=False, positive=False, precompute=False,
           random_state=None, selection='cyclic', tol=0.0001, warm_start=False)",2.4565306122448978,100000.0,1.0,,,,,"{'model': ElasticNet(alpha=1.0, copy_X=True, fit_intercept=True, l1_ratio=0.5,
           max_iter=1000, normalize=False, positive=False, precompute=False,
           random_state=None, selection='cyclic', tol=0.0001, warm_start=False), 'model__alpha': 2.4565306122448978, 'model__l1_ratio': 1.0, 'model__max_iter': 100000.0}",-35.429197326976485,-16.424845500533245,-29.13915208026219,-110.28356981531833,-47.81919118077256,36.707830729232555,825
361,0.00554347038269043,0.0008215803568063335,0.0021802783012390137,0.0012944921369492535,"ElasticNet(alpha=1.0, copy_X=True, fit_intercept=True, l1_ratio=0.5,
           max_iter=1000, normalize=False, positive=False, precompute=False,
           random_state=None, selection='cyclic', tol=0.0001, warm_start=False)",2.660408163265306,100000.0,0.05,,,,,"{'model': ElasticNet(alpha=1.0, copy_X=True, fit_intercept=True, l1_ratio=0.5,
           max_iter=1000, normalize=False, positive=False, precompute=False,
           random_state=None, selection='cyclic', tol=0.0001, warm_start=False), 'model__alpha': 2.660408163265306, 'model__l1_ratio': 0.05, 'model__max_iter': 100000.0}",-18.895291316074683,-6.231839277960829,-11.471345421059663,-32.462541747267515,-17.265254440590674,9.860529823172177,275
362,0.004352688789367676,0.0003831694591474596,0.0014097094535827637,0.00023549953552848797,"ElasticNet(alpha=1.0, copy_X=True, fit_intercept=True, l1_ratio=0.5,
           max_iter=1000, normalize=False, positive=False, precompute=False,
           random_state=None, selection='cyclic', tol=0.0001, warm_start=False)",2.660408163265306,100000.0,0.1,,,,,"{'model': ElasticNet(alpha=1.0, copy_X=True, fit_intercept=True, l1_ratio=0.5,
           max_iter=1000, normalize=False, positive=False, precompute=False,
           random_state=None, selection='cyclic', tol=0.0001, warm_start=False), 'model__alpha': 2.660408163265306, 'model__l1_ratio': 0.1, 'model__max_iter': 100000.0}",-19.83096856083597,-6.660397679780931,-11.933613963978273,-35.96299592527716,-18.596994032468082,11.067787508145438,287
363,0.004572570323944092,5.714923056277356e-05,0.0021477341651916504,0.0008618532761098182,"ElasticNet(alpha=1.0, copy_X=True, fit_intercept=True, l1_ratio=0.5,
           max_iter=1000, normalize=False, positive=False, precompute=False,
           random_state=None, selection='cyclic', tol=0.0001, warm_start=False)",2.660408163265306,100000.0,0.15,,,,,"{'model': ElasticNet(alpha=1.0, copy_X=True, fit_intercept=True, l1_ratio=0.5,
           max_iter=1000, normalize=False, positive=False, precompute=False,
           random_state=None, selection='cyclic', tol=0.0001, warm_start=False), 'model__alpha': 2.660408163265306, 'model__l1_ratio': 0.15, 'model__max_iter': 100000.0}",-20.829909771351694,-7.114053488468453,-12.428229189966164,-39.591775681267315,-19.99099203276341,12.327869145735608,301
364,0.00499194860458374,0.0005192846791075747,0.0015049576759338379,3.897227717740389e-05,"ElasticNet(alpha=1.0, copy_X=True, fit_intercept=True, l1_ratio=0.5,
           max_iter=1000, normalize=False, positive=False, precompute=False,
           random_state=None, selection='cyclic', tol=0.0001, warm_start=False)",2.660408163265306,100000.0,0.2,,,,,"{'model': ElasticNet(alpha=1.0, copy_X=True, fit_intercept=True, l1_ratio=0.5,
           max_iter=1000, normalize=False, positive=False, precompute=False,
           random_state=None, selection='cyclic', tol=0.0001, warm_start=False), 'model__alpha': 2.660408163265306, 'model__l1_ratio': 0.2, 'model__max_iter': 100000.0}",-21.93734324080058,-7.565926104317431,-12.949629769215893,-43.34761100060741,-21.45012752873533,13.645206785758115,319
365,0.006629288196563721,0.0024952586213765806,0.0017507672309875488,0.00019614303783332913,"ElasticNet(alpha=1.0, copy_X=True, fit_intercept=True, l1_ratio=0.5,
           max_iter=1000, normalize=False, positive=False, precompute=False,
           random_state=None, selection='cyclic', tol=0.0001, warm_start=False)",2.660408163265306,100000.0,0.25,,,,,"{'model': ElasticNet(alpha=1.0, copy_X=True, fit_intercept=True, l1_ratio=0.5,
           max_iter=1000, normalize=False, positive=False, precompute=False,
           random_state=None, selection='cyclic', tol=0.0001, warm_start=False), 'model__alpha': 2.660408163265306, 'model__l1_ratio': 0.25, 'model__max_iter': 100000.0}",-23.180811379196417,-8.052551751442198,-13.520179245206256,-47.2300154847236,-22.99588946514212,15.003495311469399,335
366,0.004274189472198486,0.0005200277968415906,0.0014258027076721191,0.00013585909627203055,"ElasticNet(alpha=1.0, copy_X=True, fit_intercept=True, l1_ratio=0.5,
           max_iter=1000, normalize=False, positive=False, precompute=False,
           random_state=None, selection='cyclic', tol=0.0001, warm_start=False)",2.660408163265306,100000.0,0.3,,,,,"{'model': ElasticNet(alpha=1.0, copy_X=True, fit_intercept=True, l1_ratio=0.5,
           max_iter=1000, normalize=False, positive=False, precompute=False,
           random_state=None, selection='cyclic', tol=0.0001, warm_start=False), 'model__alpha': 2.660408163265306, 'model__l1_ratio': 0.3, 'model__max_iter': 100000.0}",-24.528313594561574,-8.589735023841781,-14.147241666660173,-51.493830000527716,-24.689780071397813,16.49878579301468,354
367,0.004182994365692139,0.0005094987289250984,0.0013951659202575684,0.00030040913039236896,"ElasticNet(alpha=1.0, copy_X=True, fit_intercept=True, l1_ratio=0.5,
           max_iter=1000, normalize=False, positive=False, precompute=False,
           random_state=None, selection='cyclic', tol=0.0001, warm_start=False)",2.660408163265306,100000.0,0.35,,,,,"{'model': ElasticNet(alpha=1.0, copy_X=True, fit_intercept=True, l1_ratio=0.5,
           max_iter=1000, normalize=False, positive=False, precompute=False,
           random_state=None, selection='cyclic', tol=0.0001, warm_start=False), 'model__alpha': 2.660408163265306, 'model__l1_ratio': 0.35, 'model__max_iter': 100000.0}",-25.963348452220835,-9.183777268906105,-14.839050776638564,-56.3056363984042,-26.572953224042426,18.196647862784264,379
368,0.005112826824188232,0.00013295020109049702,0.0015739202499389648,0.00010752552363726308,"ElasticNet(alpha=1.0, copy_X=True, fit_intercept=True, l1_ratio=0.5,
           max_iter=1000, normalize=False, positive=False, precompute=False,
           random_state=None, selection='cyclic', tol=0.0001, warm_start=False)",2.660408163265306,100000.0,0.39999999999999997,,,,,"{'model': ElasticNet(alpha=1.0, copy_X=True, fit_intercept=True, l1_ratio=0.5,
           max_iter=1000, normalize=False, positive=False, precompute=False,
           random_state=None, selection='cyclic', tol=0.0001, warm_start=False), 'model__alpha': 2.660408163265306, 'model__l1_ratio': 0.39999999999999997, 'model__max_iter': 100000.0}",-27.31984003608571,-9.82866442179117,-15.665170134798126,-60.74982407470336,-28.390874666844592,19.71514599856645,402
369,0.006675064563751221,0.001599284339644305,0.0015326738357543945,0.00021358116651538358,"ElasticNet(alpha=1.0, copy_X=True, fit_intercept=True, l1_ratio=0.5,
           max_iter=1000, normalize=False, positive=False, precompute=False,
           random_state=None, selection='cyclic', tol=0.0001, warm_start=False)",2.660408163265306,100000.0,0.44999999999999996,,,,,"{'model': ElasticNet(alpha=1.0, copy_X=True, fit_intercept=True, l1_ratio=0.5,
           max_iter=1000, normalize=False, positive=False, precompute=False,
           random_state=None, selection='cyclic', tol=0.0001, warm_start=False), 'model__alpha': 2.660408163265306, 'model__l1_ratio': 0.44999999999999996, 'model__max_iter': 100000.0}",-28.74255414758199,-10.466334430354715,-16.641327576588107,-65.68542408537428,-30.383910059974774,21.4152943827008,460
370,0.005066275596618652,0.000577255460154234,0.0017318129539489746,0.0003564886933774094,"ElasticNet(alpha=1.0, copy_X=True, fit_intercept=True, l1_ratio=0.5,
           max_iter=1000, normalize=False, positive=False, precompute=False,
           random_state=None, selection='cyclic', tol=0.0001, warm_start=False)",2.660408163265306,100000.0,0.49999999999999994,,,,,"{'model': ElasticNet(alpha=1.0, copy_X=True, fit_intercept=True, l1_ratio=0.5,
           max_iter=1000, normalize=False, positive=False, precompute=False,
           random_state=None, selection='cyclic', tol=0.0001, warm_start=False), 'model__alpha': 2.660408163265306, 'model__l1_ratio': 0.49999999999999994, 'model__max_iter': 100000.0}",-29.626711483024454,-11.161897328931587,-17.70874003854107,-71.27189369831508,-32.44231063720305,23.375190974906623,527
371,0.005289316177368164,0.0008600608633187648,0.0014490485191345215,0.00024500698586191167,"ElasticNet(alpha=1.0, copy_X=True, fit_intercept=True, l1_ratio=0.5,
           max_iter=1000, normalize=False, positive=False, precompute=False,
           random_state=None, selection='cyclic', tol=0.0001, warm_start=False)",2.660408163265306,100000.0,0.5499999999999999,,,,,"{'model': ElasticNet(alpha=1.0, copy_X=True, fit_intercept=True, l1_ratio=0.5,
           max_iter=1000, normalize=False, positive=False, precompute=False,
           random_state=None, selection='cyclic', tol=0.0001, warm_start=False), 'model__alpha': 2.660408163265306, 'model__l1_ratio': 0.5499999999999999, 'model__max_iter': 100000.0}",-30.469716197416986,-11.965258027709421,-18.845701851679692,-77.62231913485716,-34.72574880291582,25.63418319004908,583
372,0.004417061805725098,0.0003992337616666553,0.001402437686920166,0.00032239470242805733,"ElasticNet(alpha=1.0, copy_X=True, fit_intercept=True, l1_ratio=0.5,
           max_iter=1000, normalize=False, positive=False, precompute=False,
           random_state=None, selection='cyclic', tol=0.0001, warm_start=False)",2.660408163265306,100000.0,0.6,,,,,"{'model': ElasticNet(alpha=1.0, copy_X=True, fit_intercept=True, l1_ratio=0.5,
           max_iter=1000, normalize=False, positive=False, precompute=False,
           random_state=None, selection='cyclic', tol=0.0001, warm_start=False), 'model__alpha': 2.660408163265306, 'model__l1_ratio': 0.6, 'model__max_iter': 100000.0}",-31.23916824621731,-12.842270267242823,-20.094682436116265,-84.66032984274926,-37.20911269808141,28.168710382753357,620
373,0.005350232124328613,0.00030704825826011206,0.0018314719200134277,7.803072131805835e-05,"ElasticNet(alpha=1.0, copy_X=True, fit_intercept=True, l1_ratio=0.5,
           max_iter=1000, normalize=False, positive=False, precompute=False,
           random_state=None, selection='cyclic', tol=0.0001, warm_start=False)",2.660408163265306,100000.0,0.65,,,,,"{'model': ElasticNet(alpha=1.0, copy_X=True, fit_intercept=True, l1_ratio=0.5,
           max_iter=1000, normalize=False, positive=False, precompute=False,
           random_state=None, selection='cyclic', tol=0.0001, warm_start=False), 'model__alpha': 2.660408163265306, 'model__l1_ratio': 0.65, 'model__max_iter': 100000.0}",-32.0300265650203,-13.675546858038599,-21.53370742174271,-91.61181017333001,-39.71277275453291,30.66329329495244,656
374,0.004535198211669922,0.00027507294940961474,0.0013634562492370605,0.0002670630458081057,"ElasticNet(alpha=1.0, copy_X=True, fit_intercept=True, l1_ratio=0.5,
           max_iter=1000, normalize=False, positive=False, precompute=False,
           random_state=None, selection='cyclic', tol=0.0001, warm_start=False)",2.660408163265306,100000.0,0.7,,,,,"{'model': ElasticNet(alpha=1.0, copy_X=True, fit_intercept=True, l1_ratio=0.5,
           max_iter=1000, normalize=False, positive=False, precompute=False,
           random_state=None, selection='cyclic', tol=0.0001, warm_start=False), 'model__alpha': 2.660408163265306, 'model__l1_ratio': 0.7, 'model__max_iter': 100000.0}",-32.85024302284773,-14.335174673976352,-23.304801586409553,-97.91378130050747,-42.101000145935274,32.881914451514696,686
375,0.004053711891174316,0.0007479165650678926,0.001315772533416748,0.0002514854031099575,"ElasticNet(alpha=1.0, copy_X=True, fit_intercept=True, l1_ratio=0.5,
           max_iter=1000, normalize=False, positive=False, precompute=False,
           random_state=None, selection='cyclic', tol=0.0001, warm_start=False)",2.660408163265306,100000.0,0.75,,,,,"{'model': ElasticNet(alpha=1.0, copy_X=True, fit_intercept=True, l1_ratio=0.5,
           max_iter=1000, normalize=False, positive=False, precompute=False,
           random_state=None, selection='cyclic', tol=0.0001, warm_start=False), 'model__alpha': 2.660408163265306, 'model__l1_ratio': 0.75, 'model__max_iter': 100000.0}",-33.780534741510394,-15.120308442895064,-24.81693565719815,-103.05469006631157,-44.19311722697879,34.61853280382404,712
376,0.005034685134887695,0.0005925318812461467,0.0015825629234313965,9.483417419323694e-05,"ElasticNet(alpha=1.0, copy_X=True, fit_intercept=True, l1_ratio=0.5,
           max_iter=1000, normalize=False, positive=False, precompute=False,
           random_state=None, selection='cyclic', tol=0.0001, warm_start=False)",2.660408163265306,100000.0,0.7999999999999999,,,,,"{'model': ElasticNet(alpha=1.0, copy_X=True, fit_intercept=True, l1_ratio=0.5,
           max_iter=1000, normalize=False, positive=False, precompute=False,
           random_state=None, selection='cyclic', tol=0.0001, warm_start=False), 'model__alpha': 2.660408163265306, 'model__l1_ratio': 0.7999999999999999, 'model__max_iter': 100000.0}",-34.63828716540196,-16.074444988254307,-26.22478461273318,-107.75176280027166,-46.17231989166528,36.15538665700605,745
377,0.0046160221099853516,0.00021294670080499115,0.001360177993774414,0.0002324663674283416,"ElasticNet(alpha=1.0, copy_X=True, fit_intercept=True, l1_ratio=0.5,
           max_iter=1000, normalize=False, positive=False, precompute=False,
           random_state=None, selection='cyclic', tol=0.0001, warm_start=False)",2.660408163265306,100000.0,0.85,,,,,"{'model': ElasticNet(alpha=1.0, copy_X=True, fit_intercept=True, l1_ratio=0.5,
           max_iter=1000, normalize=False, positive=False, precompute=False,
           random_state=None, selection='cyclic', tol=0.0001, warm_start=False), 'model__alpha': 2.660408163265306, 'model__l1_ratio': 0.85, 'model__max_iter': 100000.0}",-35.38976704427287,-16.836001763759057,-27.105562413002634,-109.4470130871819,-47.19458607705411,36.53741552959879,778
378,0.005745112895965576,0.0018894821038172897,0.001280665397644043,0.0003913804009324574,"ElasticNet(alpha=1.0, copy_X=True, fit_intercept=True, l1_ratio=0.5,
           max_iter=1000, normalize=False, positive=False, precompute=False,
           random_state=None, selection='cyclic', tol=0.0001, warm_start=False)",2.660408163265306,100000.0,0.9,,,,,"{'model': ElasticNet(alpha=1.0, copy_X=True, fit_intercept=True, l1_ratio=0.5,
           max_iter=1000, normalize=False, positive=False, precompute=False,
           random_state=None, selection='cyclic', tol=0.0001, warm_start=False), 'model__alpha': 2.660408163265306, 'model__l1_ratio': 0.9, 'model__max_iter': 100000.0}",-35.81516684238568,-16.90196389563411,-27.938068901750164,-109.54248087349177,-47.54942012831543,36.41669929853369,797
379,0.005717873573303223,0.0007734916500795286,0.0017755627632141113,0.0003897896364728304,"ElasticNet(alpha=1.0, copy_X=True, fit_intercept=True, l1_ratio=0.5,
           max_iter=1000, normalize=False, positive=False, precompute=False,
           random_state=None, selection='cyclic', tol=0.0001, warm_start=False)",2.660408163265306,100000.0,0.95,,,,,"{'model': ElasticNet(alpha=1.0, copy_X=True, fit_intercept=True, l1_ratio=0.5,
           max_iter=1000, normalize=False, positive=False, precompute=False,
           random_state=None, selection='cyclic', tol=0.0001, warm_start=False), 'model__alpha': 2.660408163265306, 'model__l1_ratio': 0.95, 'model__max_iter': 100000.0}",-36.24831814866958,-16.943949143218596,-28.809647056424048,-109.08841238215061,-47.77258168261571,36.06396129885159,818
380,0.004648268222808838,0.00026323453889366477,0.0014765262603759766,0.00019404533553829366,"ElasticNet(alpha=1.0, copy_X=True, fit_intercept=True, l1_ratio=0.5,
           max_iter=1000, normalize=False, positive=False, precompute=False,
           random_state=None, selection='cyclic', tol=0.0001, warm_start=False)",2.660408163265306,100000.0,1.0,,,,,"{'model': ElasticNet(alpha=1.0, copy_X=True, fit_intercept=True, l1_ratio=0.5,
           max_iter=1000, normalize=False, positive=False, precompute=False,
           random_state=None, selection='cyclic', tol=0.0001, warm_start=False), 'model__alpha': 2.660408163265306, 'model__l1_ratio': 1.0, 'model__max_iter': 100000.0}",-36.65168644687092,-16.852243760496535,-29.46731099395945,-108.56561805417046,-47.88421481387434,35.74411828013327,830
381,0.004480898380279541,0.0001469217980880937,0.0016030669212341309,0.0005002674152234994,"ElasticNet(alpha=1.0, copy_X=True, fit_intercept=True, l1_ratio=0.5,
           max_iter=1000, normalize=False, positive=False, precompute=False,
           random_state=None, selection='cyclic', tol=0.0001, warm_start=False)",2.864285714285714,100000.0,0.05,,,,,"{'model': ElasticNet(alpha=1.0, copy_X=True, fit_intercept=True, l1_ratio=0.5,
           max_iter=1000, normalize=False, positive=False, precompute=False,
           random_state=None, selection='cyclic', tol=0.0001, warm_start=False), 'model__alpha': 2.864285714285714, 'model__l1_ratio': 0.05, 'model__max_iter': 100000.0}",-19.526023756260678,-6.521492972086322,-11.967753306929216,-34.278483230243744,-18.073438316379992,10.433603353979331,284
382,0.0054476261138916016,0.0005298961937579968,0.0016243457794189453,0.000218246393067705,"ElasticNet(alpha=1.0, copy_X=True, fit_intercept=True, l1_ratio=0.5,
           max_iter=1000, normalize=False, positive=False, precompute=False,
           random_state=None, selection='cyclic', tol=0.0001, warm_start=False)",2.864285714285714,100000.0,0.1,,,,,"{'model': ElasticNet(alpha=1.0, copy_X=True, fit_intercept=True, l1_ratio=0.5,
           max_iter=1000, normalize=False, positive=False, precompute=False,
           random_state=None, selection='cyclic', tol=0.0001, warm_start=False), 'model__alpha': 2.864285714285714, 'model__l1_ratio': 0.1, 'model__max_iter': 100000.0}",-20.54298045213897,-6.98897235890692,-12.47660799952806,-38.09139738704843,-19.524989549405596,11.753501764845078,296
383,0.004779338836669922,0.00035683858717914656,0.0014641284942626953,0.0003048111834976777,"ElasticNet(alpha=1.0, copy_X=True, fit_intercept=True, l1_ratio=0.5,
           max_iter=1000, normalize=False, positive=False, precompute=False,
           random_state=None, selection='cyclic', tol=0.0001, warm_start=False)",2.864285714285714,100000.0,0.15,,,,,"{'model': ElasticNet(alpha=1.0, copy_X=True, fit_intercept=True, l1_ratio=0.5,
           max_iter=1000, normalize=False, positive=False, precompute=False,
           random_state=None, selection='cyclic', tol=0.0001, warm_start=False), 'model__alpha': 2.864285714285714, 'model__l1_ratio': 0.15, 'model__max_iter': 100000.0}",-21.621259205555376,-7.491064347555141,-13.017614488688597,-42.031405992313026,-21.040336008528037,13.12354100417206,312
384,0.0042182207107543945,0.0006226539698543948,0.0013405084609985352,0.00023298390541753332,"ElasticNet(alpha=1.0, copy_X=True, fit_intercept=True, l1_ratio=0.5,
           max_iter=1000, normalize=False, positive=False, precompute=False,
           random_state=None, selection='cyclic', tol=0.0001, warm_start=False)",2.864285714285714,100000.0,0.2,,,,,"{'model': ElasticNet(alpha=1.0, copy_X=True, fit_intercept=True, l1_ratio=0.5,
           max_iter=1000, normalize=False, positive=False, precompute=False,
           random_state=None, selection='cyclic', tol=0.0001, warm_start=False), 'model__alpha': 2.864285714285714, 'model__l1_ratio': 0.2, 'model__max_iter': 100000.0}",-22.830572838554794,-7.9852919576470756,-13.594680565732975,-46.069983956848134,-22.620132329695743,14.539404723046562,332
385,0.00480729341506958,0.0013906197215664954,0.0014777183532714844,0.00026695242921907444,"ElasticNet(alpha=1.0, copy_X=True, fit_intercept=True, l1_ratio=0.5,
           max_iter=1000, normalize=False, positive=False, precompute=False,
           random_state=None, selection='cyclic', tol=0.0001, warm_start=False)",2.864285714285714,100000.0,0.25,,,,,"{'model': ElasticNet(alpha=1.0, copy_X=True, fit_intercept=True, l1_ratio=0.5,
           max_iter=1000, normalize=False, positive=False, precompute=False,
           random_state=None, selection='cyclic', tol=0.0001, warm_start=False), 'model__alpha': 2.864285714285714, 'model__l1_ratio': 0.25, 'model__max_iter': 100000.0}",-24.174931646839816,-8.52988649265212,-14.227511695075641,-50.29430445872765,-24.30665857332381,16.014609187606403,350
386,0.005073249340057373,0.0001178974901570712,0.0016955733299255371,8.349338559840162e-05,"ElasticNet(alpha=1.0, copy_X=True, fit_intercept=True, l1_ratio=0.5,
           max_iter=1000, normalize=False, positive=False, precompute=False,
           random_state=None, selection='cyclic', tol=0.0001, warm_start=False)",2.864285714285714,100000.0,0.3,,,,,"{'model': ElasticNet(alpha=1.0, copy_X=True, fit_intercept=True, l1_ratio=0.5,
           max_iter=1000, normalize=False, positive=False, precompute=False,
           random_state=None, selection='cyclic', tol=0.0001, warm_start=False), 'model__alpha': 2.864285714285714, 'model__l1_ratio': 0.3, 'model__max_iter': 100000.0}",-25.64837747510185,-9.132845485078304,-14.923781737865463,-55.0475366836948,-26.188135345435104,17.684208765014688,374
387,0.004957139492034912,0.0005026810043638989,0.0014894604682922363,3.791769048066421e-05,"ElasticNet(alpha=1.0, copy_X=True, fit_intercept=True, l1_ratio=0.5,
           max_iter=1000, normalize=False, positive=False, precompute=False,
           random_state=None, selection='cyclic', tol=0.0001, warm_start=False)",2.864285714285714,100000.0,0.35,,,,,"{'model': ElasticNet(alpha=1.0, copy_X=True, fit_intercept=True, l1_ratio=0.5,
           max_iter=1000, normalize=False, positive=False, precompute=False,
           random_state=None, selection='cyclic', tol=0.0001, warm_start=False), 'model__alpha': 2.864285714285714, 'model__l1_ratio': 0.35, 'model__max_iter': 100000.0}",-27.144187351117964,-9.80178406828718,-15.693632758766686,-60.12241431813859,-28.190504624077604,19.46187610844795,399
388,0.0047209858894348145,0.0005251703894073507,0.0018758773803710938,0.0007475480053500418,"ElasticNet(alpha=1.0, copy_X=True, fit_intercept=True, l1_ratio=0.5,
           max_iter=1000, normalize=False, positive=False, precompute=False,
           random_state=None, selection='cyclic', tol=0.0001, warm_start=False)",2.864285714285714,100000.0,0.39999999999999997,,,,,"{'model': ElasticNet(alpha=1.0, copy_X=True, fit_intercept=True, l1_ratio=0.5,
           max_iter=1000, normalize=False, positive=False, precompute=False,
           random_state=None, selection='cyclic', tol=0.0001, warm_start=False), 'model__alpha': 2.864285714285714, 'model__l1_ratio': 0.39999999999999997, 'model__max_iter': 100000.0}",-28.593248844814763,-10.486902058409193,-16.647772449237923,-65.04395974524029,-30.19297077442554,21.14800276861241,454
389,0.005032956600189209,0.0005018854471897195,0.0015114545822143555,0.00037208442860014876,"ElasticNet(alpha=1.0, copy_X=True, fit_intercept=True, l1_ratio=0.5,
           max_iter=1000, normalize=False, positive=False, precompute=False,
           random_state=None, selection='cyclic', tol=0.0001, warm_start=False)",2.864285714285714,100000.0,0.44999999999999996,,,,,"{'model': ElasticNet(alpha=1.0, copy_X=True, fit_intercept=True, l1_ratio=0.5,
           max_iter=1000, normalize=False, positive=False, precompute=False,
           random_state=None, selection='cyclic', tol=0.0001, warm_start=False), 'model__alpha': 2.864285714285714, 'model__l1_ratio': 0.44999999999999996, 'model__max_iter': 100000.0}",-29.887664054531584,-11.205669705452486,-17.723686214869772,-70.61366340342325,-32.35767084456927,23.082366421889034,525
390,0.005213558673858643,0.0004080871387474267,0.0015386343002319336,0.00030775371352182975,"ElasticNet(alpha=1.0, copy_X=True, fit_intercept=True, l1_ratio=0.5,
           max_iter=1000, normalize=False, positive=False, precompute=False,
           random_state=None, selection='cyclic', tol=0.0001, warm_start=False)",2.864285714285714,100000.0,0.49999999999999994,,,,,"{'model': ElasticNet(alpha=1.0, copy_X=True, fit_intercept=True, l1_ratio=0.5,
           max_iter=1000, normalize=False, positive=False, precompute=False,
           random_state=None, selection='cyclic', tol=0.0001, warm_start=False), 'model__alpha': 2.864285714285714, 'model__l1_ratio': 0.49999999999999994, 'model__max_iter': 100000.0}",-30.769919603412653,-12.00386159307561,-18.889909562344993,-76.93931509381699,-34.650751463162564,25.32128170175224,580
391,0.005155026912689209,0.0008670887010915444,0.0015572309494018555,3.142357777029553e-05,"ElasticNet(alpha=1.0, copy_X=True, fit_intercept=True, l1_ratio=0.5,
           max_iter=1000, normalize=False, positive=False, precompute=False,
           random_state=None, selection='cyclic', tol=0.0001, warm_start=False)",2.864285714285714,100000.0,0.5499999999999999,,,,,"{'model': ElasticNet(alpha=1.0, copy_X=True, fit_intercept=True, l1_ratio=0.5,
           max_iter=1000, normalize=False, positive=False, precompute=False,
           random_state=None, selection='cyclic', tol=0.0001, warm_start=False), 'model__alpha': 2.864285714285714, 'model__l1_ratio': 0.5499999999999999, 'model__max_iter': 100000.0}",-31.649744660223448,-12.907606332159475,-20.16056546129516,-84.155037488616,-37.21823848557352,27.910760778043898,621
392,0.0044637322425842285,5.649573990289362e-05,0.001621544361114502,0.00019258092851771937,"ElasticNet(alpha=1.0, copy_X=True, fit_intercept=True, l1_ratio=0.5,
           max_iter=1000, normalize=False, positive=False, precompute=False,
           random_state=None, selection='cyclic', tol=0.0001, warm_start=False)",2.864285714285714,100000.0,0.6,,,,,"{'model': ElasticNet(alpha=1.0, copy_X=True, fit_intercept=True, l1_ratio=0.5,
           max_iter=1000, normalize=False, positive=False, precompute=False,
           random_state=None, selection='cyclic', tol=0.0001, warm_start=False), 'model__alpha': 2.864285714285714, 'model__l1_ratio': 0.6, 'model__max_iter': 100000.0}",-32.474444043362574,-13.856004882390767,-21.52679572137914,-91.58725362037165,-39.861124566876036,30.588271200063595,659
393,0.005379915237426758,0.0005055536808404938,0.0019151568412780762,0.00039833306942299004,"ElasticNet(alpha=1.0, copy_X=True, fit_intercept=True, l1_ratio=0.5,
           max_iter=1000, normalize=False, positive=False, precompute=False,
           random_state=None, selection='cyclic', tol=0.0001, warm_start=False)",2.864285714285714,100000.0,0.65,,,,,"{'model': ElasticNet(alpha=1.0, copy_X=True, fit_intercept=True, l1_ratio=0.5,
           max_iter=1000, normalize=False, positive=False, precompute=False,
           random_state=None, selection='cyclic', tol=0.0001, warm_start=False), 'model__alpha': 2.864285714285714, 'model__l1_ratio': 0.65, 'model__max_iter': 100000.0}",-33.33268267314181,-14.534766794173503,-23.19523055583614,-98.45177543125159,-42.37861386360076,33.05037947608419,691
394,0.004964947700500488,0.0006037512732297652,0.00161820650100708,0.0001266099607083279,"ElasticNet(alpha=1.0, copy_X=True, fit_intercept=True, l1_ratio=0.5,
           max_iter=1000, normalize=False, positive=False, precompute=False,
           random_state=None, selection='cyclic', tol=0.0001, warm_start=False)",2.864285714285714,100000.0,0.7,,,,,"{'model': ElasticNet(alpha=1.0, copy_X=True, fit_intercept=True, l1_ratio=0.5,
           max_iter=1000, normalize=False, positive=False, precompute=False,
           random_state=None, selection='cyclic', tol=0.0001, warm_start=False), 'model__alpha': 2.864285714285714, 'model__l1_ratio': 0.7, 'model__max_iter': 100000.0}",-34.285929526285905,-15.307443953563274,-24.964914157367783,-103.50813944681539,-44.516606771008085,34.7135116376923,717
395,0.004362046718597412,0.0003237332055102371,0.00121992826461792,0.00028146963639648527,"ElasticNet(alpha=1.0, copy_X=True, fit_intercept=True, l1_ratio=0.5,
           max_iter=1000, normalize=False, positive=False, precompute=False,
           random_state=None, selection='cyclic', tol=0.0001, warm_start=False)",2.864285714285714,100000.0,0.75,,,,,"{'model': ElasticNet(alpha=1.0, copy_X=True, fit_intercept=True, l1_ratio=0.5,
           max_iter=1000, normalize=False, positive=False, precompute=False,
           random_state=None, selection='cyclic', tol=0.0001, warm_start=False), 'model__alpha': 2.864285714285714, 'model__l1_ratio': 0.75, 'model__max_iter': 100000.0}",-35.08605568697872,-16.233891801362827,-26.259698508702524,-106.92139170282725,-46.12525942496783,35.728728245080184,743
396,0.004906058311462402,0.0005466913714190565,0.0014839768409729004,0.0002590649837876097,"ElasticNet(alpha=1.0, copy_X=True, fit_intercept=True, l1_ratio=0.5,
           max_iter=1000, normalize=False, positive=False, precompute=False,
           random_state=None, selection='cyclic', tol=0.0001, warm_start=False)",2.864285714285714,100000.0,0.7999999999999999,,,,,"{'model': ElasticNet(alpha=1.0, copy_X=True, fit_intercept=True, l1_ratio=0.5,
           max_iter=1000, normalize=False, positive=False, precompute=False,
           random_state=None, selection='cyclic', tol=0.0001, warm_start=False), 'model__alpha': 2.864285714285714, 'model__l1_ratio': 0.7999999999999999, 'model__max_iter': 100000.0}",-35.85271479198198,-16.85946903379317,-27.049101676754624,-108.2300703009865,-46.99783895087907,35.98566870547726,771
397,0.005245506763458252,0.0004191003399104795,0.001758873462677002,3.1772071257327485e-05,"ElasticNet(alpha=1.0, copy_X=True, fit_intercept=True, l1_ratio=0.5,
           max_iter=1000, normalize=False, positive=False, precompute=False,
           random_state=None, selection='cyclic', tol=0.0001, warm_start=False)",2.864285714285714,100000.0,0.85,,,,,"{'model': ElasticNet(alpha=1.0, copy_X=True, fit_intercept=True, l1_ratio=0.5,
           max_iter=1000, normalize=False, positive=False, precompute=False,
           random_state=None, selection='cyclic', tol=0.0001, warm_start=False), 'model__alpha': 2.864285714285714, 'model__l1_ratio': 0.85, 'model__max_iter': 100000.0}",-36.32169855149869,-16.94194357851122,-28.008891751806136,-108.76054125219687,-47.508268783503226,36.026053687908494,795
398,0.004511773586273193,0.00020652013399621958,0.00136643648147583,0.00023496658254640922,"ElasticNet(alpha=1.0, copy_X=True, fit_intercept=True, l1_ratio=0.5,
           max_iter=1000, normalize=False, positive=False, precompute=False,
           random_state=None, selection='cyclic', tol=0.0001, warm_start=False)",2.864285714285714,100000.0,0.9,,,,,"{'model': ElasticNet(alpha=1.0, copy_X=True, fit_intercept=True, l1_ratio=0.5,
           max_iter=1000, normalize=False, positive=False, precompute=False,
           random_state=None, selection='cyclic', tol=0.0001, warm_start=False), 'model__alpha': 2.864285714285714, 'model__l1_ratio': 0.9, 'model__max_iter': 100000.0}",-36.76170903942117,-17.03960309400235,-28.93383682696946,-108.15581315497394,-47.72274052884173,35.59065292851099,812
399,0.004288077354431152,0.0006364477017010066,0.001418471336364746,0.0001590729492316546,"ElasticNet(alpha=1.0, copy_X=True, fit_intercept=True, l1_ratio=0.5,
           max_iter=1000, normalize=False, positive=False, precompute=False,
           random_state=None, selection='cyclic', tol=0.0001, warm_start=False)",2.864285714285714,100000.0,0.95,,,,,"{'model': ElasticNet(alpha=1.0, copy_X=True, fit_intercept=True, l1_ratio=0.5,
           max_iter=1000, normalize=False, positive=False, precompute=False,
           random_state=None, selection='cyclic', tol=0.0001, warm_start=False), 'model__alpha': 2.864285714285714, 'model__l1_ratio': 0.95, 'model__max_iter': 100000.0}",-37.3422376308221,-17.154626851744425,-29.199145045571473,-107.59953110357065,-47.823885157927165,35.25080542486066,828
400,0.004900872707366943,0.0005158717063041067,0.0014676451683044434,0.0002397188478009806,"ElasticNet(alpha=1.0, copy_X=True, fit_intercept=True, l1_ratio=0.5,
           max_iter=1000, normalize=False, positive=False, precompute=False,
           random_state=None, selection='cyclic', tol=0.0001, warm_start=False)",2.864285714285714,100000.0,1.0,,,,,"{'model': ElasticNet(alpha=1.0, copy_X=True, fit_intercept=True, l1_ratio=0.5,
           max_iter=1000, normalize=False, positive=False, precompute=False,
           random_state=None, selection='cyclic', tol=0.0001, warm_start=False), 'model__alpha': 2.864285714285714, 'model__l1_ratio': 1.0, 'model__max_iter': 100000.0}",-37.964467436738694,-17.31335100581283,-29.64738313658329,-106.95870967395217,-47.970977813271745,34.84008812892192,844
401,0.005259454250335693,0.0009353909931524513,0.0014889836311340332,0.0003436153284056096,"ElasticNet(alpha=1.0, copy_X=True, fit_intercept=True, l1_ratio=0.5,
           max_iter=1000, normalize=False, positive=False, precompute=False,
           random_state=None, selection='cyclic', tol=0.0001, warm_start=False)",3.068163265306122,100000.0,0.05,,,,,"{'model': ElasticNet(alpha=1.0, copy_X=True, fit_intercept=True, l1_ratio=0.5,
           max_iter=1000, normalize=False, positive=False, precompute=False,
           random_state=None, selection='cyclic', tol=0.0001, warm_start=False), 'model__alpha': 3.068163265306122, 'model__l1_ratio': 0.05, 'model__max_iter': 100000.0}",-20.13553171012029,-6.804264832484065,-12.453450628607628,-36.050284643161014,-18.860882953593247,10.994515557942515,289
402,0.0046218037605285645,0.00021748455848417632,0.0013568401336669922,0.00026415621950809235,"ElasticNet(alpha=1.0, copy_X=True, fit_intercept=True, l1_ratio=0.5,
           max_iter=1000, normalize=False, positive=False, precompute=False,
           random_state=None, selection='cyclic', tol=0.0001, warm_start=False)",3.068163265306122,100000.0,0.1,,,,,"{'model': ElasticNet(alpha=1.0, copy_X=True, fit_intercept=True, l1_ratio=0.5,
           max_iter=1000, normalize=False, positive=False, precompute=False,
           random_state=None, selection='cyclic', tol=0.0001, warm_start=False), 'model__alpha': 3.068163265306122, 'model__l1_ratio': 0.1, 'model__max_iter': 100000.0}",-21.224707644910794,-7.310444844597694,-13.009326065593525,-40.13911106235787,-20.420897404364972,12.412387127348538,309
403,0.004377841949462891,0.00019295473525966517,0.0013956427574157715,0.0001703306260261931,"ElasticNet(alpha=1.0, copy_X=True, fit_intercept=True, l1_ratio=0.5,
           max_iter=1000, normalize=False, positive=False, precompute=False,
           random_state=None, selection='cyclic', tol=0.0001, warm_start=False)",3.068163265306122,100000.0,0.15,,,,,"{'model': ElasticNet(alpha=1.0, copy_X=True, fit_intercept=True, l1_ratio=0.5,
           max_iter=1000, normalize=False, positive=False, precompute=False,
           random_state=None, selection='cyclic', tol=0.0001, warm_start=False), 'model__alpha': 3.068163265306122, 'model__l1_ratio': 0.15, 'model__max_iter': 100000.0}",-22.38964148636159,-7.854228561741128,-13.597368082798942,-44.39712732008636,-22.059591362747007,13.89672624107404,325
404,0.005864441394805908,0.002180183641226823,0.0014577507972717285,0.00034340575058568906,"ElasticNet(alpha=1.0, copy_X=True, fit_intercept=True, l1_ratio=0.5,
           max_iter=1000, normalize=False, positive=False, precompute=False,
           random_state=None, selection='cyclic', tol=0.0001, warm_start=False)",3.068163265306122,100000.0,0.2,,,,,"{'model': ElasticNet(alpha=1.0, copy_X=True, fit_intercept=True, l1_ratio=0.5,
           max_iter=1000, normalize=False, positive=False, precompute=False,
           random_state=None, selection='cyclic', tol=0.0001, warm_start=False), 'model__alpha': 3.068163265306122, 'model__l1_ratio': 0.2, 'model__max_iter': 100000.0}",-23.699823723850045,-8.398490753867582,-14.230836997255974,-48.69319357387986,-23.755586262213363,15.398446341306057,344
405,0.005171239376068115,0.0002590676716393548,0.0017240047454833984,0.00014681164868621884,"ElasticNet(alpha=1.0, copy_X=True, fit_intercept=True, l1_ratio=0.5,
           max_iter=1000, normalize=False, positive=False, precompute=False,
           random_state=None, selection='cyclic', tol=0.0001, warm_start=False)",3.068163265306122,100000.0,0.25,,,,,"{'model': ElasticNet(alpha=1.0, copy_X=True, fit_intercept=True, l1_ratio=0.5,
           max_iter=1000, normalize=False, positive=False, precompute=False,
           random_state=None, selection='cyclic', tol=0.0001, warm_start=False), 'model__alpha': 3.068163265306122, 'model__l1_ratio': 0.25, 'model__max_iter': 100000.0}",-25.143549495219272,-9.0018636160796,-14.926888494418499,-53.32617384683513,-25.599618863138126,17.017362481425966,365
406,0.004571139812469482,6.23867611697385e-05,0.0015268325805664062,1.8839594140184795e-05,"ElasticNet(alpha=1.0, copy_X=True, fit_intercept=True, l1_ratio=0.5,
           max_iter=1000, normalize=False, positive=False, precompute=False,
           random_state=None, selection='cyclic', tol=0.0001, warm_start=False)",3.068163265306122,100000.0,0.3,,,,,"{'model': ElasticNet(alpha=1.0, copy_X=True, fit_intercept=True, l1_ratio=0.5,
           max_iter=1000, normalize=False, positive=False, precompute=False,
           random_state=None, selection='cyclic', tol=0.0001, warm_start=False), 'model__alpha': 3.068163265306122, 'model__l1_ratio': 0.3, 'model__max_iter': 100000.0}",-26.715507383725782,-9.671896516206875,-15.694269189635573,-58.57506169572378,-27.664183696323,18.863878290989764,390
407,0.004318714141845703,0.0003927923840646431,0.0013265609741210938,0.000321322752437457,"ElasticNet(alpha=1.0, copy_X=True, fit_intercept=True, l1_ratio=0.5,
           max_iter=1000, normalize=False, positive=False, precompute=False,
           random_state=None, selection='cyclic', tol=0.0001, warm_start=False)",3.068163265306122,100000.0,0.35,,,,,"{'model': ElasticNet(alpha=1.0, copy_X=True, fit_intercept=True, l1_ratio=0.5,
           max_iter=1000, normalize=False, positive=False, precompute=False,
           random_state=None, selection='cyclic', tol=0.0001, warm_start=False), 'model__alpha': 3.068163265306122, 'model__l1_ratio': 0.35, 'model__max_iter': 100000.0}",-28.26110777228266,-10.40629547865975,-16.56108958427605,-63.83610737978873,-29.766150053751797,20.68939786242105,442
408,0.004723012447357178,0.00018540263088201691,0.0017167329788208008,0.00018596354965181355,"ElasticNet(alpha=1.0, copy_X=True, fit_intercept=True, l1_ratio=0.5,
           max_iter=1000, normalize=False, positive=False, precompute=False,
           random_state=None, selection='cyclic', tol=0.0001, warm_start=False)",3.068163265306122,100000.0,0.39999999999999997,,,,,"{'model': ElasticNet(alpha=1.0, copy_X=True, fit_intercept=True, l1_ratio=0.5,
           max_iter=1000, normalize=False, positive=False, precompute=False,
           random_state=None, selection='cyclic', tol=0.0001, warm_start=False), 'model__alpha': 3.068163265306122, 'model__l1_ratio': 0.39999999999999997, 'model__max_iter': 100000.0}",-29.821979793824614,-11.140684635498152,-17.62831167398747,-69.31509261376725,-31.976517179269372,22.57661492472269,513
409,0.0054108500480651855,0.000433098271396529,0.0022420883178710938,0.0010864589855316656,"ElasticNet(alpha=1.0, copy_X=True, fit_intercept=True, l1_ratio=0.5,
           max_iter=1000, normalize=False, positive=False, precompute=False,
           random_state=None, selection='cyclic', tol=0.0001, warm_start=False)",3.068163265306122,100000.0,0.44999999999999996,,,,,"{'model': ElasticNet(alpha=1.0, copy_X=True, fit_intercept=True, l1_ratio=0.5,
           max_iter=1000, normalize=False, positive=False, precompute=False,
           random_state=None, selection='cyclic', tol=0.0001, warm_start=False), 'model__alpha': 3.068163265306122, 'model__l1_ratio': 0.44999999999999996, 'model__max_iter': 100000.0}",-30.917747330090553,-11.950184370927996,-18.815739300251394,-75.53595557103634,-34.30490664307657,24.754394340956402,568
410,0.004404783248901367,0.00038210506728115514,0.0013914704322814941,0.00026309365295775644,"ElasticNet(alpha=1.0, copy_X=True, fit_intercept=True, l1_ratio=0.5,
           max_iter=1000, normalize=False, positive=False, precompute=False,
           random_state=None, selection='cyclic', tol=0.0001, warm_start=False)",3.068163265306122,100000.0,0.49999999999999994,,,,,"{'model': ElasticNet(alpha=1.0, copy_X=True, fit_intercept=True, l1_ratio=0.5,
           max_iter=1000, normalize=False, positive=False, precompute=False,
           random_state=None, selection='cyclic', tol=0.0001, warm_start=False), 'model__alpha': 3.068163265306122, 'model__l1_ratio': 0.49999999999999994, 'model__max_iter': 100000.0}",-31.885643628199677,-12.845376507754668,-20.08056652922511,-82.6247482691693,-36.859083733587184,27.282814788665,615
411,0.004769444465637207,0.000759828649785439,0.001367330551147461,0.00028232087159909094,"ElasticNet(alpha=1.0, copy_X=True, fit_intercept=True, l1_ratio=0.5,
           max_iter=1000, normalize=False, positive=False, precompute=False,
           random_state=None, selection='cyclic', tol=0.0001, warm_start=False)",3.068163265306122,100000.0,0.5499999999999999,,,,,"{'model': ElasticNet(alpha=1.0, copy_X=True, fit_intercept=True, l1_ratio=0.5,
           max_iter=1000, normalize=False, positive=False, precompute=False,
           random_state=None, selection='cyclic', tol=0.0001, warm_start=False), 'model__alpha': 3.068163265306122, 'model__l1_ratio': 0.5499999999999999, 'model__max_iter': 100000.0}",-32.759303315574165,-13.843041355404853,-21.455930680880282,-90.61113531928814,-39.66735266778686,30.172591379594884,654
412,0.004819631576538086,0.00011825429334978417,0.0016554594039916992,0.00012060274857493912,"ElasticNet(alpha=1.0, copy_X=True, fit_intercept=True, l1_ratio=0.5,
           max_iter=1000, normalize=False, positive=False, precompute=False,
           random_state=None, selection='cyclic', tol=0.0001, warm_start=False)",3.068163265306122,100000.0,0.6,,,,,"{'model': ElasticNet(alpha=1.0, copy_X=True, fit_intercept=True, l1_ratio=0.5,
           max_iter=1000, normalize=False, positive=False, precompute=False,
           random_state=None, selection='cyclic', tol=0.0001, warm_start=False), 'model__alpha': 3.068163265306122, 'model__l1_ratio': 0.6, 'model__max_iter': 100000.0}",-33.65109858598937,-14.622801236934906,-22.976162804106245,-97.97071911250939,-42.30519543488498,32.83850776735538,688
413,0.006236612796783447,0.0013146363955384992,0.0016984939575195312,0.0009141909915711943,"ElasticNet(alpha=1.0, copy_X=True, fit_intercept=True, l1_ratio=0.5,
           max_iter=1000, normalize=False, positive=False, precompute=False,
           random_state=None, selection='cyclic', tol=0.0001, warm_start=False)",3.068163265306122,100000.0,0.65,,,,,"{'model': ElasticNet(alpha=1.0, copy_X=True, fit_intercept=True, l1_ratio=0.5,
           max_iter=1000, normalize=False, positive=False, precompute=False,
           random_state=None, selection='cyclic', tol=0.0001, warm_start=False), 'model__alpha': 3.068163265306122, 'model__l1_ratio': 0.65, 'model__max_iter': 100000.0}",-34.612134912873884,-15.373100585593262,-24.845168445531776,-103.17629522031737,-44.501674791079076,34.552012092188036,716
414,0.005095005035400391,0.00023687356786744837,0.001648247241973877,0.0003416401130533281,"ElasticNet(alpha=1.0, copy_X=True, fit_intercept=True, l1_ratio=0.5,
           max_iter=1000, normalize=False, positive=False, precompute=False,
           random_state=None, selection='cyclic', tol=0.0001, warm_start=False)",3.068163265306122,100000.0,0.7,,,,,"{'model': ElasticNet(alpha=1.0, copy_X=True, fit_intercept=True, l1_ratio=0.5,
           max_iter=1000, normalize=False, positive=False, precompute=False,
           random_state=None, selection='cyclic', tol=0.0001, warm_start=False), 'model__alpha': 3.068163265306122, 'model__l1_ratio': 0.7, 'model__max_iter': 100000.0}",-35.407278301149624,-16.26274562640017,-26.292227660357998,-106.37235455309593,-46.08365153525093,35.46018734167926,741
415,0.00438690185546875,0.0007462392218157908,0.0014940500259399414,0.00034197197616833746,"ElasticNet(alpha=1.0, copy_X=True, fit_intercept=True, l1_ratio=0.5,
           max_iter=1000, normalize=False, positive=False, precompute=False,
           random_state=None, selection='cyclic', tol=0.0001, warm_start=False)",3.068163265306122,100000.0,0.75,,,,,"{'model': ElasticNet(alpha=1.0, copy_X=True, fit_intercept=True, l1_ratio=0.5,
           max_iter=1000, normalize=False, positive=False, precompute=False,
           random_state=None, selection='cyclic', tol=0.0001, warm_start=False), 'model__alpha': 3.068163265306122, 'model__l1_ratio': 0.75, 'model__max_iter': 100000.0}",-36.17917401374224,-16.867787095616276,-27.0492090938061,-107.23266516022737,-46.832208840848,35.534968425954595,763
416,0.004868268966674805,0.0003413928862955755,0.001599729061126709,9.924749695592978e-05,"ElasticNet(alpha=1.0, copy_X=True, fit_intercept=True, l1_ratio=0.5,
           max_iter=1000, normalize=False, positive=False, precompute=False,
           random_state=None, selection='cyclic', tol=0.0001, warm_start=False)",3.068163265306122,100000.0,0.7999999999999999,,,,,"{'model': ElasticNet(alpha=1.0, copy_X=True, fit_intercept=True, l1_ratio=0.5,
           max_iter=1000, normalize=False, positive=False, precompute=False,
           random_state=None, selection='cyclic', tol=0.0001, warm_start=False), 'model__alpha': 3.068163265306122, 'model__l1_ratio': 0.7999999999999999, 'model__max_iter': 100000.0}",-36.72070056509177,-16.950129345592078,-27.913736609996683,-108.23658857779019,-47.455288774617685,35.78419624144192,792
417,0.005239009857177734,0.00037971528995111865,0.0017258524894714355,7.406329830961877e-05,"ElasticNet(alpha=1.0, copy_X=True, fit_intercept=True, l1_ratio=0.5,
           max_iter=1000, normalize=False, positive=False, precompute=False,
           random_state=None, selection='cyclic', tol=0.0001, warm_start=False)",3.068163265306122,100000.0,0.85,,,,,"{'model': ElasticNet(alpha=1.0, copy_X=True, fit_intercept=True, l1_ratio=0.5,
           max_iter=1000, normalize=False, positive=False, precompute=False,
           random_state=None, selection='cyclic', tol=0.0001, warm_start=False), 'model__alpha': 3.068163265306122, 'model__l1_ratio': 0.85, 'model__max_iter': 100000.0}",-37.17940427028259,-17.049818658513583,-28.960084142658715,-107.50705552333139,-47.67409064869657,35.27811716314834,810
418,0.004359424114227295,0.0003246859446081901,0.0014187097549438477,0.00016536055916755045,"ElasticNet(alpha=1.0, copy_X=True, fit_intercept=True, l1_ratio=0.5,
           max_iter=1000, normalize=False, positive=False, precompute=False,
           random_state=None, selection='cyclic', tol=0.0001, warm_start=False)",3.068163265306122,100000.0,0.9,,,,,"{'model': ElasticNet(alpha=1.0, copy_X=True, fit_intercept=True, l1_ratio=0.5,
           max_iter=1000, normalize=False, positive=False, precompute=False,
           random_state=None, selection='cyclic', tol=0.0001, warm_start=False), 'model__alpha': 3.068163265306122, 'model__l1_ratio': 0.9, 'model__max_iter': 100000.0}",-37.721408195847424,-17.178051730795403,-29.484843697010866,-106.86950441411712,-47.8134520094427,34.87094889325019,824
419,0.004428744316101074,0.0003909920226021634,0.0014890432357788086,5.965814573524412e-05,"ElasticNet(alpha=1.0, copy_X=True, fit_intercept=True, l1_ratio=0.5,
           max_iter=1000, normalize=False, positive=False, precompute=False,
           random_state=None, selection='cyclic', tol=0.0001, warm_start=False)",3.068163265306122,100000.0,0.95,,,,,"{'model': ElasticNet(alpha=1.0, copy_X=True, fit_intercept=True, l1_ratio=0.5,
           max_iter=1000, normalize=False, positive=False, precompute=False,
           random_state=None, selection='cyclic', tol=0.0001, warm_start=False), 'model__alpha': 3.068163265306122, 'model__l1_ratio': 0.95, 'model__max_iter': 100000.0}",-38.45725297842384,-17.365008315135626,-29.54262983018687,-106.21577382214633,-47.895166236473166,34.493744400522885,836
420,0.0041738152503967285,0.0007619153237377839,0.0012226104736328125,0.0003595302765478948,"ElasticNet(alpha=1.0, copy_X=True, fit_intercept=True, l1_ratio=0.5,
           max_iter=1000, normalize=False, positive=False, precompute=False,
           random_state=None, selection='cyclic', tol=0.0001, warm_start=False)",3.068163265306122,100000.0,1.0,,,,,"{'model': ElasticNet(alpha=1.0, copy_X=True, fit_intercept=True, l1_ratio=0.5,
           max_iter=1000, normalize=False, positive=False, precompute=False,
           random_state=None, selection='cyclic', tol=0.0001, warm_start=False), 'model__alpha': 3.068163265306122, 'model__l1_ratio': 1.0, 'model__max_iter': 100000.0}",-39.255945030636916,-17.929593127216044,-30.06660609617377,-105.46285647398255,-48.17875018200232,33.92693086381033,862
421,0.0053803324699401855,0.00045900692515277126,0.001956045627593994,0.0005604594891947448,"ElasticNet(alpha=1.0, copy_X=True, fit_intercept=True, l1_ratio=0.5,
           max_iter=1000, normalize=False, positive=False, precompute=False,
           random_state=None, selection='cyclic', tol=0.0001, warm_start=False)",3.2720408163265304,100000.0,0.05,,,,,"{'model': ElasticNet(alpha=1.0, copy_X=True, fit_intercept=True, l1_ratio=0.5,
           max_iter=1000, normalize=False, positive=False, precompute=False,
           random_state=None, selection='cyclic', tol=0.0001, warm_start=False), 'model__alpha': 3.2720408163265304, 'model__l1_ratio': 0.05, 'model__max_iter': 100000.0}",-20.72454130253019,-7.080039689225968,-12.928182332491414,-37.77629146961224,-19.62726369846495,11.542332397139406,298
422,0.0045607686042785645,0.00017769906066426278,0.0016052722930908203,9.416568078845936e-05,"ElasticNet(alpha=1.0, copy_X=True, fit_intercept=True, l1_ratio=0.5,
           max_iter=1000, normalize=False, positive=False, precompute=False,
           random_state=None, selection='cyclic', tol=0.0001, warm_start=False)",3.2720408163265304,100000.0,0.1,,,,,"{'model': ElasticNet(alpha=1.0, copy_X=True, fit_intercept=True, l1_ratio=0.5,
           max_iter=1000, normalize=False, positive=False, precompute=False,
           random_state=None, selection='cyclic', tol=0.0001, warm_start=False), 'model__alpha': 3.2720408163265304, 'model__l1_ratio': 0.1, 'model__max_iter': 100000.0}",-21.883770351766888,-7.624540379914694,-13.531322700861505,-42.12823104358268,-21.291966119031443,13.05302915853465,317
423,0.004351377487182617,0.0006677930968231017,0.0014567971229553223,0.00032113041634127546,"ElasticNet(alpha=1.0, copy_X=True, fit_intercept=True, l1_ratio=0.5,
           max_iter=1000, normalize=False, positive=False, precompute=False,
           random_state=None, selection='cyclic', tol=0.0001, warm_start=False)",3.2720408163265304,100000.0,0.15,,,,,"{'model': ElasticNet(alpha=1.0, copy_X=True, fit_intercept=True, l1_ratio=0.5,
           max_iter=1000, normalize=False, positive=False, precompute=False,
           random_state=None, selection='cyclic', tol=0.0001, warm_start=False), 'model__alpha': 3.2720408163265304, 'model__l1_ratio': 0.15, 'model__max_iter': 100000.0}",-23.135433272407838,-8.208614762201712,-14.166829655205246,-46.65146893377333,-23.04058665589703,14.630564850537137,336
424,0.005139410495758057,0.002147282776294619,0.0012622475624084473,0.0003785573295944225,"ElasticNet(alpha=1.0, copy_X=True, fit_intercept=True, l1_ratio=0.5,
           max_iter=1000, normalize=False, positive=False, precompute=False,
           random_state=None, selection='cyclic', tol=0.0001, warm_start=False)",3.2720408163265304,100000.0,0.2,,,,,"{'model': ElasticNet(alpha=1.0, copy_X=True, fit_intercept=True, l1_ratio=0.5,
           max_iter=1000, normalize=False, positive=False, precompute=False,
           random_state=None, selection='cyclic', tol=0.0001, warm_start=False), 'model__alpha': 3.2720408163265304, 'model__l1_ratio': 0.2, 'model__max_iter': 100000.0}",-24.545886847634772,-8.804878505326053,-14.85768459941316,-51.25627336739095,-24.866180829941236,16.23788010740199,357
425,0.005692481994628906,0.0012727510533174773,0.0018654465675354004,0.0001981247902319092,"ElasticNet(alpha=1.0, copy_X=True, fit_intercept=True, l1_ratio=0.5,
           max_iter=1000, normalize=False, positive=False, precompute=False,
           random_state=None, selection='cyclic', tol=0.0001, warm_start=False)",3.2720408163265304,100000.0,0.25,,,,,"{'model': ElasticNet(alpha=1.0, copy_X=True, fit_intercept=True, l1_ratio=0.5,
           max_iter=1000, normalize=False, positive=False, precompute=False,
           random_state=None, selection='cyclic', tol=0.0001, warm_start=False), 'model__alpha': 3.2720408163265304, 'model__l1_ratio': 0.25, 'model__max_iter': 100000.0}",-26.086918851452953,-9.467626204965372,-15.617811074278126,-56.31786355106003,-26.87255492043912,18.008638392580043,384
426,0.00466388463973999,0.00046687338908986447,0.00136566162109375,0.0002625151502695204,"ElasticNet(alpha=1.0, copy_X=True, fit_intercept=True, l1_ratio=0.5,
           max_iter=1000, normalize=False, positive=False, precompute=False,
           random_state=None, selection='cyclic', tol=0.0001, warm_start=False)",3.2720408163265304,100000.0,0.3,,,,,"{'model': ElasticNet(alpha=1.0, copy_X=True, fit_intercept=True, l1_ratio=0.5,
           max_iter=1000, normalize=False, positive=False, precompute=False,
           random_state=None, selection='cyclic', tol=0.0001, warm_start=False), 'model__alpha': 3.2720408163265304, 'model__l1_ratio': 0.3, 'model__max_iter': 100000.0}",-27.74399098553871,-10.205655216342134,-16.457400448528,-62.06769529692878,-29.118685486834405,20.034581885276438,421
427,0.005777537822723389,0.002338577027778306,0.0013203024864196777,0.0002888093166104328,"ElasticNet(alpha=1.0, copy_X=True, fit_intercept=True, l1_ratio=0.5,
           max_iter=1000, normalize=False, positive=False, precompute=False,
           random_state=None, selection='cyclic', tol=0.0001, warm_start=False)",3.2720408163265304,100000.0,0.35,,,,,"{'model': ElasticNet(alpha=1.0, copy_X=True, fit_intercept=True, l1_ratio=0.5,
           max_iter=1000, normalize=False, positive=False, precompute=False,
           random_state=None, selection='cyclic', tol=0.0001, warm_start=False), 'model__alpha': 3.2720408163265304, 'model__l1_ratio': 0.35, 'model__max_iter': 100000.0}",-29.3525773693643,-10.981730814518386,-17.43802106580343,-67.5060866527153,-31.31960397560035,21.906951813343436,491
428,0.005011796951293945,0.0003479524558304952,0.0015664100646972656,0.00038636089362716725,"ElasticNet(alpha=1.0, copy_X=True, fit_intercept=True, l1_ratio=0.5,
           max_iter=1000, normalize=False, positive=False, precompute=False,
           random_state=None, selection='cyclic', tol=0.0001, warm_start=False)",3.2720408163265304,100000.0,0.39999999999999997,,,,,"{'model': ElasticNet(alpha=1.0, copy_X=True, fit_intercept=True, l1_ratio=0.5,
           max_iter=1000, normalize=False, positive=False, precompute=False,
           random_state=None, selection='cyclic', tol=0.0001, warm_start=False), 'model__alpha': 3.2720408163265304, 'model__l1_ratio': 0.39999999999999997, 'model__max_iter': 100000.0}",-30.93055282437962,-11.794616672194104,-18.60301016068386,-73.5526331525234,-33.72020320244525,23.998257723828274,553
429,0.005515336990356445,0.0004329089576441285,0.0014194846153259277,0.00029909101764480627,"ElasticNet(alpha=1.0, copy_X=True, fit_intercept=True, l1_ratio=0.5,
           max_iter=1000, normalize=False, positive=False, precompute=False,
           random_state=None, selection='cyclic', tol=0.0001, warm_start=False)",3.2720408163265304,100000.0,0.44999999999999996,,,,,"{'model': ElasticNet(alpha=1.0, copy_X=True, fit_intercept=True, l1_ratio=0.5,
           max_iter=1000, normalize=False, positive=False, precompute=False,
           random_state=None, selection='cyclic', tol=0.0001, warm_start=False), 'model__alpha': 3.2720408163265304, 'model__l1_ratio': 0.44999999999999996, 'model__max_iter': 100000.0}",-31.933598327075575,-12.697857493097393,-19.89024398994402,-80.43875788156525,-36.240114422920556,26.427364080594067,606
430,0.00489574670791626,0.00035490394894910116,0.0015249252319335938,6.413437619933243e-05,"ElasticNet(alpha=1.0, copy_X=True, fit_intercept=True, l1_ratio=0.5,
           max_iter=1000, normalize=False, positive=False, precompute=False,
           random_state=None, selection='cyclic', tol=0.0001, warm_start=False)",3.2720408163265304,100000.0,0.49999999999999994,,,,,"{'model': ElasticNet(alpha=1.0, copy_X=True, fit_intercept=True, l1_ratio=0.5,
           max_iter=1000, normalize=False, positive=False, precompute=False,
           random_state=None, selection='cyclic', tol=0.0001, warm_start=False), 'model__alpha': 3.2720408163265304, 'model__l1_ratio': 0.49999999999999994, 'model__max_iter': 100000.0}",-32.906575412467014,-13.685703124758813,-21.275793046003272,-88.31149705284454,-39.04489215901841,29.256224303594074,646
431,0.004855751991271973,0.0003264728511548819,0.0017150044441223145,0.0001276925010644996,"ElasticNet(alpha=1.0, copy_X=True, fit_intercept=True, l1_ratio=0.5,
           max_iter=1000, normalize=False, positive=False, precompute=False,
           random_state=None, selection='cyclic', tol=0.0001, warm_start=False)",3.2720408163265304,100000.0,0.5499999999999999,,,,,"{'model': ElasticNet(alpha=1.0, copy_X=True, fit_intercept=True, l1_ratio=0.5,
           max_iter=1000, normalize=False, positive=False, precompute=False,
           random_state=None, selection='cyclic', tol=0.0001, warm_start=False), 'model__alpha': 3.2720408163265304, 'model__l1_ratio': 0.5499999999999999, 'model__max_iter': 100000.0}",-33.83074029454729,-14.62289536782837,-22.75982605044035,-96.43602464519957,-41.91237158950389,32.20899338695945,685
432,0.005782008171081543,0.00045509808706085914,0.0017496943473815918,0.0001929060749881533,"ElasticNet(alpha=1.0, copy_X=True, fit_intercept=True, l1_ratio=0.5,
           max_iter=1000, normalize=False, positive=False, precompute=False,
           random_state=None, selection='cyclic', tol=0.0001, warm_start=False)",3.2720408163265304,100000.0,0.6,,,,,"{'model': ElasticNet(alpha=1.0, copy_X=True, fit_intercept=True, l1_ratio=0.5,
           max_iter=1000, normalize=False, positive=False, precompute=False,
           random_state=None, selection='cyclic', tol=0.0001, warm_start=False), 'model__alpha': 3.2720408163265304, 'model__l1_ratio': 0.6, 'model__max_iter': 100000.0}",-34.78721806845392,-15.343884227502075,-24.488486553782288,-102.28361284979978,-44.22580042488451,34.218135040299885,713
433,0.005286455154418945,0.0009209012136005158,0.001597285270690918,0.000250071455860888,"ElasticNet(alpha=1.0, copy_X=True, fit_intercept=True, l1_ratio=0.5,
           max_iter=1000, normalize=False, positive=False, precompute=False,
           random_state=None, selection='cyclic', tol=0.0001, warm_start=False)",3.2720408163265304,100000.0,0.65,,,,,"{'model': ElasticNet(alpha=1.0, copy_X=True, fit_intercept=True, l1_ratio=0.5,
           max_iter=1000, normalize=False, positive=False, precompute=False,
           random_state=None, selection='cyclic', tol=0.0001, warm_start=False), 'model__alpha': 3.2720408163265304, 'model__l1_ratio': 0.65, 'model__max_iter': 100000.0}",-35.619577799985414,-16.19054523961556,-26.24883322106147,-105.88277968806135,-45.98543398718095,35.25766513038471,739
434,0.004720211029052734,0.0002515370811299312,0.0016399621963500977,0.00017930999136690418,"ElasticNet(alpha=1.0, copy_X=True, fit_intercept=True, l1_ratio=0.5,
           max_iter=1000, normalize=False, positive=False, precompute=False,
           random_state=None, selection='cyclic', tol=0.0001, warm_start=False)",3.2720408163265304,100000.0,0.7,,,,,"{'model': ElasticNet(alpha=1.0, copy_X=True, fit_intercept=True, l1_ratio=0.5,
           max_iter=1000, normalize=False, positive=False, precompute=False,
           random_state=None, selection='cyclic', tol=0.0001, warm_start=False), 'model__alpha': 3.2720408163265304, 'model__l1_ratio': 0.7, 'model__max_iter': 100000.0}",-36.388683901791225,-16.83238133668577,-27.057905035565035,-106.55469857774864,-46.708417212947666,35.23774410103982,759
435,0.004799544811248779,0.00045213901925125955,0.0016297101974487305,0.00011227597692526129,"ElasticNet(alpha=1.0, copy_X=True, fit_intercept=True, l1_ratio=0.5,
           max_iter=1000, normalize=False, positive=False, precompute=False,
           random_state=None, selection='cyclic', tol=0.0001, warm_start=False)",3.2720408163265304,100000.0,0.75,,,,,"{'model': ElasticNet(alpha=1.0, copy_X=True, fit_intercept=True, l1_ratio=0.5,
           max_iter=1000, normalize=False, positive=False, precompute=False,
           random_state=None, selection='cyclic', tol=0.0001, warm_start=False), 'model__alpha': 3.2720408163265304, 'model__l1_ratio': 0.75, 'model__max_iter': 100000.0}",-37.02850998327044,-16.949588644082436,-27.869815868611695,-107.57424748330283,-47.35554049481685,35.48646080799344,787
436,0.005121052265167236,0.0002846094450894231,0.0015742182731628418,0.00038577442590997355,"ElasticNet(alpha=1.0, copy_X=True, fit_intercept=True, l1_ratio=0.5,
           max_iter=1000, normalize=False, positive=False, precompute=False,
           random_state=None, selection='cyclic', tol=0.0001, warm_start=False)",3.2720408163265304,100000.0,0.7999999999999999,,,,,"{'model': ElasticNet(alpha=1.0, copy_X=True, fit_intercept=True, l1_ratio=0.5,
           max_iter=1000, normalize=False, positive=False, precompute=False,
           random_state=None, selection='cyclic', tol=0.0001, warm_start=False), 'model__alpha': 3.2720408163265304, 'model__l1_ratio': 0.7999999999999999, 'model__max_iter': 100000.0}",-37.50417594563375,-17.04344020067507,-28.816122312759013,-107.11650098914568,-47.62005986205338,35.10938390044172,805
437,0.004508018493652344,0.00040182263390165234,0.0014629960060119629,0.00019565555806854676,"ElasticNet(alpha=1.0, copy_X=True, fit_intercept=True, l1_ratio=0.5,
           max_iter=1000, normalize=False, positive=False, precompute=False,
           random_state=None, selection='cyclic', tol=0.0001, warm_start=False)",3.2720408163265304,100000.0,0.85,,,,,"{'model': ElasticNet(alpha=1.0, copy_X=True, fit_intercept=True, l1_ratio=0.5,
           max_iter=1000, normalize=False, positive=False, precompute=False,
           random_state=None, selection='cyclic', tol=0.0001, warm_start=False), 'model__alpha': 3.2720408163265304, 'model__l1_ratio': 0.85, 'model__max_iter': 100000.0}",-38.04616409773962,-17.160026076799042,-29.60589843888663,-106.344476418178,-47.78914125790082,34.613674667204315,822
438,0.004504263401031494,2.939294744827451e-05,0.0013642311096191406,0.00027760503530346615,"ElasticNet(alpha=1.0, copy_X=True, fit_intercept=True, l1_ratio=0.5,
           max_iter=1000, normalize=False, positive=False, precompute=False,
           random_state=None, selection='cyclic', tol=0.0001, warm_start=False)",3.2720408163265304,100000.0,0.9,,,,,"{'model': ElasticNet(alpha=1.0, copy_X=True, fit_intercept=True, l1_ratio=0.5,
           max_iter=1000, normalize=False, positive=False, precompute=False,
           random_state=None, selection='cyclic', tol=0.0001, warm_start=False), 'model__alpha': 3.2720408163265304, 'model__l1_ratio': 0.9, 'model__max_iter': 100000.0}",-38.69483360568948,-17.31808126226499,-29.8797487681348,-105.67862855403932,-47.89282304753215,34.21654573462586,834
439,0.005387604236602783,0.0009029156234660043,0.0015290379524230957,0.0002961721331813595,"ElasticNet(alpha=1.0, copy_X=True, fit_intercept=True, l1_ratio=0.5,
           max_iter=1000, normalize=False, positive=False, precompute=False,
           random_state=None, selection='cyclic', tol=0.0001, warm_start=False)",3.2720408163265304,100000.0,0.95,,,,,"{'model': ElasticNet(alpha=1.0, copy_X=True, fit_intercept=True, l1_ratio=0.5,
           max_iter=1000, normalize=False, positive=False, precompute=False,
           random_state=None, selection='cyclic', tol=0.0001, warm_start=False), 'model__alpha': 3.2720408163265304, 'model__l1_ratio': 0.95, 'model__max_iter': 100000.0}",-39.553957566996,-17.64020874861344,-30.0000137405023,-104.93409589272646,-48.03206898720955,33.7584775441384,849
440,0.004934251308441162,0.0006071531082273602,0.001636505126953125,0.0001177938592575816,"ElasticNet(alpha=1.0, copy_X=True, fit_intercept=True, l1_ratio=0.5,
           max_iter=1000, normalize=False, positive=False, precompute=False,
           random_state=None, selection='cyclic', tol=0.0001, warm_start=False)",3.2720408163265304,100000.0,1.0,,,,,"{'model': ElasticNet(alpha=1.0, copy_X=True, fit_intercept=True, l1_ratio=0.5,
           max_iter=1000, normalize=False, positive=False, precompute=False,
           random_state=None, selection='cyclic', tol=0.0001, warm_start=False), 'model__alpha': 3.2720408163265304, 'model__l1_ratio': 1.0, 'model__max_iter': 100000.0}",-40.24519426569069,-18.647862676646486,-30.578581109280556,-104.07803361879193,-48.38741791760242,33.05047767268514,881
441,0.004979491233825684,0.0009545145728996914,0.0015299320220947266,0.000368562312288158,"ElasticNet(alpha=1.0, copy_X=True, fit_intercept=True, l1_ratio=0.5,
           max_iter=1000, normalize=False, positive=False, precompute=False,
           random_state=None, selection='cyclic', tol=0.0001, warm_start=False)",3.4759183673469387,100000.0,0.05,,,,,"{'model': ElasticNet(alpha=1.0, copy_X=True, fit_intercept=True, l1_ratio=0.5,
           max_iter=1000, normalize=False, positive=False, precompute=False,
           random_state=None, selection='cyclic', tol=0.0001, warm_start=False), 'model__alpha': 3.4759183673469387, 'model__l1_ratio': 0.05, 'model__max_iter': 100000.0}",-21.293956598065463,-7.348643886635116,-13.39198338222633,-39.455185773842196,-20.372442410192278,12.07628273626344,308
442,0.004617273807525635,0.0011944138270202948,0.0014374256134033203,0.00027627420906005894,"ElasticNet(alpha=1.0, copy_X=True, fit_intercept=True, l1_ratio=0.5,
           max_iter=1000, normalize=False, positive=False, precompute=False,
           random_state=None, selection='cyclic', tol=0.0001, warm_start=False)",3.4759183673469387,100000.0,0.1,,,,,"{'model': ElasticNet(alpha=1.0, copy_X=True, fit_intercept=True, l1_ratio=0.5,
           max_iter=1000, normalize=False, positive=False, precompute=False,
           random_state=None, selection='cyclic', tol=0.0001, warm_start=False), 'model__alpha': 3.4759183673469387, 'model__l1_ratio': 0.1, 'model__max_iter': 100000.0}",-22.522246992218122,-7.931090706734168,-14.042545619802612,-44.06918103740368,-22.141266089039647,13.679336223534323,327
443,0.004187822341918945,0.0005867673532837078,0.0013598799705505371,0.0002832693356902594,"ElasticNet(alpha=1.0, copy_X=True, fit_intercept=True, l1_ratio=0.5,
           max_iter=1000, normalize=False, positive=False, precompute=False,
           random_state=None, selection='cyclic', tol=0.0001, warm_start=False)",3.4759183673469387,100000.0,0.15,,,,,"{'model': ElasticNet(alpha=1.0, copy_X=True, fit_intercept=True, l1_ratio=0.5,
           max_iter=1000, normalize=False, positive=False, precompute=False,
           random_state=None, selection='cyclic', tol=0.0001, warm_start=False), 'model__alpha': 3.4759183673469387, 'model__l1_ratio': 0.15, 'model__max_iter': 100000.0}",-23.85945565266343,-8.555518273417885,-14.725862743587149,-48.85508588295723,-23.998980638156425,15.3487514187626,347
444,0.004109799861907959,0.0007190073760793325,0.0013859272003173828,0.00027053171373036866,"ElasticNet(alpha=1.0, copy_X=True, fit_intercept=True, l1_ratio=0.5,
           max_iter=1000, normalize=False, positive=False, precompute=False,
           random_state=None, selection='cyclic', tol=0.0001, warm_start=False)",3.4759183673469387,100000.0,0.2,,,,,"{'model': ElasticNet(alpha=1.0, copy_X=True, fit_intercept=True, l1_ratio=0.5,
           max_iter=1000, normalize=False, positive=False, precompute=False,
           random_state=None, selection='cyclic', tol=0.0001, warm_start=False), 'model__alpha': 3.4759183673469387, 'model__l1_ratio': 0.2, 'model__max_iter': 100000.0}",-25.368516775342027,-9.203908342152253,-15.474502139223528,-53.7726862785942,-25.954903383828004,17.06317335352008,371
445,0.005392313003540039,0.0012323582024047694,0.0015160441398620605,0.00011599074593545913,"ElasticNet(alpha=1.0, copy_X=True, fit_intercept=True, l1_ratio=0.5,
           max_iter=1000, normalize=False, positive=False, precompute=False,
           random_state=None, selection='cyclic', tol=0.0001, warm_start=False)",3.4759183673469387,100000.0,0.25,,,,,"{'model': ElasticNet(alpha=1.0, copy_X=True, fit_intercept=True, l1_ratio=0.5,
           max_iter=1000, normalize=False, positive=False, precompute=False,
           random_state=None, selection='cyclic', tol=0.0001, warm_start=False), 'model__alpha': 3.4759183673469387, 'model__l1_ratio': 0.25, 'model__max_iter': 100000.0}",-27.005914520353738,-9.92648810265382,-16.29967914562156,-59.264160436455875,-28.12406055127125,18.98633528392648,397
446,0.004353165626525879,0.00043119516074453963,0.0012812614440917969,0.00026626819183298413,"ElasticNet(alpha=1.0, copy_X=True, fit_intercept=True, l1_ratio=0.5,
           max_iter=1000, normalize=False, positive=False, precompute=False,
           random_state=None, selection='cyclic', tol=0.0001, warm_start=False)",3.4759183673469387,100000.0,0.3,,,,,"{'model': ElasticNet(alpha=1.0, copy_X=True, fit_intercept=True, l1_ratio=0.5,
           max_iter=1000, normalize=False, positive=False, precompute=False,
           random_state=None, selection='cyclic', tol=0.0001, warm_start=False), 'model__alpha': 3.4759183673469387, 'model__l1_ratio': 0.3, 'model__max_iter': 100000.0}",-28.72671013031103,-10.732955255791977,-17.212620032221178,-65.31060666067482,-30.49572301974975,21.10813435741996,463
447,0.005929708480834961,0.0016552090901973185,0.0015965104103088379,0.0002695301408342891,"ElasticNet(alpha=1.0, copy_X=True, fit_intercept=True, l1_ratio=0.5,
           max_iter=1000, normalize=False, positive=False, precompute=False,
           random_state=None, selection='cyclic', tol=0.0001, warm_start=False)",3.4759183673469387,100000.0,0.35,,,,,"{'model': ElasticNet(alpha=1.0, copy_X=True, fit_intercept=True, l1_ratio=0.5,
           max_iter=1000, normalize=False, positive=False, precompute=False,
           random_state=None, selection='cyclic', tol=0.0001, warm_start=False), 'model__alpha': 3.4759183673469387, 'model__l1_ratio': 0.35, 'model__max_iter': 100000.0}",-30.419341579606783,-11.550548042322927,-18.30888228419887,-71.12592873615247,-32.851175160570264,23.10879471959659,537
448,0.004468977451324463,0.00011794762234339337,0.0013098716735839844,0.0002312804615782544,"ElasticNet(alpha=1.0, copy_X=True, fit_intercept=True, l1_ratio=0.5,
           max_iter=1000, normalize=False, positive=False, precompute=False,
           random_state=None, selection='cyclic', tol=0.0001, warm_start=False)",3.4759183673469387,100000.0,0.39999999999999997,,,,,"{'model': ElasticNet(alpha=1.0, copy_X=True, fit_intercept=True, l1_ratio=0.5,
           max_iter=1000, normalize=False, positive=False, precompute=False,
           random_state=None, selection='cyclic', tol=0.0001, warm_start=False), 'model__alpha': 3.4759183673469387, 'model__l1_ratio': 0.39999999999999997, 'model__max_iter': 100000.0}",-31.836394866068,-12.447284736822203,-19.583675374128138,-77.74686819497218,-35.40355579299763,25.4113150954538,594
449,0.005042076110839844,0.0007253913381736777,0.0017491579055786133,0.00017359381831006223,"ElasticNet(alpha=1.0, copy_X=True, fit_intercept=True, l1_ratio=0.5,
           max_iter=1000, normalize=False, positive=False, precompute=False,
           random_state=None, selection='cyclic', tol=0.0001, warm_start=False)",3.4759183673469387,100000.0,0.44999999999999996,,,,,"{'model': ElasticNet(alpha=1.0, copy_X=True, fit_intercept=True, l1_ratio=0.5,
           max_iter=1000, normalize=False, positive=False, precompute=False,
           random_state=None, selection='cyclic', tol=0.0001, warm_start=False), 'model__alpha': 3.4759183673469387, 'model__l1_ratio': 0.44999999999999996, 'model__max_iter': 100000.0}",-32.915055086181425,-13.422301353386805,-20.96204964873273,-85.31063110979714,-38.152509299524525,28.0998864204737,634
450,0.004361450672149658,0.0006384305643918124,0.0012654662132263184,0.00032724065514086866,"ElasticNet(alpha=1.0, copy_X=True, fit_intercept=True, l1_ratio=0.5,
           max_iter=1000, normalize=False, positive=False, precompute=False,
           random_state=None, selection='cyclic', tol=0.0001, warm_start=False)",3.4759183673469387,100000.0,0.49999999999999994,,,,,"{'model': ElasticNet(alpha=1.0, copy_X=True, fit_intercept=True, l1_ratio=0.5,
           max_iter=1000, normalize=False, positive=False, precompute=False,
           random_state=None, selection='cyclic', tol=0.0001, warm_start=False), 'model__alpha': 3.4759183673469387, 'model__l1_ratio': 0.49999999999999994, 'model__max_iter': 100000.0}",-33.876777363633416,-14.494102989635929,-22.443116765129933,-93.90856977917556,-41.18064172439371,31.21236542939111,674
451,0.004480719566345215,0.0009036659309821698,0.0015239119529724121,0.0004864975470273094,"ElasticNet(alpha=1.0, copy_X=True, fit_intercept=True, l1_ratio=0.5,
           max_iter=1000, normalize=False, positive=False, precompute=False,
           random_state=None, selection='cyclic', tol=0.0001, warm_start=False)",3.4759183673469387,100000.0,0.5499999999999999,,,,,"{'model': ElasticNet(alpha=1.0, copy_X=True, fit_intercept=True, l1_ratio=0.5,
           max_iter=1000, normalize=False, positive=False, precompute=False,
           random_state=None, selection='cyclic', tol=0.0001, warm_start=False), 'model__alpha': 3.4759183673469387, 'model__l1_ratio': 0.5499999999999999, 'model__max_iter': 100000.0}",-34.83712060352227,-15.242265169587426,-24.069576375041084,-101.03389423896895,-43.79571409677993,33.76716459232963,709
452,0.005527317523956299,0.0005125916107464963,0.0016137957572937012,8.498667195838014e-05,"ElasticNet(alpha=1.0, copy_X=True, fit_intercept=True, l1_ratio=0.5,
           max_iter=1000, normalize=False, positive=False, precompute=False,
           random_state=None, selection='cyclic', tol=0.0001, warm_start=False)",3.4759183673469387,100000.0,0.6,,,,,"{'model': ElasticNet(alpha=1.0, copy_X=True, fit_intercept=True, l1_ratio=0.5,
           max_iter=1000, normalize=False, positive=False, precompute=False,
           random_state=None, selection='cyclic', tol=0.0001, warm_start=False), 'model__alpha': 3.4759183673469387, 'model__l1_ratio': 0.6, 'model__max_iter': 100000.0}",-35.73879709239964,-16.04255388254297,-25.83590831394004,-105.4544153703518,-45.76791866480861,35.156590835008686,736
453,0.005685627460479736,0.00150833264097783,0.0013963580131530762,0.0002897863018499089,"ElasticNet(alpha=1.0, copy_X=True, fit_intercept=True, l1_ratio=0.5,
           max_iter=1000, normalize=False, positive=False, precompute=False,
           random_state=None, selection='cyclic', tol=0.0001, warm_start=False)",3.4759183673469387,100000.0,0.65,,,,,"{'model': ElasticNet(alpha=1.0, copy_X=True, fit_intercept=True, l1_ratio=0.5,
           max_iter=1000, normalize=False, positive=False, precompute=False,
           random_state=None, selection='cyclic', tol=0.0001, warm_start=False), 'model__alpha': 3.4759183673469387, 'model__l1_ratio': 0.65, 'model__max_iter': 100000.0}",-36.498844711069275,-16.69903140234731,-27.049721613655137,-105.98971512473277,-46.55932821295112,35.0194456411447,754
454,0.004988253116607666,0.0007351632996394657,0.0017347335815429688,0.0005109482313718645,"ElasticNet(alpha=1.0, copy_X=True, fit_intercept=True, l1_ratio=0.5,
           max_iter=1000, normalize=False, positive=False, precompute=False,
           random_state=None, selection='cyclic', tol=0.0001, warm_start=False)",3.4759183673469387,100000.0,0.7,,,,,"{'model': ElasticNet(alpha=1.0, copy_X=True, fit_intercept=True, l1_ratio=0.5,
           max_iter=1000, normalize=False, positive=False, precompute=False,
           random_state=None, selection='cyclic', tol=0.0001, warm_start=False), 'model__alpha': 3.4759183673469387, 'model__l1_ratio': 0.7, 'model__max_iter': 100000.0}",-37.255986609189485,-16.94589019359402,-27.829468801458585,-106.73359847627985,-47.19123602013049,35.12001239220273,777
455,0.004387021064758301,0.0004870438898975978,0.0014187097549438477,0.00030144578706830393,"ElasticNet(alpha=1.0, copy_X=True, fit_intercept=True, l1_ratio=0.5,
           max_iter=1000, normalize=False, positive=False, precompute=False,
           random_state=None, selection='cyclic', tol=0.0001, warm_start=False)",3.4759183673469387,100000.0,0.75,,,,,"{'model': ElasticNet(alpha=1.0, copy_X=True, fit_intercept=True, l1_ratio=0.5,
           max_iter=1000, normalize=False, positive=False, precompute=False,
           random_state=None, selection='cyclic', tol=0.0001, warm_start=False), 'model__alpha': 3.4759183673469387, 'model__l1_ratio': 0.75, 'model__max_iter': 100000.0}",-37.744930740507435,-17.033913135290614,-28.71910032615278,-106.88191122635723,-47.59496385707702,35.00800382063721,803
456,0.005341649055480957,0.0008991059949263369,0.0015004873275756836,0.00014607594257754812,"ElasticNet(alpha=1.0, copy_X=True, fit_intercept=True, l1_ratio=0.5,
           max_iter=1000, normalize=False, positive=False, precompute=False,
           random_state=None, selection='cyclic', tol=0.0001, warm_start=False)",3.4759183673469387,100000.0,0.7999999999999999,,,,,"{'model': ElasticNet(alpha=1.0, copy_X=True, fit_intercept=True, l1_ratio=0.5,
           max_iter=1000, normalize=False, positive=False, precompute=False,
           random_state=None, selection='cyclic', tol=0.0001, warm_start=False), 'model__alpha': 3.4759183673469387, 'model__l1_ratio': 0.7999999999999999, 'model__max_iter': 100000.0}",-38.29314461809234,-17.139313836002696,-29.50242499602381,-106.07711244414223,-47.75299897356527,34.501710916877116,816
457,0.004541277885437012,0.0006438950155360511,0.0014339089393615723,0.00021080445593645394,"ElasticNet(alpha=1.0, copy_X=True, fit_intercept=True, l1_ratio=0.5,
           max_iter=1000, normalize=False, positive=False, precompute=False,
           random_state=None, selection='cyclic', tol=0.0001, warm_start=False)",3.4759183673469387,100000.0,0.85,,,,,"{'model': ElasticNet(alpha=1.0, copy_X=True, fit_intercept=True, l1_ratio=0.5,
           max_iter=1000, normalize=False, positive=False, precompute=False,
           random_state=None, selection='cyclic', tol=0.0001, warm_start=False), 'model__alpha': 3.4759183673469387, 'model__l1_ratio': 0.85, 'model__max_iter': 100000.0}",-38.92235960946663,-17.27286195926689,-30.225922331251,-105.31215157594595,-47.93332386898261,34.011554432454446,841
458,0.004839539527893066,0.0002652902235395606,0.0016055107116699219,7.650580643577303e-05,"ElasticNet(alpha=1.0, copy_X=True, fit_intercept=True, l1_ratio=0.5,
           max_iter=1000, normalize=False, positive=False, precompute=False,
           random_state=None, selection='cyclic', tol=0.0001, warm_start=False)",3.4759183673469387,100000.0,0.9,,,,,"{'model': ElasticNet(alpha=1.0, copy_X=True, fit_intercept=True, l1_ratio=0.5,
           max_iter=1000, normalize=False, positive=False, precompute=False,
           random_state=None, selection='cyclic', tol=0.0001, warm_start=False), 'model__alpha': 3.4759183673469387, 'model__l1_ratio': 0.9, 'model__max_iter': 100000.0}",-39.6824182432248,-17.492308727184245,-30.342336633429284,-104.57844868010082,-48.023878070984786,33.58873711172734,847
459,0.00435948371887207,0.0005066359744231132,0.0013457536697387695,0.0002684027002720539,"ElasticNet(alpha=1.0, copy_X=True, fit_intercept=True, l1_ratio=0.5,
           max_iter=1000, normalize=False, positive=False, precompute=False,
           random_state=None, selection='cyclic', tol=0.0001, warm_start=False)",3.4759183673469387,100000.0,0.95,,,,,"{'model': ElasticNet(alpha=1.0, copy_X=True, fit_intercept=True, l1_ratio=0.5,
           max_iter=1000, normalize=False, positive=False, precompute=False,
           random_state=None, selection='cyclic', tol=0.0001, warm_start=False), 'model__alpha': 3.4759183673469387, 'model__l1_ratio': 0.95, 'model__max_iter': 100000.0}",-40.580148037922676,-17.978043834721227,-30.66891414002718,-103.75163793218672,-48.24468598621445,33.03310551329172,869
460,0.005628645420074463,0.0019120927638419363,0.0014600753784179688,0.000291619597164652,"ElasticNet(alpha=1.0, copy_X=True, fit_intercept=True, l1_ratio=0.5,
           max_iter=1000, normalize=False, positive=False, precompute=False,
           random_state=None, selection='cyclic', tol=0.0001, warm_start=False)",3.4759183673469387,100000.0,1.0,,,,,"{'model': ElasticNet(alpha=1.0, copy_X=True, fit_intercept=True, l1_ratio=0.5,
           max_iter=1000, normalize=False, positive=False, precompute=False,
           random_state=None, selection='cyclic', tol=0.0001, warm_start=False), 'model__alpha': 3.4759183673469387, 'model__l1_ratio': 1.0, 'model__max_iter': 100000.0}",-41.152409747111406,-18.810793102559114,-31.18330817590363,-102.82693801644284,-48.49336226050425,32.35243392102904,891
461,0.004514515399932861,0.00031830100842444577,0.0013617873191833496,0.0002521647813181104,"ElasticNet(alpha=1.0, copy_X=True, fit_intercept=True, l1_ratio=0.5,
           max_iter=1000, normalize=False, positive=False, precompute=False,
           random_state=None, selection='cyclic', tol=0.0001, warm_start=False)",3.679795918367347,100000.0,0.05,,,,,"{'model': ElasticNet(alpha=1.0, copy_X=True, fit_intercept=True, l1_ratio=0.5,
           max_iter=1000, normalize=False, positive=False, precompute=False,
           random_state=None, selection='cyclic', tol=0.0001, warm_start=False), 'model__alpha': 3.679795918367347, 'model__l1_ratio': 0.05, 'model__max_iter': 100000.0}",-21.844617599869085,-7.610005817232864,-13.844870975807195,-41.08638760572364,-21.096470499658196,12.595901469084533,313
462,0.005184054374694824,0.0017897560321426947,0.0012490153312683105,0.00037136425553859593,"ElasticNet(alpha=1.0, copy_X=True, fit_intercept=True, l1_ratio=0.5,
           max_iter=1000, normalize=False, positive=False, precompute=False,
           random_state=None, selection='cyclic', tol=0.0001, warm_start=False)",3.679795918367347,100000.0,0.1,,,,,"{'model': ElasticNet(alpha=1.0, copy_X=True, fit_intercept=True, l1_ratio=0.5,
           max_iter=1000, normalize=False, positive=False, precompute=False,
           random_state=None, selection='cyclic', tol=0.0001, warm_start=False), 'model__alpha': 3.679795918367347, 'model__l1_ratio': 0.1, 'model__max_iter': 100000.0}",-23.140706046797025,-8.229928500908612,-14.541606952453058,-45.96076515479864,-22.968251663739334,14.290835593948502,334
463,0.004618048667907715,0.00018063087044951936,0.001605689525604248,0.0001696771925152505,"ElasticNet(alpha=1.0, copy_X=True, fit_intercept=True, l1_ratio=0.5,
           max_iter=1000, normalize=False, positive=False, precompute=False,
           random_state=None, selection='cyclic', tol=0.0001, warm_start=False)",3.679795918367347,100000.0,0.15,,,,,"{'model': ElasticNet(alpha=1.0, copy_X=True, fit_intercept=True, l1_ratio=0.5,
           max_iter=1000, normalize=False, positive=False, precompute=False,
           random_state=None, selection='cyclic', tol=0.0001, warm_start=False), 'model__alpha': 3.679795918367347, 'model__l1_ratio': 0.15, 'model__max_iter': 100000.0}",-24.562483535278123,-8.894751464724843,-15.274272538273609,-51.00636231709962,-24.93446746384405,16.05049787868544,359
464,0.00610196590423584,0.0005046333114664843,0.0014380216598510742,0.0002326050624016619,"ElasticNet(alpha=1.0, copy_X=True, fit_intercept=True, l1_ratio=0.5,
           max_iter=1000, normalize=False, positive=False, precompute=False,
           random_state=None, selection='cyclic', tol=0.0001, warm_start=False)",3.679795918367347,100000.0,0.2,,,,,"{'model': ElasticNet(alpha=1.0, copy_X=True, fit_intercept=True, l1_ratio=0.5,
           max_iter=1000, normalize=False, positive=False, precompute=False,
           random_state=None, selection='cyclic', tol=0.0001, warm_start=False), 'model__alpha': 3.679795918367347, 'model__l1_ratio': 0.2, 'model__max_iter': 100000.0}",-26.157253304865094,-9.595259958267507,-16.081108920083146,-56.239664593700276,-27.018321694229005,17.873262315129455,385
465,0.0046579837799072266,0.0003906773426425766,0.0014662742614746094,0.00011685417261285054,"ElasticNet(alpha=1.0, copy_X=True, fit_intercept=True, l1_ratio=0.5,
           max_iter=1000, normalize=False, positive=False, precompute=False,
           random_state=None, selection='cyclic', tol=0.0001, warm_start=False)",3.679795918367347,100000.0,0.25,,,,,"{'model': ElasticNet(alpha=1.0, copy_X=True, fit_intercept=True, l1_ratio=0.5,
           max_iter=1000, normalize=False, positive=False, precompute=False,
           random_state=None, selection='cyclic', tol=0.0001, warm_start=False), 'model__alpha': 3.679795918367347, 'model__l1_ratio': 0.25, 'model__max_iter': 100000.0}",-27.882086474578198,-10.37786971821286,-16.97210680545842,-62.160387718538026,-29.348112679196873,19.94887381204495,429
466,0.00518566370010376,0.0007400922729920843,0.0017443299293518066,0.00015172700387867195,"ElasticNet(alpha=1.0, copy_X=True, fit_intercept=True, l1_ratio=0.5,
           max_iter=1000, normalize=False, positive=False, precompute=False,
           random_state=None, selection='cyclic', tol=0.0001, warm_start=False)",3.679795918367347,100000.0,0.3,,,,,"{'model': ElasticNet(alpha=1.0, copy_X=True, fit_intercept=True, l1_ratio=0.5,
           max_iter=1000, normalize=False, positive=False, precompute=False,
           random_state=None, selection='cyclic', tol=0.0001, warm_start=False), 'model__alpha': 3.679795918367347, 'model__l1_ratio': 0.3, 'model__max_iter': 100000.0}",-29.67964990109276,-11.234787243149515,-17.959266036759903,-68.3827663929679,-31.814117393492516,22.12062259904157,508
467,0.004288971424102783,0.0005360065489201569,0.0013970136642456055,0.00030344571867374395,"ElasticNet(alpha=1.0, copy_X=True, fit_intercept=True, l1_ratio=0.5,
           max_iter=1000, normalize=False, positive=False, precompute=False,
           random_state=None, selection='cyclic', tol=0.0001, warm_start=False)",3.679795918367347,100000.0,0.35,,,,,"{'model': ElasticNet(alpha=1.0, copy_X=True, fit_intercept=True, l1_ratio=0.5,
           max_iter=1000, normalize=False, positive=False, precompute=False,
           random_state=None, selection='cyclic', tol=0.0001, warm_start=False), 'model__alpha': 3.679795918367347, 'model__l1_ratio': 0.35, 'model__max_iter': 100000.0}",-31.445889244297,-12.115164203237766,-19.171803278981322,-74.68976168574484,-34.35565460306523,24.292466336587026,570
468,0.004650115966796875,0.0004491854435058543,0.0014470219612121582,0.0002811824653051071,"ElasticNet(alpha=1.0, copy_X=True, fit_intercept=True, l1_ratio=0.5,
           max_iter=1000, normalize=False, positive=False, precompute=False,
           random_state=None, selection='cyclic', tol=0.0001, warm_start=False)",3.679795918367347,100000.0,0.39999999999999997,,,,,"{'model': ElasticNet(alpha=1.0, copy_X=True, fit_intercept=True, l1_ratio=0.5,
           max_iter=1000, normalize=False, positive=False, precompute=False,
           random_state=None, selection='cyclic', tol=0.0001, warm_start=False), 'model__alpha': 3.679795918367347, 'model__l1_ratio': 0.39999999999999997, 'model__max_iter': 100000.0}",-32.725603644903295,-13.097325397384976,-20.557551589536843,-81.8909766890763,-37.067864330225355,26.81018366647097,619
469,0.0053517818450927734,0.0005544306281796472,0.001605391502380371,0.0003594974880950258,"ElasticNet(alpha=1.0, copy_X=True, fit_intercept=True, l1_ratio=0.5,
           max_iter=1000, normalize=False, positive=False, precompute=False,
           random_state=None, selection='cyclic', tol=0.0001, warm_start=False)",3.679795918367347,100000.0,0.44999999999999996,,,,,"{'model': ElasticNet(alpha=1.0, copy_X=True, fit_intercept=True, l1_ratio=0.5,
           max_iter=1000, normalize=False, positive=False, precompute=False,
           random_state=None, selection='cyclic', tol=0.0001, warm_start=False), 'model__alpha': 3.679795918367347, 'model__l1_ratio': 0.44999999999999996, 'model__max_iter': 100000.0}",-33.798569517447106,-14.143026693247032,-22.032938970709218,-90.14141841514427,-40.02898839913691,29.76581331838491,662
470,0.004806339740753174,0.000293948855283484,0.0017156004905700684,0.00017231168807948342,"ElasticNet(alpha=1.0, copy_X=True, fit_intercept=True, l1_ratio=0.5,
           max_iter=1000, normalize=False, positive=False, precompute=False,
           random_state=None, selection='cyclic', tol=0.0001, warm_start=False)",3.679795918367347,100000.0,0.49999999999999994,,,,,"{'model': ElasticNet(alpha=1.0, copy_X=True, fit_intercept=True, l1_ratio=0.5,
           max_iter=1000, normalize=False, positive=False, precompute=False,
           random_state=None, selection='cyclic', tol=0.0001, warm_start=False), 'model__alpha': 3.679795918367347, 'model__l1_ratio': 0.49999999999999994, 'model__max_iter': 100000.0}",-34.7848394716856,-15.086976028582631,-23.609980804615244,-98.81025875970082,-43.073013766146076,32.92932687179036,699
471,0.004361569881439209,0.0002788488180543706,0.0012445449829101562,0.00027947076612411383,"ElasticNet(alpha=1.0, copy_X=True, fit_intercept=True, l1_ratio=0.5,
           max_iter=1000, normalize=False, positive=False, precompute=False,
           random_state=None, selection='cyclic', tol=0.0001, warm_start=False)",3.679795918367347,100000.0,0.5499999999999999,,,,,"{'model': ElasticNet(alpha=1.0, copy_X=True, fit_intercept=True, l1_ratio=0.5,
           max_iter=1000, normalize=False, positive=False, precompute=False,
           random_state=None, selection='cyclic', tol=0.0001, warm_start=False), 'model__alpha': 3.679795918367347, 'model__l1_ratio': 0.5499999999999999, 'model__max_iter': 100000.0}",-35.779003872245376,-15.839623148314406,-25.347258016984334,-104.06164074303908,-45.2568814451458,34.67563290743136,728
472,0.005163252353668213,0.000509081854358806,0.0017631053924560547,0.00018492899856684824,"ElasticNet(alpha=1.0, copy_X=True, fit_intercept=True, l1_ratio=0.5,
           max_iter=1000, normalize=False, positive=False, precompute=False,
           random_state=None, selection='cyclic', tol=0.0001, warm_start=False)",3.679795918367347,100000.0,0.6,,,,,"{'model': ElasticNet(alpha=1.0, copy_X=True, fit_intercept=True, l1_ratio=0.5,
           max_iter=1000, normalize=False, positive=False, precompute=False,
           random_state=None, selection='cyclic', tol=0.0001, warm_start=False), 'model__alpha': 3.679795918367347, 'model__l1_ratio': 0.6, 'model__max_iter': 100000.0}",-36.52521356093237,-16.55647308734451,-26.8341110649406,-105.50785092618807,-46.355912159851385,34.87370707920418,751
473,0.004619419574737549,0.0012638518771830724,0.0012573003768920898,0.00028062406083420333,"ElasticNet(alpha=1.0, copy_X=True, fit_intercept=True, l1_ratio=0.5,
           max_iter=1000, normalize=False, positive=False, precompute=False,
           random_state=None, selection='cyclic', tol=0.0001, warm_start=False)",3.679795918367347,100000.0,0.65,,,,,"{'model': ElasticNet(alpha=1.0, copy_X=True, fit_intercept=True, l1_ratio=0.5,
           max_iter=1000, normalize=False, positive=False, precompute=False,
           random_state=None, selection='cyclic', tol=0.0001, warm_start=False), 'model__alpha': 3.679795918367347, 'model__l1_ratio': 0.65, 'model__max_iter': 100000.0}",-37.37057771478914,-16.940000774370304,-27.76867300944621,-106.09637209586366,-47.043905898617325,34.85163822831868,772
474,0.0062808990478515625,0.0031131634396071393,0.0016123652458190918,0.00010765851263207365,"ElasticNet(alpha=1.0, copy_X=True, fit_intercept=True, l1_ratio=0.5,
           max_iter=1000, normalize=False, positive=False, precompute=False,
           random_state=None, selection='cyclic', tol=0.0001, warm_start=False)",3.679795918367347,100000.0,0.7,,,,,"{'model': ElasticNet(alpha=1.0, copy_X=True, fit_intercept=True, l1_ratio=0.5,
           max_iter=1000, normalize=False, positive=False, precompute=False,
           random_state=None, selection='cyclic', tol=0.0001, warm_start=False), 'model__alpha': 3.679795918367347, 'model__l1_ratio': 0.7, 'model__max_iter': 100000.0}",-37.909925359656036,-17.0234124561264,-28.62192285010735,-106.7772252218043,-47.58312147192352,34.96761183611268,800
475,0.004311680793762207,0.0007884621457065466,0.001374959945678711,0.000294879208004906,"ElasticNet(alpha=1.0, copy_X=True, fit_intercept=True, l1_ratio=0.5,
           max_iter=1000, normalize=False, positive=False, precompute=False,
           random_state=None, selection='cyclic', tol=0.0001, warm_start=False)",3.679795918367347,100000.0,0.75,,,,,"{'model': ElasticNet(alpha=1.0, copy_X=True, fit_intercept=True, l1_ratio=0.5,
           max_iter=1000, normalize=False, positive=False, precompute=False,
           random_state=None, selection='cyclic', tol=0.0001, warm_start=False), 'model__alpha': 3.679795918367347, 'model__l1_ratio': 0.75, 'model__max_iter': 100000.0}",-38.46369480439695,-17.120509420331675,-29.444355400230794,-105.9502756021472,-47.74470880677666,34.44840253824523,814
476,0.004604220390319824,0.0005442213507186947,0.001555323600769043,0.00027351326502631797,"ElasticNet(alpha=1.0, copy_X=True, fit_intercept=True, l1_ratio=0.5,
           max_iter=1000, normalize=False, positive=False, precompute=False,
           random_state=None, selection='cyclic', tol=0.0001, warm_start=False)",3.679795918367347,100000.0,0.7999999999999999,,,,,"{'model': ElasticNet(alpha=1.0, copy_X=True, fit_intercept=True, l1_ratio=0.5,
           max_iter=1000, normalize=False, positive=False, precompute=False,
           random_state=None, selection='cyclic', tol=0.0001, warm_start=False), 'model__alpha': 3.679795918367347, 'model__l1_ratio': 0.7999999999999999, 'model__max_iter': 100000.0}",-39.087740645738116,-17.237831210979994,-30.176705786477978,-105.1144852025499,-47.9041907114365,33.931684729382155,838
477,0.004922151565551758,0.00024055731652520583,0.0016472935676574707,0.00012360518868964143,"ElasticNet(alpha=1.0, copy_X=True, fit_intercept=True, l1_ratio=0.5,
           max_iter=1000, normalize=False, positive=False, precompute=False,
           random_state=None, selection='cyclic', tol=0.0001, warm_start=False)",3.679795918367347,100000.0,0.85,,,,,"{'model': ElasticNet(alpha=1.0, copy_X=True, fit_intercept=True, l1_ratio=0.5,
           max_iter=1000, normalize=False, positive=False, precompute=False,
           random_state=None, selection='cyclic', tol=0.0001, warm_start=False), 'model__alpha': 3.679795918367347, 'model__l1_ratio': 0.85, 'model__max_iter': 100000.0}",-39.80811099991645,-17.391495677145663,-30.765148820211753,-104.36520904791314,-48.08249113629675,33.459069208982825,856
478,0.00470346212387085,0.00024316020747237112,0.001566767692565918,0.0002976420110174609,"ElasticNet(alpha=1.0, copy_X=True, fit_intercept=True, l1_ratio=0.5,
           max_iter=1000, normalize=False, positive=False, precompute=False,
           random_state=None, selection='cyclic', tol=0.0001, warm_start=False)",3.679795918367347,100000.0,0.9,,,,,"{'model': ElasticNet(alpha=1.0, copy_X=True, fit_intercept=True, l1_ratio=0.5,
           max_iter=1000, normalize=False, positive=False, precompute=False,
           random_state=None, selection='cyclic', tol=0.0001, warm_start=False), 'model__alpha': 3.679795918367347, 'model__l1_ratio': 0.9, 'model__max_iter': 100000.0}",-40.68443538025998,-17.72624775288342,-30.942856109464298,-103.56459934924933,-48.22953464796426,32.97035666607188,867
479,0.005378305912017822,0.002471185675673445,0.0013259649276733398,0.00028445472281368023,"ElasticNet(alpha=1.0, copy_X=True, fit_intercept=True, l1_ratio=0.5,
           max_iter=1000, normalize=False, positive=False, precompute=False,
           random_state=None, selection='cyclic', tol=0.0001, warm_start=False)",3.679795918367347,100000.0,0.95,,,,,"{'model': ElasticNet(alpha=1.0, copy_X=True, fit_intercept=True, l1_ratio=0.5,
           max_iter=1000, normalize=False, positive=False, precompute=False,
           random_state=None, selection='cyclic', tol=0.0001, warm_start=False), 'model__alpha': 3.679795918367347, 'model__l1_ratio': 0.95, 'model__max_iter': 100000.0}",-41.4041603521019,-18.309385723906143,-31.418347565795838,-102.66555884650106,-48.449363122076235,32.35546510768955,887
480,0.00476682186126709,0.0002396509091673473,0.001434922218322754,0.0002899314273280394,"ElasticNet(alpha=1.0, copy_X=True, fit_intercept=True, l1_ratio=0.5,
           max_iter=1000, normalize=False, positive=False, precompute=False,
           random_state=None, selection='cyclic', tol=0.0001, warm_start=False)",3.679795918367347,100000.0,1.0,,,,,"{'model': ElasticNet(alpha=1.0, copy_X=True, fit_intercept=True, l1_ratio=0.5,
           max_iter=1000, normalize=False, positive=False, precompute=False,
           random_state=None, selection='cyclic', tol=0.0001, warm_start=False), 'model__alpha': 3.679795918367347, 'model__l1_ratio': 1.0, 'model__max_iter': 100000.0}",-42.10525795490434,-18.696155209035485,-31.880787296043003,-102.21015708333253,-48.72308938582884,31.97632725731084,913
481,0.004091203212738037,0.0007611881282113833,0.001330733299255371,0.0002654799442936923,"ElasticNet(alpha=1.0, copy_X=True, fit_intercept=True, l1_ratio=0.5,
           max_iter=1000, normalize=False, positive=False, precompute=False,
           random_state=None, selection='cyclic', tol=0.0001, warm_start=False)",3.883673469387755,100000.0,0.05,,,,,"{'model': ElasticNet(alpha=1.0, copy_X=True, fit_intercept=True, l1_ratio=0.5,
           max_iter=1000, normalize=False, positive=False, precompute=False,
           random_state=None, selection='cyclic', tol=0.0001, warm_start=False), 'model__alpha': 3.883673469387755, 'model__l1_ratio': 0.05, 'model__max_iter': 100000.0}",-22.3771926309394,-7.860435919521897,-14.286962113714958,-42.67017282494648,-21.798690872280684,13.102046054487,324
482,0.0042986273765563965,0.000940206279629486,0.0014712810516357422,0.000378067182742527,"ElasticNet(alpha=1.0, copy_X=True, fit_intercept=True, l1_ratio=0.5,
           max_iter=1000, normalize=False, positive=False, precompute=False,
           random_state=None, selection='cyclic', tol=0.0001, warm_start=False)",3.883673469387755,100000.0,0.1,,,,,"{'model': ElasticNet(alpha=1.0, copy_X=True, fit_intercept=True, l1_ratio=0.5,
           max_iter=1000, normalize=False, positive=False, precompute=False,
           random_state=None, selection='cyclic', tol=0.0001, warm_start=False), 'model__alpha': 3.883673469387755, 'model__l1_ratio': 0.1, 'model__max_iter': 100000.0}",-23.739980815202628,-8.52108269341088,-15.027477956103004,-47.802324447104894,-23.772716477955353,14.887198029486438,345
483,0.00476837158203125,0.000536606048235592,0.0015239715576171875,3.959579216671105e-05,"ElasticNet(alpha=1.0, copy_X=True, fit_intercept=True, l1_ratio=0.5,
           max_iter=1000, normalize=False, positive=False, precompute=False,
           random_state=None, selection='cyclic', tol=0.0001, warm_start=False)",3.883673469387755,100000.0,0.15,,,,,"{'model': ElasticNet(alpha=1.0, copy_X=True, fit_intercept=True, l1_ratio=0.5,
           max_iter=1000, normalize=False, positive=False, precompute=False,
           random_state=None, selection='cyclic', tol=0.0001, warm_start=False), 'model__alpha': 3.883673469387755, 'model__l1_ratio': 0.15, 'model__max_iter': 100000.0}",-25.2449796655481,-9.226121356945601,-15.812019763837485,-53.0971832584108,-25.845076011185498,16.73237383413101,370
484,0.004767000675201416,0.00026204942618694314,0.0015702247619628906,5.307772700361176e-05,"ElasticNet(alpha=1.0, copy_X=True, fit_intercept=True, l1_ratio=0.5,
           max_iter=1000, normalize=False, positive=False, precompute=False,
           random_state=None, selection='cyclic', tol=0.0001, warm_start=False)",3.883673469387755,100000.0,0.2,,,,,"{'model': ElasticNet(alpha=1.0, copy_X=True, fit_intercept=True, l1_ratio=0.5,
           max_iter=1000, normalize=False, positive=False, precompute=False,
           random_state=None, selection='cyclic', tol=0.0001, warm_start=False), 'model__alpha': 3.883673469387755, 'model__l1_ratio': 0.2, 'model__max_iter': 100000.0}",-26.923923588251238,-9.978718351498866,-16.67726011929433,-58.65491619191217,-28.058704562739152,18.667077120796534,395
485,0.0043051838874816895,0.0007693144393397892,0.0014294981956481934,0.0002906691317647553,"ElasticNet(alpha=1.0, copy_X=True, fit_intercept=True, l1_ratio=0.5,
           max_iter=1000, normalize=False, positive=False, precompute=False,
           random_state=None, selection='cyclic', tol=0.0001, warm_start=False)",3.883673469387755,100000.0,0.25,,,,,"{'model': ElasticNet(alpha=1.0, copy_X=True, fit_intercept=True, l1_ratio=0.5,
           max_iter=1000, normalize=False, positive=False, precompute=False,
           random_state=None, selection='cyclic', tol=0.0001, warm_start=False), 'model__alpha': 3.883673469387755, 'model__l1_ratio': 0.25, 'model__max_iter': 100000.0}",-28.724964867740525,-10.821416106931434,-17.63446041713098,-65.0036259619438,-30.546116838436685,20.89504259379623,466
486,0.0054285526275634766,0.0010239389199883427,0.0014357566833496094,0.00022025470427158703,"ElasticNet(alpha=1.0, copy_X=True, fit_intercept=True, l1_ratio=0.5,
           max_iter=1000, normalize=False, positive=False, precompute=False,
           random_state=None, selection='cyclic', tol=0.0001, warm_start=False)",3.883673469387755,100000.0,0.3,,,,,"{'model': ElasticNet(alpha=1.0, copy_X=True, fit_intercept=True, l1_ratio=0.5,
           max_iter=1000, normalize=False, positive=False, precompute=False,
           random_state=None, selection='cyclic', tol=0.0001, warm_start=False), 'model__alpha': 3.883673469387755, 'model__l1_ratio': 0.3, 'model__max_iter': 100000.0}",-30.60102354330394,-11.719247505227262,-18.70952070668714,-71.39374877464631,-33.10588513246616,23.113191101304615,545
487,0.004310309886932373,0.0009574654501787026,0.001463472843170166,0.00036452642862670347,"ElasticNet(alpha=1.0, copy_X=True, fit_intercept=True, l1_ratio=0.5,
           max_iter=1000, normalize=False, positive=False, precompute=False,
           random_state=None, selection='cyclic', tol=0.0001, warm_start=False)",3.883673469387755,100000.0,0.35,,,,,"{'model': ElasticNet(alpha=1.0, copy_X=True, fit_intercept=True, l1_ratio=0.5,
           max_iter=1000, normalize=False, positive=False, precompute=False,
           random_state=None, selection='cyclic', tol=0.0001, warm_start=False), 'model__alpha': 3.883673469387755, 'model__l1_ratio': 0.35, 'model__max_iter': 100000.0}",-32.416270452400276,-12.674770232354103,-20.03443372260238,-78.19381783309632,-35.82982306011327,25.455899072272178,600
488,0.004757940769195557,0.00028384407111325884,0.0015442967414855957,6.723306174108674e-05,"ElasticNet(alpha=1.0, copy_X=True, fit_intercept=True, l1_ratio=0.5,
           max_iter=1000, normalize=False, positive=False, precompute=False,
           random_state=None, selection='cyclic', tol=0.0001, warm_start=False)",3.883673469387755,100000.0,0.39999999999999997,,,,,"{'model': ElasticNet(alpha=1.0, copy_X=True, fit_intercept=True, l1_ratio=0.5,
           max_iter=1000, normalize=False, positive=False, precompute=False,
           random_state=None, selection='cyclic', tol=0.0001, warm_start=False), 'model__alpha': 3.883673469387755, 'model__l1_ratio': 0.39999999999999997, 'model__max_iter': 100000.0}",-33.59820069190336,-13.727828096556648,-21.506814032114722,-85.97872199557149,-38.702891204036554,28.19805352138601,643
489,0.004820764064788818,0.0003353248772676573,0.0016667842864990234,0.00014470073171580047,"ElasticNet(alpha=1.0, copy_X=True, fit_intercept=True, l1_ratio=0.5,
           max_iter=1000, normalize=False, positive=False, precompute=False,
           random_state=None, selection='cyclic', tol=0.0001, warm_start=False)",3.883673469387755,100000.0,0.44999999999999996,,,,,"{'model': ElasticNet(alpha=1.0, copy_X=True, fit_intercept=True, l1_ratio=0.5,
           max_iter=1000, normalize=False, positive=False, precompute=False,
           random_state=None, selection='cyclic', tol=0.0001, warm_start=False), 'model__alpha': 3.883673469387755, 'model__l1_ratio': 0.44999999999999996, 'model__max_iter': 100000.0}",-34.637976361745764,-14.84064250378432,-23.073622438682644,-94.92364130438231,-41.86897065214876,31.428016933167793,683
490,0.004322171211242676,0.0004885124688434792,0.001429438591003418,0.0002498088332315833,"ElasticNet(alpha=1.0, copy_X=True, fit_intercept=True, l1_ratio=0.5,
           max_iter=1000, normalize=False, positive=False, precompute=False,
           random_state=None, selection='cyclic', tol=0.0001, warm_start=False)",3.883673469387755,100000.0,0.49999999999999994,,,,,"{'model': ElasticNet(alpha=1.0, copy_X=True, fit_intercept=True, l1_ratio=0.5,
           max_iter=1000, normalize=False, positive=False, precompute=False,
           random_state=None, selection='cyclic', tol=0.0001, warm_start=False), 'model__alpha': 3.883673469387755, 'model__l1_ratio': 0.49999999999999994, 'model__max_iter': 100000.0}",-35.651587734577184,-15.598307285822786,-24.774899326693138,-102.07420160702371,-44.524748988529204,33.97597709622263,718
491,0.0043555498123168945,0.0005944515945088516,0.0014571547508239746,0.0002409286910394355,"ElasticNet(alpha=1.0, copy_X=True, fit_intercept=True, l1_ratio=0.5,
           max_iter=1000, normalize=False, positive=False, precompute=False,
           random_state=None, selection='cyclic', tol=0.0001, warm_start=False)",3.883673469387755,100000.0,0.5499999999999999,,,,,"{'model': ElasticNet(alpha=1.0, copy_X=True, fit_intercept=True, l1_ratio=0.5,
           max_iter=1000, normalize=False, positive=False, precompute=False,
           random_state=None, selection='cyclic', tol=0.0001, warm_start=False), 'model__alpha': 3.883673469387755, 'model__l1_ratio': 0.5499999999999999, 'model__max_iter': 100000.0}",-36.4813708934046,-16.408045187878447,-26.365648421894214,-105.11831761279726,-46.09334552899363,34.80925335087165,742
492,0.005311906337738037,0.0006214630174569506,0.0015173554420471191,0.00013869634548870197,"ElasticNet(alpha=1.0, copy_X=True, fit_intercept=True, l1_ratio=0.5,
           max_iter=1000, normalize=False, positive=False, precompute=False,
           random_state=None, selection='cyclic', tol=0.0001, warm_start=False)",3.883673469387755,100000.0,0.6,,,,,"{'model': ElasticNet(alpha=1.0, copy_X=True, fit_intercept=True, l1_ratio=0.5,
           max_iter=1000, normalize=False, positive=False, precompute=False,
           random_state=None, selection='cyclic', tol=0.0001, warm_start=False), 'model__alpha': 3.883673469387755, 'model__l1_ratio': 0.6, 'model__max_iter': 100000.0}",-37.30176531972945,-16.844425031787946,-27.67579578321337,-105.56319604759142,-46.846295545580546,34.66407635168045,765
493,0.004691421985626221,0.0003640386019241805,0.0015652775764465332,0.0002264427680105255,"ElasticNet(alpha=1.0, copy_X=True, fit_intercept=True, l1_ratio=0.5,
           max_iter=1000, normalize=False, positive=False, precompute=False,
           random_state=None, selection='cyclic', tol=0.0001, warm_start=False)",3.883673469387755,100000.0,0.65,,,,,"{'model': ElasticNet(alpha=1.0, copy_X=True, fit_intercept=True, l1_ratio=0.5,
           max_iter=1000, normalize=False, positive=False, precompute=False,
           random_state=None, selection='cyclic', tol=0.0001, warm_start=False), 'model__alpha': 3.883673469387755, 'model__l1_ratio': 0.65, 'model__max_iter': 100000.0}",-38.00708312630921,-17.011550202763924,-28.50196349204576,-106.20527587246232,-47.4314681733953,34.73786500989887,791
494,0.004389643669128418,0.0002963241063453767,0.0013636350631713867,0.0002864979204018392,"ElasticNet(alpha=1.0, copy_X=True, fit_intercept=True, l1_ratio=0.5,
           max_iter=1000, normalize=False, positive=False, precompute=False,
           random_state=None, selection='cyclic', tol=0.0001, warm_start=False)",3.883673469387755,100000.0,0.7,,,,,"{'model': ElasticNet(alpha=1.0, copy_X=True, fit_intercept=True, l1_ratio=0.5,
           max_iter=1000, normalize=False, positive=False, precompute=False,
           random_state=None, selection='cyclic', tol=0.0001, warm_start=False), 'model__alpha': 3.883673469387755, 'model__l1_ratio': 0.7, 'model__max_iter': 100000.0}",-38.56350123303954,-17.102716029393928,-29.38830767392015,-105.93546323442952,-47.747497042695784,34.44687078020993,815
495,0.004792332649230957,0.0004388174910188378,0.0014712214469909668,0.00020730432900470952,"ElasticNet(alpha=1.0, copy_X=True, fit_intercept=True, l1_ratio=0.5,
           max_iter=1000, normalize=False, positive=False, precompute=False,
           random_state=None, selection='cyclic', tol=0.0001, warm_start=False)",3.883673469387755,100000.0,0.75,,,,,"{'model': ElasticNet(alpha=1.0, copy_X=True, fit_intercept=True, l1_ratio=0.5,
           max_iter=1000, normalize=False, positive=False, precompute=False,
           random_state=None, selection='cyclic', tol=0.0001, warm_start=False), 'model__alpha': 3.883673469387755, 'model__l1_ratio': 0.75, 'model__max_iter': 100000.0}",-39.18471136246912,-17.209336538264186,-30.111580583693822,-105.08579441089181,-47.897855723829736,33.92829206245329,837
496,0.004623293876647949,0.00037431999755203866,0.0013637542724609375,0.0002399650131489422,"ElasticNet(alpha=1.0, copy_X=True, fit_intercept=True, l1_ratio=0.5,
           max_iter=1000, normalize=False, positive=False, precompute=False,
           random_state=None, selection='cyclic', tol=0.0001, warm_start=False)",3.883673469387755,100000.0,0.7999999999999999,,,,,"{'model': ElasticNet(alpha=1.0, copy_X=True, fit_intercept=True, l1_ratio=0.5,
           max_iter=1000, normalize=False, positive=False, precompute=False,
           random_state=None, selection='cyclic', tol=0.0001, warm_start=False), 'model__alpha': 3.883673469387755, 'model__l1_ratio': 0.7999999999999999, 'model__max_iter': 100000.0}",-39.88789698114446,-17.33881869459161,-30.864137281144817,-104.26372401751323,-48.08864424359852,33.41080384644428,858
497,0.004616975784301758,0.0006921448830624093,0.0013505816459655762,0.0003963484748799312,"ElasticNet(alpha=1.0, copy_X=True, fit_intercept=True, l1_ratio=0.5,
           max_iter=1000, normalize=False, positive=False, precompute=False,
           random_state=None, selection='cyclic', tol=0.0001, warm_start=False)",3.883673469387755,100000.0,0.85,,,,,"{'model': ElasticNet(alpha=1.0, copy_X=True, fit_intercept=True, l1_ratio=0.5,
           max_iter=1000, normalize=False, positive=False, precompute=False,
           random_state=None, selection='cyclic', tol=0.0001, warm_start=False), 'model__alpha': 3.883673469387755, 'model__l1_ratio': 0.85, 'model__max_iter': 100000.0}",-40.703539179025256,-17.577948508654224,-31.28841496545531,-103.4922397610206,-48.26553560353885,32.9284195980028,871
498,0.004437804222106934,0.0006800605991997563,0.0013924837112426758,0.0003040446659712237,"ElasticNet(alpha=1.0, copy_X=True, fit_intercept=True, l1_ratio=0.5,
           max_iter=1000, normalize=False, positive=False, precompute=False,
           random_state=None, selection='cyclic', tol=0.0001, warm_start=False)",3.883673469387755,100000.0,0.9,,,,,"{'model': ElasticNet(alpha=1.0, copy_X=True, fit_intercept=True, l1_ratio=0.5,
           max_iter=1000, normalize=False, positive=False, precompute=False,
           random_state=None, selection='cyclic', tol=0.0001, warm_start=False), 'model__alpha': 3.883673469387755, 'model__l1_ratio': 0.9, 'model__max_iter': 100000.0}",-41.5992088803009,-17.955672027624303,-31.661330219506503,-102.63287486477007,-48.46227149805044,32.38240315628109,889
499,0.006055176258087158,0.0014579284549339712,0.0023465752601623535,0.001176529962398231,"ElasticNet(alpha=1.0, copy_X=True, fit_intercept=True, l1_ratio=0.5,
           max_iter=1000, normalize=False, positive=False, precompute=False,
           random_state=None, selection='cyclic', tol=0.0001, warm_start=False)",3.883673469387755,100000.0,0.95,,,,,"{'model': ElasticNet(alpha=1.0, copy_X=True, fit_intercept=True, l1_ratio=0.5,
           max_iter=1000, normalize=False, positive=False, precompute=False,
           random_state=None, selection='cyclic', tol=0.0001, warm_start=False), 'model__alpha': 3.883673469387755, 'model__l1_ratio': 0.95, 'model__max_iter': 100000.0}",-42.25602169128511,-18.60478266878498,-32.24585058157111,-102.21015708333253,-48.82920300624343,31.942354848836167,924
500,0.00483548641204834,0.00027398089149410754,0.0016420483589172363,0.00020189073373827173,"ElasticNet(alpha=1.0, copy_X=True, fit_intercept=True, l1_ratio=0.5,
           max_iter=1000, normalize=False, positive=False, precompute=False,
           random_state=None, selection='cyclic', tol=0.0001, warm_start=False)",3.883673469387755,100000.0,1.0,,,,,"{'model': ElasticNet(alpha=1.0, copy_X=True, fit_intercept=True, l1_ratio=0.5,
           max_iter=1000, normalize=False, positive=False, precompute=False,
           random_state=None, selection='cyclic', tol=0.0001, warm_start=False), 'model__alpha': 3.883673469387755, 'model__l1_ratio': 1.0, 'model__max_iter': 100000.0}",-43.10370684375071,-18.584976102779212,-32.67101846969866,-102.21015708333253,-49.14246462489028,31.850098985817176,946
501,0.004361271858215332,0.0007110216964517976,0.0015159845352172852,0.000382860171673086,"ElasticNet(alpha=1.0, copy_X=True, fit_intercept=True, l1_ratio=0.5,
           max_iter=1000, normalize=False, positive=False, precompute=False,
           random_state=None, selection='cyclic', tol=0.0001, warm_start=False)",4.0875510204081635,100000.0,0.05,,,,,"{'model': ElasticNet(alpha=1.0, copy_X=True, fit_intercept=True, l1_ratio=0.5,
           max_iter=1000, normalize=False, positive=False, precompute=False,
           random_state=None, selection='cyclic', tol=0.0001, warm_start=False), 'model__alpha': 4.0875510204081635, 'model__l1_ratio': 0.05, 'model__max_iter': 100000.0}",-22.892479715830518,-8.1031536364681,-14.718275018249033,-44.20685270752687,-22.48019026951863,13.593788599932939,331
502,0.004250645637512207,0.00037373214991361266,0.0014220476150512695,0.00022590770562217,"ElasticNet(alpha=1.0, copy_X=True, fit_intercept=True, l1_ratio=0.5,
           max_iter=1000, normalize=False, positive=False, precompute=False,
           random_state=None, selection='cyclic', tol=0.0001, warm_start=False)",4.0875510204081635,100000.0,0.1,,,,,"{'model': ElasticNet(alpha=1.0, copy_X=True, fit_intercept=True, l1_ratio=0.5,
           max_iter=1000, normalize=False, positive=False, precompute=False,
           random_state=None, selection='cyclic', tol=0.0001, warm_start=False), 'model__alpha': 4.0875510204081635, 'model__l1_ratio': 0.1, 'model__max_iter': 100000.0}",-24.320796293273727,-8.804589650540006,-15.502535157993663,-49.59403290160359,-24.555488500852746,15.467955302507152,352
503,0.0046762824058532715,0.00028997680511153484,0.001656651496887207,0.00023090470123489457,"ElasticNet(alpha=1.0, copy_X=True, fit_intercept=True, l1_ratio=0.5,
           max_iter=1000, normalize=False, positive=False, precompute=False,
           random_state=None, selection='cyclic', tol=0.0001, warm_start=False)",4.0875510204081635,100000.0,0.15,,,,,"{'model': ElasticNet(alpha=1.0, copy_X=True, fit_intercept=True, l1_ratio=0.5,
           max_iter=1000, normalize=False, positive=False, precompute=False,
           random_state=None, selection='cyclic', tol=0.0001, warm_start=False), 'model__alpha': 4.0875510204081635, 'model__l1_ratio': 0.15, 'model__max_iter': 100000.0}",-25.907723692619847,-9.549631499234847,-16.338876113321028,-55.09912713310443,-26.72383960957004,17.382634137758536,381
504,0.005753457546234131,0.0018701527917370855,0.001952052116394043,0.0007080797691681713,"ElasticNet(alpha=1.0, copy_X=True, fit_intercept=True, l1_ratio=0.5,
           max_iter=1000, normalize=False, positive=False, precompute=False,
           random_state=None, selection='cyclic', tol=0.0001, warm_start=False)",4.0875510204081635,100000.0,0.2,,,,,"{'model': ElasticNet(alpha=1.0, copy_X=True, fit_intercept=True, l1_ratio=0.5,
           max_iter=1000, normalize=False, positive=False, precompute=False,
           random_state=None, selection='cyclic', tol=0.0001, warm_start=False), 'model__alpha': 4.0875510204081635, 'model__l1_ratio': 0.2, 'model__max_iter': 100000.0}",-27.66900700014709,-10.354056329977764,-17.26287507747433,-61.01702361042164,-29.075740504505205,19.443956088798384,418
505,0.004143953323364258,0.0005092914678637286,0.0014027953147888184,0.00018854857977379914,"ElasticNet(alpha=1.0, copy_X=True, fit_intercept=True, l1_ratio=0.5,
           max_iter=1000, normalize=False, positive=False, precompute=False,
           random_state=None, selection='cyclic', tol=0.0001, warm_start=False)",4.0875510204081635,100000.0,0.25,,,,,"{'model': ElasticNet(alpha=1.0, copy_X=True, fit_intercept=True, l1_ratio=0.5,
           max_iter=1000, normalize=False, positive=False, precompute=False,
           random_state=None, selection='cyclic', tol=0.0001, warm_start=False), 'model__alpha': 4.0875510204081635, 'model__l1_ratio': 0.25, 'model__max_iter': 100000.0}",-29.533752689978257,-11.256877721864223,-18.28657586752612,-67.79143417460405,-31.71716011349316,21.82386460818991,503
506,0.004437625408172607,0.0005535254422889236,0.0013921260833740234,0.00028451289322566623,"ElasticNet(alpha=1.0, copy_X=True, fit_intercept=True, l1_ratio=0.5,
           max_iter=1000, normalize=False, positive=False, precompute=False,
           random_state=None, selection='cyclic', tol=0.0001, warm_start=False)",4.0875510204081635,100000.0,0.3,,,,,"{'model': ElasticNet(alpha=1.0, copy_X=True, fit_intercept=True, l1_ratio=0.5,
           max_iter=1000, normalize=False, positive=False, precompute=False,
           random_state=None, selection='cyclic', tol=0.0001, warm_start=False), 'model__alpha': 4.0875510204081635, 'model__l1_ratio': 0.3, 'model__max_iter': 100000.0}",-31.482570790182468,-12.197274270971013,-19.462612540186818,-74.34183242223504,-34.371072505893835,24.082901596171983,573
507,0.0055277347564697266,0.0007334028127027528,0.0017767548561096191,5.432972362644793e-05,"ElasticNet(alpha=1.0, copy_X=True, fit_intercept=True, l1_ratio=0.5,
           max_iter=1000, normalize=False, positive=False, precompute=False,
           random_state=None, selection='cyclic', tol=0.0001, warm_start=False)",4.0875510204081635,100000.0,0.35,,,,,"{'model': ElasticNet(alpha=1.0, copy_X=True, fit_intercept=True, l1_ratio=0.5,
           max_iter=1000, normalize=False, positive=False, precompute=False,
           random_state=None, selection='cyclic', tol=0.0001, warm_start=False), 'model__alpha': 4.0875510204081635, 'model__l1_ratio': 0.35, 'model__max_iter': 100000.0}",-33.18534177834335,-13.228613529251318,-20.89408734585874,-81.63487409642478,-37.235729187469545,26.60394974020289,622
508,0.004522085189819336,0.0001862347483692144,0.0014718174934387207,9.861676290524034e-05,"ElasticNet(alpha=1.0, copy_X=True, fit_intercept=True, l1_ratio=0.5,
           max_iter=1000, normalize=False, positive=False, precompute=False,
           random_state=None, selection='cyclic', tol=0.0001, warm_start=False)",4.0875510204081635,100000.0,0.39999999999999997,,,,,"{'model': ElasticNet(alpha=1.0, copy_X=True, fit_intercept=True, l1_ratio=0.5,
           max_iter=1000, normalize=False, positive=False, precompute=False,
           random_state=None, selection='cyclic', tol=0.0001, warm_start=False), 'model__alpha': 4.0875510204081635, 'model__l1_ratio': 0.39999999999999997, 'model__max_iter': 100000.0}",-34.37550435635373,-14.341253920717921,-22.449800557362718,-90.00581587650989,-40.29309367773607,29.573018563982053,666
509,0.004120051860809326,0.0008378251641995347,0.0012524724006652832,0.0003814398997909839,"ElasticNet(alpha=1.0, copy_X=True, fit_intercept=True, l1_ratio=0.5,
           max_iter=1000, normalize=False, positive=False, precompute=False,
           random_state=None, selection='cyclic', tol=0.0001, warm_start=False)",4.0875510204081635,100000.0,0.44999999999999996,,,,,"{'model': ElasticNet(alpha=1.0, copy_X=True, fit_intercept=True, l1_ratio=0.5,
           max_iter=1000, normalize=False, positive=False, precompute=False,
           random_state=None, selection='cyclic', tol=0.0001, warm_start=False), 'model__alpha': 4.0875510204081635, 'model__l1_ratio': 0.44999999999999996, 'model__max_iter': 100000.0}",-35.414203037235175,-15.331517635363266,-24.10269356487643,-99.17534982157389,-43.505941014762186,32.919763990496634,703
510,0.005527138710021973,0.001294981014353453,0.0015360116958618164,7.296981635556899e-05,"ElasticNet(alpha=1.0, copy_X=True, fit_intercept=True, l1_ratio=0.5,
           max_iter=1000, normalize=False, positive=False, precompute=False,
           random_state=None, selection='cyclic', tol=0.0001, warm_start=False)",4.0875510204081635,100000.0,0.49999999999999994,,,,,"{'model': ElasticNet(alpha=1.0, copy_X=True, fit_intercept=True, l1_ratio=0.5,
           max_iter=1000, normalize=False, positive=False, precompute=False,
           random_state=None, selection='cyclic', tol=0.0001, warm_start=False), 'model__alpha': 4.0875510204081635, 'model__l1_ratio': 0.49999999999999994, 'model__max_iter': 100000.0}",-36.379265494027,-16.089986115887218,-25.878720364818196,-104.46024201924796,-45.70205349849509,34.67447968469545,734
511,0.005634963512420654,0.0016848358758730345,0.0015784502029418945,0.0003039357437396598,"ElasticNet(alpha=1.0, copy_X=True, fit_intercept=True, l1_ratio=0.5,
           max_iter=1000, normalize=False, positive=False, precompute=False,
           random_state=None, selection='cyclic', tol=0.0001, warm_start=False)",4.0875510204081635,100000.0,0.5499999999999999,,,,,"{'model': ElasticNet(alpha=1.0, copy_X=True, fit_intercept=True, l1_ratio=0.5,
           max_iter=1000, normalize=False, positive=False, precompute=False,
           random_state=None, selection='cyclic', tol=0.0001, warm_start=False), 'model__alpha': 4.0875510204081635, 'model__l1_ratio': 0.5499999999999999, 'model__max_iter': 100000.0}",-37.172555437218804,-16.657081787406252,-27.195901519958163,-105.1202923228236,-46.53645776685171,34.59256626423048,753
512,0.004639029502868652,0.00019473832657880804,0.0013426542282104492,0.0002628847029193648,"ElasticNet(alpha=1.0, copy_X=True, fit_intercept=True, l1_ratio=0.5,
           max_iter=1000, normalize=False, positive=False, precompute=False,
           random_state=None, selection='cyclic', tol=0.0001, warm_start=False)",4.0875510204081635,100000.0,0.6,,,,,"{'model': ElasticNet(alpha=1.0, copy_X=True, fit_intercept=True, l1_ratio=0.5,
           max_iter=1000, normalize=False, positive=False, precompute=False,
           random_state=None, selection='cyclic', tol=0.0001, warm_start=False), 'model__alpha': 4.0875510204081635, 'model__l1_ratio': 0.6, 'model__max_iter': 100000.0}",-38.044214345105885,-16.99769756718965,-28.349289270821036,-105.6223512122473,-47.253388098840965,34.51273858377248,781
513,0.0045389533042907715,0.00016096895079760574,0.0014931559562683105,0.00011059492062521019,"ElasticNet(alpha=1.0, copy_X=True, fit_intercept=True, l1_ratio=0.5,
           max_iter=1000, normalize=False, positive=False, precompute=False,
           random_state=None, selection='cyclic', tol=0.0001, warm_start=False)",4.0875510204081635,100000.0,0.65,,,,,"{'model': ElasticNet(alpha=1.0, copy_X=True, fit_intercept=True, l1_ratio=0.5,
           max_iter=1000, normalize=False, positive=False, precompute=False,
           random_state=None, selection='cyclic', tol=0.0001, warm_start=False), 'model__alpha': 4.0875510204081635, 'model__l1_ratio': 0.65, 'model__max_iter': 100000.0}",-38.599701944317616,-17.084449750609906,-29.247999829492095,-106.03973899393053,-47.74297262958754,34.51130760837661,813
514,0.004790306091308594,0.0006287801303222372,0.0016589164733886719,0.0004448864812561062,"ElasticNet(alpha=1.0, copy_X=True, fit_intercept=True, l1_ratio=0.5,
           max_iter=1000, normalize=False, positive=False, precompute=False,
           random_state=None, selection='cyclic', tol=0.0001, warm_start=False)",4.0875510204081635,100000.0,0.7,,,,,"{'model': ElasticNet(alpha=1.0, copy_X=True, fit_intercept=True, l1_ratio=0.5,
           max_iter=1000, normalize=False, positive=False, precompute=False,
           random_state=None, selection='cyclic', tol=0.0001, warm_start=False), 'model__alpha': 4.0875510204081635, 'model__l1_ratio': 0.7, 'model__max_iter': 100000.0}",-39.21657123385328,-17.183710121051046,-30.022191227300212,-105.15697196632625,-47.89486113713269,33.9737736301791,835
515,0.004711449146270752,0.00019601171177508473,0.0015827417373657227,0.00011811535298347111,"ElasticNet(alpha=1.0, copy_X=True, fit_intercept=True, l1_ratio=0.5,
           max_iter=1000, normalize=False, positive=False, precompute=False,
           random_state=None, selection='cyclic', tol=0.0001, warm_start=False)",4.0875510204081635,100000.0,0.75,,,,,"{'model': ElasticNet(alpha=1.0, copy_X=True, fit_intercept=True, l1_ratio=0.5,
           max_iter=1000, normalize=False, positive=False, precompute=False,
           random_state=None, selection='cyclic', tol=0.0001, warm_start=False), 'model__alpha': 4.0875510204081635, 'model__l1_ratio': 0.75, 'model__max_iter': 100000.0}",-39.90791694381664,-17.30013635211015,-30.79185853567375,-104.28487197185119,-48.07119595086293,33.436694312825935,853
516,0.0047092437744140625,0.00022139877123420983,0.0015532970428466797,9.274482727050781e-05,"ElasticNet(alpha=1.0, copy_X=True, fit_intercept=True, l1_ratio=0.5,
           max_iter=1000, normalize=False, positive=False, precompute=False,
           random_state=None, selection='cyclic', tol=0.0001, warm_start=False)",4.0875510204081635,100000.0,0.7999999999999999,,,,,"{'model': ElasticNet(alpha=1.0, copy_X=True, fit_intercept=True, l1_ratio=0.5,
           max_iter=1000, normalize=False, positive=False, precompute=False,
           random_state=None, selection='cyclic', tol=0.0001, warm_start=False), 'model__alpha': 4.0875510204081635, 'model__l1_ratio': 0.7999999999999999, 'model__max_iter': 100000.0}",-40.693583264407394,-17.472873393242352,-31.598123878077015,-103.50865297448519,-48.31830837755299,32.92079889236821,876
517,0.004920005798339844,0.0009244395789063804,0.0014787912368774414,0.00029759645900400377,"ElasticNet(alpha=1.0, copy_X=True, fit_intercept=True, l1_ratio=0.5,
           max_iter=1000, normalize=False, positive=False, precompute=False,
           random_state=None, selection='cyclic', tol=0.0001, warm_start=False)",4.0875510204081635,100000.0,0.85,,,,,"{'model': ElasticNet(alpha=1.0, copy_X=True, fit_intercept=True, l1_ratio=0.5,
           max_iter=1000, normalize=False, positive=False, precompute=False,
           random_state=None, selection='cyclic', tol=0.0001, warm_start=False), 'model__alpha': 4.0875510204081635, 'model__l1_ratio': 0.85, 'model__max_iter': 100000.0}",-41.60864082755777,-17.76143388437998,-31.950589925713402,-102.68862597380277,-48.502322652863484,32.413887514631256,895
518,0.005763053894042969,0.002137512787809683,0.001622319221496582,0.00046753629562665597,"ElasticNet(alpha=1.0, copy_X=True, fit_intercept=True, l1_ratio=0.5,
           max_iter=1000, normalize=False, positive=False, precompute=False,
           random_state=None, selection='cyclic', tol=0.0001, warm_start=False)",4.0875510204081635,100000.0,0.9,,,,,"{'model': ElasticNet(alpha=1.0, copy_X=True, fit_intercept=True, l1_ratio=0.5,
           max_iter=1000, normalize=False, positive=False, precompute=False,
           random_state=None, selection='cyclic', tol=0.0001, warm_start=False), 'model__alpha': 4.0875510204081635, 'model__l1_ratio': 0.9, 'model__max_iter': 100000.0}",-42.40092031495048,-18.18124938603827,-32.434414428050445,-102.21015708333253,-48.806685303092934,32.01145576969886,921
519,0.004859983921051025,0.0002629671747668895,0.0017197132110595703,0.0001338347143504375,"ElasticNet(alpha=1.0, copy_X=True, fit_intercept=True, l1_ratio=0.5,
           max_iter=1000, normalize=False, positive=False, precompute=False,
           random_state=None, selection='cyclic', tol=0.0001, warm_start=False)",4.0875510204081635,100000.0,0.95,,,,,"{'model': ElasticNet(alpha=1.0, copy_X=True, fit_intercept=True, l1_ratio=0.5,
           max_iter=1000, normalize=False, positive=False, precompute=False,
           random_state=None, selection='cyclic', tol=0.0001, warm_start=False), 'model__alpha': 4.0875510204081635, 'model__l1_ratio': 0.95, 'model__max_iter': 100000.0}",-43.1349933914248,-18.62362324368329,-33.14903288346834,-102.21015708333253,-49.27945165047724,31.77807487019471,957
520,0.004948973655700684,0.0003176571484304563,0.0016477108001708984,0.0001463288080898711,"ElasticNet(alpha=1.0, copy_X=True, fit_intercept=True, l1_ratio=0.5,
           max_iter=1000, normalize=False, positive=False, precompute=False,
           random_state=None, selection='cyclic', tol=0.0001, warm_start=False)",4.0875510204081635,100000.0,1.0,,,,,"{'model': ElasticNet(alpha=1.0, copy_X=True, fit_intercept=True, l1_ratio=0.5,
           max_iter=1000, normalize=False, positive=False, precompute=False,
           random_state=None, selection='cyclic', tol=0.0001, warm_start=False), 'model__alpha': 4.0875510204081635, 'model__l1_ratio': 1.0, 'model__max_iter': 100000.0}",-43.95326424659975,-18.477238772124064,-33.55400169687062,-102.21015708333253,-49.54866544973174,31.724612054558115,973
521,0.005194664001464844,0.00042451621424207466,0.0018654465675354004,0.0003377410349435767,"ElasticNet(alpha=1.0, copy_X=True, fit_intercept=True, l1_ratio=0.5,
           max_iter=1000, normalize=False, positive=False, precompute=False,
           random_state=None, selection='cyclic', tol=0.0001, warm_start=False)",4.291428571428571,100000.0,0.05,,,,,"{'model': ElasticNet(alpha=1.0, copy_X=True, fit_intercept=True, l1_ratio=0.5,
           max_iter=1000, normalize=False, positive=False, precompute=False,
           random_state=None, selection='cyclic', tol=0.0001, warm_start=False), 'model__alpha': 4.291428571428571, 'model__l1_ratio': 0.05, 'model__max_iter': 100000.0}",-23.39122290292416,-8.338781039347662,-15.139022438355314,-45.69714551008521,-23.141542972678085,14.07106642769275,337
522,0.00470125675201416,0.00013092746014344847,0.0015459656715393066,9.644574876787141e-05,"ElasticNet(alpha=1.0, copy_X=True, fit_intercept=True, l1_ratio=0.5,
           max_iter=1000, normalize=False, positive=False, precompute=False,
           random_state=None, selection='cyclic', tol=0.0001, warm_start=False)",4.291428571428571,100000.0,0.1,,,,,"{'model': ElasticNet(alpha=1.0, copy_X=True, fit_intercept=True, l1_ratio=0.5,
           max_iter=1000, normalize=False, positive=False, precompute=False,
           random_state=None, selection='cyclic', tol=0.0001, warm_start=False), 'model__alpha': 4.291428571428571, 'model__l1_ratio': 0.1, 'model__max_iter': 100000.0}",-24.883903635895475,-9.080572283949119,-15.966866382961511,-51.3360975064771,-25.316859952320804,16.032994036273518,363
523,0.004475712776184082,0.0010416980359095728,0.001429438591003418,0.00034614520820301284,"ElasticNet(alpha=1.0, copy_X=True, fit_intercept=True, l1_ratio=0.5,
           max_iter=1000, normalize=False, positive=False, precompute=False,
           random_state=None, selection='cyclic', tol=0.0001, warm_start=False)",4.291428571428571,100000.0,0.15,,,,,"{'model': ElasticNet(alpha=1.0, copy_X=True, fit_intercept=True, l1_ratio=0.5,
           max_iter=1000, normalize=False, positive=False, precompute=False,
           random_state=None, selection='cyclic', tol=0.0001, warm_start=False), 'model__alpha': 4.291428571428571, 'model__l1_ratio': 0.15, 'model__max_iter': 100000.0}",-26.551381921426763,-9.865293357670287,-16.854927879374618,-57.050932373859595,-27.580633883082815,18.0168803622142,389
524,0.004276871681213379,0.00046730511344279883,0.0013609528541564941,0.0002659567732372119,"ElasticNet(alpha=1.0, copy_X=True, fit_intercept=True, l1_ratio=0.5,
           max_iter=1000, normalize=False, positive=False, precompute=False,
           random_state=None, selection='cyclic', tol=0.0001, warm_start=False)",4.291428571428571,100000.0,0.2,,,,,"{'model': ElasticNet(alpha=1.0, copy_X=True, fit_intercept=True, l1_ratio=0.5,
           max_iter=1000, normalize=False, positive=False, precompute=False,
           random_state=None, selection='cyclic', tol=0.0001, warm_start=False), 'model__alpha': 4.291428571428571, 'model__l1_ratio': 0.2, 'model__max_iter': 100000.0}",-28.39332396359696,-10.721249033427505,-17.837662434610724,-63.32508533409502,-30.069330191432552,20.20344146175652,452
525,0.0050095319747924805,0.0012343439007761478,0.0015597343444824219,0.00036305165157739206,"ElasticNet(alpha=1.0, copy_X=True, fit_intercept=True, l1_ratio=0.5,
           max_iter=1000, normalize=False, positive=False, precompute=False,
           random_state=None, selection='cyclic', tol=0.0001, warm_start=False)",4.291428571428571,100000.0,0.25,,,,,"{'model': ElasticNet(alpha=1.0, copy_X=True, fit_intercept=True, l1_ratio=0.5,
           max_iter=1000, normalize=False, positive=False, precompute=False,
           random_state=None, selection='cyclic', tol=0.0001, warm_start=False), 'model__alpha': 4.291428571428571, 'model__l1_ratio': 0.25, 'model__max_iter': 100000.0}",-30.31420025705986,-11.679179301829976,-18.928229302839668,-70.4374585548155,-32.83976685413625,22.70058507206118,536
526,0.004729509353637695,0.00023423075321346337,0.001650691032409668,0.0001577690248717289,"ElasticNet(alpha=1.0, copy_X=True, fit_intercept=True, l1_ratio=0.5,
           max_iter=1000, normalize=False, positive=False, precompute=False,
           random_state=None, selection='cyclic', tol=0.0001, warm_start=False)",4.291428571428571,100000.0,0.3,,,,,"{'model': ElasticNet(alpha=1.0, copy_X=True, fit_intercept=True, l1_ratio=0.5,
           max_iter=1000, normalize=False, positive=False, precompute=False,
           random_state=None, selection='cyclic', tol=0.0001, warm_start=False), 'model__alpha': 4.291428571428571, 'model__l1_ratio': 0.3, 'model__max_iter': 100000.0}",-32.34230000742681,-12.668511360935476,-20.206023488888523,-77.22584977908997,-35.61067115908519,25.030737142594443,597
527,0.004778146743774414,0.00038254248014895427,0.0017225146293640137,0.00034248342898134294,"ElasticNet(alpha=1.0, copy_X=True, fit_intercept=True, l1_ratio=0.5,
           max_iter=1000, normalize=False, positive=False, precompute=False,
           random_state=None, selection='cyclic', tol=0.0001, warm_start=False)",4.291428571428571,100000.0,0.35,,,,,"{'model': ElasticNet(alpha=1.0, copy_X=True, fit_intercept=True, l1_ratio=0.5,
           max_iter=1000, normalize=False, positive=False, precompute=False,
           random_state=None, selection='cyclic', tol=0.0001, warm_start=False), 'model__alpha': 4.291428571428571, 'model__l1_ratio': 0.35, 'model__max_iter': 100000.0}",-33.93748985547027,-13.776183135173527,-21.746273061040025,-85.01062477579787,-38.61764270687042,27.730641190471914,641
528,0.004537463188171387,0.0004351738829624862,0.0014697909355163574,0.00028911383326603085,"ElasticNet(alpha=1.0, copy_X=True, fit_intercept=True, l1_ratio=0.5,
           max_iter=1000, normalize=False, positive=False, precompute=False,
           random_state=None, selection='cyclic', tol=0.0001, warm_start=False)",4.291428571428571,100000.0,0.39999999999999997,,,,,"{'model': ElasticNet(alpha=1.0, copy_X=True, fit_intercept=True, l1_ratio=0.5,
           max_iter=1000, normalize=False, positive=False, precompute=False,
           random_state=None, selection='cyclic', tol=0.0001, warm_start=False), 'model__alpha': 4.291428571428571, 'model__l1_ratio': 0.39999999999999997, 'model__max_iter': 100000.0}",-35.09628917349282,-14.94718468311424,-23.380688319998278,-93.96863146829033,-41.84819841122392,30.930734266179996,682
529,0.005147457122802734,0.0003619811620401628,0.0015971064567565918,0.0003303951806096141,"ElasticNet(alpha=1.0, copy_X=True, fit_intercept=True, l1_ratio=0.5,
           max_iter=1000, normalize=False, positive=False, precompute=False,
           random_state=None, selection='cyclic', tol=0.0001, warm_start=False)",4.291428571428571,100000.0,0.44999999999999996,,,,,"{'model': ElasticNet(alpha=1.0, copy_X=True, fit_intercept=True, l1_ratio=0.5,
           max_iter=1000, normalize=False, positive=False, precompute=False,
           random_state=None, selection='cyclic', tol=0.0001, warm_start=False), 'model__alpha': 4.291428571428571, 'model__l1_ratio': 0.44999999999999996, 'model__max_iter': 100000.0}",-36.15641082097147,-15.752025882808399,-25.124633259953058,-102.11837593936161,-44.78786147577364,33.878503957211215,721
530,0.005071818828582764,0.0007200480959027753,0.0017644762992858887,0.00035679439437956797,"ElasticNet(alpha=1.0, copy_X=True, fit_intercept=True, l1_ratio=0.5,
           max_iter=1000, normalize=False, positive=False, precompute=False,
           random_state=None, selection='cyclic', tol=0.0001, warm_start=False)",4.291428571428571,100000.0,0.49999999999999994,,,,,"{'model': ElasticNet(alpha=1.0, copy_X=True, fit_intercept=True, l1_ratio=0.5,
           max_iter=1000, normalize=False, positive=False, precompute=False,
           random_state=None, selection='cyclic', tol=0.0001, warm_start=False), 'model__alpha': 4.291428571428571, 'model__l1_ratio': 0.49999999999999994, 'model__max_iter': 100000.0}",-36.99402734680974,-16.47253144536423,-26.69564767971049,-104.8289916076565,-46.24779951988524,34.59133416170292,747
531,0.004868268966674805,0.0003034871384151496,0.0016242265701293945,8.649067322345503e-05,"ElasticNet(alpha=1.0, copy_X=True, fit_intercept=True, l1_ratio=0.5,
           max_iter=1000, normalize=False, positive=False, precompute=False,
           random_state=None, selection='cyclic', tol=0.0001, warm_start=False)",4.291428571428571,100000.0,0.5499999999999999,,,,,"{'model': ElasticNet(alpha=1.0, copy_X=True, fit_intercept=True, l1_ratio=0.5,
           max_iter=1000, normalize=False, positive=False, precompute=False,
           random_state=None, selection='cyclic', tol=0.0001, warm_start=False), 'model__alpha': 4.291428571428571, 'model__l1_ratio': 0.5499999999999999, 'model__max_iter': 100000.0}",-37.85271006474895,-16.898344029530026,-27.972485620452094,-105.14326126826656,-46.96670024574941,34.39645077694554,769
532,0.004783213138580322,0.0003647776746568202,0.001394808292388916,0.00027208461406612897,"ElasticNet(alpha=1.0, copy_X=True, fit_intercept=True, l1_ratio=0.5,
           max_iter=1000, normalize=False, positive=False, precompute=False,
           random_state=None, selection='cyclic', tol=0.0001, warm_start=False)",4.291428571428571,100000.0,0.6,,,,,"{'model': ElasticNet(alpha=1.0, copy_X=True, fit_intercept=True, l1_ratio=0.5,
           max_iter=1000, normalize=False, positive=False, precompute=False,
           random_state=None, selection='cyclic', tol=0.0001, warm_start=False), 'model__alpha': 4.291428571428571, 'model__l1_ratio': 0.6, 'model__max_iter': 100000.0}",-38.579982405832325,-17.064583270563777,-29.03049336671132,-105.68589828543234,-47.59023933213494,34.39683912580568,801
533,0.00509721040725708,0.0001767542450939804,0.0020514726638793945,0.0009660678534048024,"ElasticNet(alpha=1.0, copy_X=True, fit_intercept=True, l1_ratio=0.5,
           max_iter=1000, normalize=False, positive=False, precompute=False,
           random_state=None, selection='cyclic', tol=0.0001, warm_start=False)",4.291428571428571,100000.0,0.65,,,,,"{'model': ElasticNet(alpha=1.0, copy_X=True, fit_intercept=True, l1_ratio=0.5,
           max_iter=1000, normalize=False, positive=False, precompute=False,
           random_state=None, selection='cyclic', tol=0.0001, warm_start=False), 'model__alpha': 4.291428571428571, 'model__l1_ratio': 0.65, 'model__max_iter': 100000.0}",-39.189693950312936,-17.158471179832368,-29.903648245838063,-105.31036429082474,-47.89054441670203,34.061449148975306,833
534,0.004971504211425781,0.0003067760216509309,0.0018177032470703125,0.0003926036287947388,"ElasticNet(alpha=1.0, copy_X=True, fit_intercept=True, l1_ratio=0.5,
           max_iter=1000, normalize=False, positive=False, precompute=False,
           random_state=None, selection='cyclic', tol=0.0001, warm_start=False)",4.291428571428571,100000.0,0.7,,,,,"{'model': ElasticNet(alpha=1.0, copy_X=True, fit_intercept=True, l1_ratio=0.5,
           max_iter=1000, normalize=False, positive=False, precompute=False,
           random_state=None, selection='cyclic', tol=0.0001, warm_start=False), 'model__alpha': 4.291428571428571, 'model__l1_ratio': 0.7, 'model__max_iter': 100000.0}",-39.869052700073325,-17.266165696405956,-30.68566141832061,-104.43359074422592,-48.06361763975646,33.52313071219043,852
535,0.004290580749511719,0.0009431650048476208,0.0014219880104064941,0.0003417440871773304,"ElasticNet(alpha=1.0, copy_X=True, fit_intercept=True, l1_ratio=0.5,
           max_iter=1000, normalize=False, positive=False, precompute=False,
           random_state=None, selection='cyclic', tol=0.0001, warm_start=False)",4.291428571428571,100000.0,0.75,,,,,"{'model': ElasticNet(alpha=1.0, copy_X=True, fit_intercept=True, l1_ratio=0.5,
           max_iter=1000, normalize=False, positive=False, precompute=False,
           random_state=None, selection='cyclic', tol=0.0001, warm_start=False), 'model__alpha': 4.291428571428571, 'model__l1_ratio': 0.75, 'model__max_iter': 100000.0}",-40.633107314363336,-17.39284413353895,-31.483137118611157,-103.59258369570799,-48.27541806555536,32.99283179358468,873
536,0.004666507244110107,0.0003026055142963462,0.001490473747253418,0.0003463310945957891,"ElasticNet(alpha=1.0, copy_X=True, fit_intercept=True, l1_ratio=0.5,
           max_iter=1000, normalize=False, positive=False, precompute=False,
           random_state=None, selection='cyclic', tol=0.0001, warm_start=False)",4.291428571428571,100000.0,0.7999999999999999,,,,,"{'model': ElasticNet(alpha=1.0, copy_X=True, fit_intercept=True, l1_ratio=0.5,
           max_iter=1000, normalize=False, positive=False, precompute=False,
           random_state=None, selection='cyclic', tol=0.0001, warm_start=False), 'model__alpha': 4.291428571428571, 'model__l1_ratio': 0.7999999999999999, 'model__max_iter': 100000.0}",-41.50460625384618,-17.628228144375896,-32.197361308097356,-102.81194177932424,-48.53553437141092,32.471371346782746,900
537,0.006282687187194824,0.0014656745694189973,0.001443326473236084,0.0003413347036584195,"ElasticNet(alpha=1.0, copy_X=True, fit_intercept=True, l1_ratio=0.5,
           max_iter=1000, normalize=False, positive=False, precompute=False,
           random_state=None, selection='cyclic', tol=0.0001, warm_start=False)",4.291428571428571,100000.0,0.85,,,,,"{'model': ElasticNet(alpha=1.0, copy_X=True, fit_intercept=True, l1_ratio=0.5,
           max_iter=1000, normalize=False, positive=False, precompute=False,
           random_state=None, selection='cyclic', tol=0.0001, warm_start=False), 'model__alpha': 4.291428571428571, 'model__l1_ratio': 0.85, 'model__max_iter': 100000.0}",-42.38560849220757,-17.942334848471056,-32.65941055931912,-102.21015708333253,-48.79937774583257,32.04100272552811,920
538,0.004518985748291016,0.00012969861135300476,0.001392066478729248,0.0002561207840765615,"ElasticNet(alpha=1.0, copy_X=True, fit_intercept=True, l1_ratio=0.5,
           max_iter=1000, normalize=False, positive=False, precompute=False,
           random_state=None, selection='cyclic', tol=0.0001, warm_start=False)",4.291428571428571,100000.0,0.9,,,,,"{'model': ElasticNet(alpha=1.0, copy_X=True, fit_intercept=True, l1_ratio=0.5,
           max_iter=1000, normalize=False, positive=False, precompute=False,
           random_state=None, selection='cyclic', tol=0.0001, warm_start=False), 'model__alpha': 4.291428571428571, 'model__l1_ratio': 0.9, 'model__max_iter': 100000.0}",-43.17699318380263,-18.363617243386543,-33.258938387637336,-102.21015708333253,-49.25242647453976,31.825077838899823,955
539,0.0044293999671936035,0.0010279566739714364,0.001490950584411621,0.00041398108133178344,"ElasticNet(alpha=1.0, copy_X=True, fit_intercept=True, l1_ratio=0.5,
           max_iter=1000, normalize=False, positive=False, precompute=False,
           random_state=None, selection='cyclic', tol=0.0001, warm_start=False)",4.291428571428571,100000.0,0.95,,,,,"{'model': ElasticNet(alpha=1.0, copy_X=True, fit_intercept=True, l1_ratio=0.5,
           max_iter=1000, normalize=False, positive=False, precompute=False,
           random_state=None, selection='cyclic', tol=0.0001, warm_start=False), 'model__alpha': 4.291428571428571, 'model__l1_ratio': 0.95, 'model__max_iter': 100000.0}",-44.040440830757774,-18.50887649398301,-34.12559429246427,-102.21015708333253,-49.7212671751344,31.64171967689962,986
540,0.00487828254699707,0.0003371078522476754,0.0018360614776611328,0.0005640374150331352,"ElasticNet(alpha=1.0, copy_X=True, fit_intercept=True, l1_ratio=0.5,
           max_iter=1000, normalize=False, positive=False, precompute=False,
           random_state=None, selection='cyclic', tol=0.0001, warm_start=False)",4.291428571428571,100000.0,1.0,,,,,"{'model': ElasticNet(alpha=1.0, copy_X=True, fit_intercept=True, l1_ratio=0.5,
           max_iter=1000, normalize=False, positive=False, precompute=False,
           random_state=None, selection='cyclic', tol=0.0001, warm_start=False), 'model__alpha': 4.291428571428571, 'model__l1_ratio': 1.0, 'model__max_iter': 100000.0}",-44.73308704760009,-18.382982646008244,-34.52973697755886,-102.21015708333253,-49.96399093862493,31.59351401969452,997
541,0.004745304584503174,0.000260865956889297,0.001736462116241455,0.00019923594996997744,"ElasticNet(alpha=1.0, copy_X=True, fit_intercept=True, l1_ratio=0.5,
           max_iter=1000, normalize=False, positive=False, precompute=False,
           random_state=None, selection='cyclic', tol=0.0001, warm_start=False)",4.495306122448979,100000.0,0.05,,,,,"{'model': ElasticNet(alpha=1.0, copy_X=True, fit_intercept=True, l1_ratio=0.5,
           max_iter=1000, normalize=False, positive=False, precompute=False,
           random_state=None, selection='cyclic', tol=0.0001, warm_start=False), 'model__alpha': 4.495306122448979, 'model__l1_ratio': 0.05, 'model__max_iter': 100000.0}",-23.87404259250723,-8.5675288937397,-15.54938741264267,-47.14192352648841,-23.783220606344504,14.53401642784477,346
542,0.004686713218688965,0.00019184256558276938,0.0015494823455810547,7.311446942929264e-05,"ElasticNet(alpha=1.0, copy_X=True, fit_intercept=True, l1_ratio=0.5,
           max_iter=1000, normalize=False, positive=False, precompute=False,
           random_state=None, selection='cyclic', tol=0.0001, warm_start=False)",4.495306122448979,100000.0,0.1,,,,,"{'model': ElasticNet(alpha=1.0, copy_X=True, fit_intercept=True, l1_ratio=0.5,
           max_iter=1000, normalize=False, positive=False, precompute=False,
           random_state=None, selection='cyclic', tol=0.0001, warm_start=False), 'model__alpha': 4.495306122448979, 'model__l1_ratio': 0.1, 'model__max_iter': 100000.0}",-25.42988260942425,-9.349051307796266,-16.420595989731734,-53.02901023088039,-26.05713503445816,16.582358425400233,372
543,0.00509333610534668,0.00043212224682134137,0.0015801191329956055,6.450500467442043e-05,"ElasticNet(alpha=1.0, copy_X=True, fit_intercept=True, l1_ratio=0.5,
           max_iter=1000, normalize=False, positive=False, precompute=False,
           random_state=None, selection='cyclic', tol=0.0001, warm_start=False)",4.495306122448979,100000.0,0.15,,,,,"{'model': ElasticNet(alpha=1.0, copy_X=True, fit_intercept=True, l1_ratio=0.5,
           max_iter=1000, normalize=False, positive=False, precompute=False,
           random_state=None, selection='cyclic', tol=0.0001, warm_start=False), 'model__alpha': 4.495306122448979, 'model__l1_ratio': 0.15, 'model__max_iter': 100000.0}",-27.176607913575044,-10.173208368156905,-17.360223778805153,-58.95264733844168,-28.415671849744694,18.634997701646636,403
544,0.005423843860626221,0.0009179919903497947,0.0014858841896057129,0.0003534147275593735,"ElasticNet(alpha=1.0, copy_X=True, fit_intercept=True, l1_ratio=0.5,
           max_iter=1000, normalize=False, positive=False, precompute=False,
           random_state=None, selection='cyclic', tol=0.0001, warm_start=False)",4.495306122448979,100000.0,0.2,,,,,"{'model': ElasticNet(alpha=1.0, copy_X=True, fit_intercept=True, l1_ratio=0.5,
           max_iter=1000, normalize=False, positive=False, precompute=False,
           random_state=None, selection='cyclic', tol=0.0001, warm_start=False), 'model__alpha': 4.495306122448979, 'model__l1_ratio': 0.2, 'model__max_iter': 100000.0}",-29.093308963907383,-11.080278410344397,-18.401670618932265,-65.57896762359555,-31.0385564041949,20.94545140143101,480
545,0.005949974060058594,0.0014613127016793643,0.0014925003051757812,0.0004517077040573942,"ElasticNet(alpha=1.0, copy_X=True, fit_intercept=True, l1_ratio=0.5,
           max_iter=1000, normalize=False, positive=False, precompute=False,
           random_state=None, selection='cyclic', tol=0.0001, warm_start=False)",4.495306122448979,100000.0,0.25,,,,,"{'model': ElasticNet(alpha=1.0, copy_X=True, fit_intercept=True, l1_ratio=0.5,
           max_iter=1000, normalize=False, positive=False, precompute=False,
           random_state=None, selection='cyclic', tol=0.0001, warm_start=False), 'model__alpha': 4.495306122448979, 'model__l1_ratio': 0.25, 'model__max_iter': 100000.0}",-31.075570387192013,-12.07972324556743,-19.55935219373135,-72.8460137166343,-33.890164885781275,23.486952001481352,559
546,0.004552245140075684,0.000157094551770939,0.001414656639099121,0.00030153195092074076,"ElasticNet(alpha=1.0, copy_X=True, fit_intercept=True, l1_ratio=0.5,
           max_iter=1000, normalize=False, positive=False, precompute=False,
           random_state=None, selection='cyclic', tol=0.0001, warm_start=False)",4.495306122448979,100000.0,0.3,,,,,"{'model': ElasticNet(alpha=1.0, copy_X=True, fit_intercept=True, l1_ratio=0.5,
           max_iter=1000, normalize=False, positive=False, precompute=False,
           random_state=None, selection='cyclic', tol=0.0001, warm_start=False), 'model__alpha': 4.495306122448979, 'model__l1_ratio': 0.3, 'model__max_iter': 100000.0}",-33.1588323650158,-13.132571096626744,-20.944985117292585,-80.0452260570813,-36.82040365900411,25.956380241975275,613
547,0.0048857927322387695,0.00023627783402380053,0.0017303824424743652,8.214677025345287e-05,"ElasticNet(alpha=1.0, copy_X=True, fit_intercept=True, l1_ratio=0.5,
           max_iter=1000, normalize=False, positive=False, precompute=False,
           random_state=None, selection='cyclic', tol=0.0001, warm_start=False)",4.495306122448979,100000.0,0.35,,,,,"{'model': ElasticNet(alpha=1.0, copy_X=True, fit_intercept=True, l1_ratio=0.5,
           max_iter=1000, normalize=False, positive=False, precompute=False,
           random_state=None, selection='cyclic', tol=0.0001, warm_start=False), 'model__alpha': 4.495306122448979, 'model__l1_ratio': 0.35, 'model__max_iter': 100000.0}",-34.66769938573768,-14.297295617389686,-22.56686556951819,-88.31980504048043,-39.9629164032815,28.84343372792768,661
548,0.0052144527435302734,0.0009552600462365279,0.0014339685440063477,0.00028782013415871397,"ElasticNet(alpha=1.0, copy_X=True, fit_intercept=True, l1_ratio=0.5,
           max_iter=1000, normalize=False, positive=False, precompute=False,
           random_state=None, selection='cyclic', tol=0.0001, warm_start=False)",4.495306122448979,100000.0,0.39999999999999997,,,,,"{'model': ElasticNet(alpha=1.0, copy_X=True, fit_intercept=True, l1_ratio=0.5,
           max_iter=1000, normalize=False, positive=False, precompute=False,
           random_state=None, selection='cyclic', tol=0.0001, warm_start=False), 'model__alpha': 4.495306122448979, 'model__l1_ratio': 0.39999999999999997, 'model__max_iter': 100000.0}",-35.77682461231054,-15.419160233251889,-24.277241756679576,-97.7485692368473,-43.30544895977233,32.25078021681002,701
549,0.005847930908203125,0.0006388042650763076,0.0019069314002990723,0.0004935540251185702,"ElasticNet(alpha=1.0, copy_X=True, fit_intercept=True, l1_ratio=0.5,
           max_iter=1000, normalize=False, positive=False, precompute=False,
           random_state=None, selection='cyclic', tol=0.0001, warm_start=False)",4.495306122448979,100000.0,0.44999999999999996,,,,,"{'model': ElasticNet(alpha=1.0, copy_X=True, fit_intercept=True, l1_ratio=0.5,
           max_iter=1000, normalize=False, positive=False, precompute=False,
           random_state=None, selection='cyclic', tol=0.0001, warm_start=False), 'model__alpha': 4.495306122448979, 'model__l1_ratio': 0.44999999999999996, 'model__max_iter': 100000.0}",-36.775850938228665,-16.155653169256045,-26.116125953036935,-103.91504745397415,-45.74066937862395,34.36939817226347,735
550,0.005031704902648926,0.000672605697641444,0.0016078948974609375,0.00021833844458591753,"ElasticNet(alpha=1.0, copy_X=True, fit_intercept=True, l1_ratio=0.5,
           max_iter=1000, normalize=False, positive=False, precompute=False,
           random_state=None, selection='cyclic', tol=0.0001, warm_start=False)",4.495306122448979,100000.0,0.49999999999999994,,,,,"{'model': ElasticNet(alpha=1.0, copy_X=True, fit_intercept=True, l1_ratio=0.5,
           max_iter=1000, normalize=False, positive=False, precompute=False,
           random_state=None, selection='cyclic', tol=0.0001, warm_start=False), 'model__alpha': 4.495306122448979, 'model__l1_ratio': 0.49999999999999994, 'model__max_iter': 100000.0}",-37.59727090276699,-16.681654839382603,-27.40240990923657,-104.799627116432,-46.62024069195454,34.394399730880124,757
551,0.005707740783691406,0.0011145936868266863,0.0015079379081726074,0.00031972364266095256,"ElasticNet(alpha=1.0, copy_X=True, fit_intercept=True, l1_ratio=0.5,
           max_iter=1000, normalize=False, positive=False, precompute=False,
           random_state=None, selection='cyclic', tol=0.0001, warm_start=False)",4.495306122448979,100000.0,0.5499999999999999,,,,,"{'model': ElasticNet(alpha=1.0, copy_X=True, fit_intercept=True, l1_ratio=0.5,
           max_iter=1000, normalize=False, positive=False, precompute=False,
           random_state=None, selection='cyclic', tol=0.0001, warm_start=False), 'model__alpha': 4.495306122448979, 'model__l1_ratio': 0.5499999999999999, 'model__max_iter': 100000.0}",-38.5120538993979,-17.04252572555921,-28.753702450235945,-105.17094824683714,-47.36980758050755,34.22621457864876,789
552,0.0056531429290771484,0.0018333080484421768,0.00146484375,0.00043692281382227635,"ElasticNet(alpha=1.0, copy_X=True, fit_intercept=True, l1_ratio=0.5,
           max_iter=1000, normalize=False, positive=False, precompute=False,
           random_state=None, selection='cyclic', tol=0.0001, warm_start=False)",4.495306122448979,100000.0,0.6,,,,,"{'model': ElasticNet(alpha=1.0, copy_X=True, fit_intercept=True, l1_ratio=0.5,
           max_iter=1000, normalize=False, positive=False, precompute=False,
           random_state=None, selection='cyclic', tol=0.0001, warm_start=False), 'model__alpha': 4.495306122448979, 'model__l1_ratio': 0.6, 'model__max_iter': 100000.0}",-39.11150020756793,-17.13214526001563,-29.718119522117316,-105.58294507742913,-47.8861775167825,34.21184290627993,832
553,0.005331575870513916,0.0009259455295999552,0.0014407038688659668,0.0003371687346916957,"ElasticNet(alpha=1.0, copy_X=True, fit_intercept=True, l1_ratio=0.5,
           max_iter=1000, normalize=False, positive=False, precompute=False,
           random_state=None, selection='cyclic', tol=0.0001, warm_start=False)",4.495306122448979,100000.0,0.65,,,,,"{'model': ElasticNet(alpha=1.0, copy_X=True, fit_intercept=True, l1_ratio=0.5,
           max_iter=1000, normalize=False, positive=False, precompute=False,
           random_state=None, selection='cyclic', tol=0.0001, warm_start=False), 'model__alpha': 4.495306122448979, 'model__l1_ratio': 0.65, 'model__max_iter': 100000.0}",-39.77691775184057,-17.233422274991504,-30.517457978439463,-104.65535776164803,-48.045788941729896,33.65138124466887,850
554,0.00509798526763916,0.0007628067933172629,0.001631021499633789,0.0001693208396407162,"ElasticNet(alpha=1.0, copy_X=True, fit_intercept=True, l1_ratio=0.5,
           max_iter=1000, normalize=False, positive=False, precompute=False,
           random_state=None, selection='cyclic', tol=0.0001, warm_start=False)",4.495306122448979,100000.0,0.7,,,,,"{'model': ElasticNet(alpha=1.0, copy_X=True, fit_intercept=True, l1_ratio=0.5,
           max_iter=1000, normalize=False, positive=False, precompute=False,
           random_state=None, selection='cyclic', tol=0.0001, warm_start=False), 'model__alpha': 4.495306122448979, 'model__l1_ratio': 0.7, 'model__max_iter': 100000.0}",-40.52075229545711,-17.34988827074467,-31.351792638783408,-103.76197194294745,-48.24610128698316,33.09715454225654,870
555,0.006318807601928711,0.002672253740976073,0.001732468605041504,0.0003167918405035257,"ElasticNet(alpha=1.0, copy_X=True, fit_intercept=True, l1_ratio=0.5,
           max_iter=1000, normalize=False, positive=False, precompute=False,
           random_state=None, selection='cyclic', tol=0.0001, warm_start=False)",4.495306122448979,100000.0,0.75,,,,,"{'model': ElasticNet(alpha=1.0, copy_X=True, fit_intercept=True, l1_ratio=0.5,
           max_iter=1000, normalize=False, positive=False, precompute=False,
           random_state=None, selection='cyclic', tol=0.0001, warm_start=False), 'model__alpha': 4.495306122448979, 'model__l1_ratio': 0.75, 'model__max_iter': 100000.0}",-41.360138510605275,-17.52403824185515,-32.20619242231084,-102.98560685184934,-48.51899400665515,32.575511911686405,898
556,0.005090236663818359,0.00028543772601871605,0.0017242431640625,0.00014840067555140898,"ElasticNet(alpha=1.0, copy_X=True, fit_intercept=True, l1_ratio=0.5,
           max_iter=1000, normalize=False, positive=False, precompute=False,
           random_state=None, selection='cyclic', tol=0.0001, warm_start=False)",4.495306122448979,100000.0,0.7999999999999999,,,,,"{'model': ElasticNet(alpha=1.0, copy_X=True, fit_intercept=True, l1_ratio=0.5,
           max_iter=1000, normalize=False, positive=False, precompute=False,
           random_state=None, selection='cyclic', tol=0.0001, warm_start=False), 'model__alpha': 4.495306122448979, 'model__l1_ratio': 0.7999999999999999, 'model__max_iter': 100000.0}",-42.28500003973888,-17.781626875445475,-32.83850613193359,-102.22306365792807,-48.7820491762615,32.06780482020617,917
557,0.004241526126861572,0.0006552213295281772,0.0014870762825012207,0.0003384908837807986,"ElasticNet(alpha=1.0, copy_X=True, fit_intercept=True, l1_ratio=0.5,
           max_iter=1000, normalize=False, positive=False, precompute=False,
           random_state=None, selection='cyclic', tol=0.0001, warm_start=False)",4.495306122448979,100000.0,0.85,,,,,"{'model': ElasticNet(alpha=1.0, copy_X=True, fit_intercept=True, l1_ratio=0.5,
           max_iter=1000, normalize=False, positive=False, precompute=False,
           random_state=None, selection='cyclic', tol=0.0001, warm_start=False), 'model__alpha': 4.495306122448979, 'model__l1_ratio': 0.85, 'model__max_iter': 100000.0}",-43.16545385232827,-18.121043622925093,-33.40150563809752,-102.21015708333253,-49.224540049170855,31.866848157384133,952
558,0.004144012928009033,0.0008086872892693108,0.0016097426414489746,0.000538931852438931,"ElasticNet(alpha=1.0, copy_X=True, fit_intercept=True, l1_ratio=0.5,
           max_iter=1000, normalize=False, positive=False, precompute=False,
           random_state=None, selection='cyclic', tol=0.0001, warm_start=False)",4.495306122448979,100000.0,0.9,,,,,"{'model': ElasticNet(alpha=1.0, copy_X=True, fit_intercept=True, l1_ratio=0.5,
           max_iter=1000, normalize=False, positive=False, precompute=False,
           random_state=None, selection='cyclic', tol=0.0001, warm_start=False), 'model__alpha': 4.495306122448979, 'model__l1_ratio': 0.9, 'model__max_iter': 100000.0}",-43.968081880556404,-18.49408153312532,-34.13192558189158,-102.21015708333253,-49.70106151972646,31.64785050436269,985
559,0.005440831184387207,0.0004963354179377067,0.0015159249305725098,0.0003892768124768776,"ElasticNet(alpha=1.0, copy_X=True, fit_intercept=True, l1_ratio=0.5,
           max_iter=1000, normalize=False, positive=False, precompute=False,
           random_state=None, selection='cyclic', tol=0.0001, warm_start=False)",4.495306122448979,100000.0,0.95,,,,,"{'model': ElasticNet(alpha=1.0, copy_X=True, fit_intercept=True, l1_ratio=0.5,
           max_iter=1000, normalize=False, positive=False, precompute=False,
           random_state=None, selection='cyclic', tol=0.0001, warm_start=False), 'model__alpha': 4.495306122448979, 'model__l1_ratio': 0.95, 'model__max_iter': 100000.0}",-44.80835395389589,-18.418346448045785,-35.01155370706965,-102.21015708333253,-50.112102798085964,31.52323661418927,1006
560,0.0050789713859558105,0.0003861674629410655,0.001515805721282959,0.00034572426057865837,"ElasticNet(alpha=1.0, copy_X=True, fit_intercept=True, l1_ratio=0.5,
           max_iter=1000, normalize=False, positive=False, precompute=False,
           random_state=None, selection='cyclic', tol=0.0001, warm_start=False)",4.495306122448979,100000.0,1.0,,,,,"{'model': ElasticNet(alpha=1.0, copy_X=True, fit_intercept=True, l1_ratio=0.5,
           max_iter=1000, normalize=False, positive=False, precompute=False,
           random_state=None, selection='cyclic', tol=0.0001, warm_start=False), 'model__alpha': 4.495306122448979, 'model__l1_ratio': 1.0, 'model__max_iter': 100000.0}",-45.519004245448016,-18.303758306527246,-35.59822431176341,-102.21015708333253,-50.407785986767806,31.453845346951926,1024
561,0.004757583141326904,0.0005624411865667186,0.0016083121299743652,0.00017065994356155865,"ElasticNet(alpha=1.0, copy_X=True, fit_intercept=True, l1_ratio=0.5,
           max_iter=1000, normalize=False, positive=False, precompute=False,
           random_state=None, selection='cyclic', tol=0.0001, warm_start=False)",4.6991836734693875,100000.0,0.05,,,,,"{'model': ElasticNet(alpha=1.0, copy_X=True, fit_intercept=True, l1_ratio=0.5,
           max_iter=1000, normalize=False, positive=False, precompute=False,
           random_state=None, selection='cyclic', tol=0.0001, warm_start=False), 'model__alpha': 4.6991836734693875, 'model__l1_ratio': 0.05, 'model__max_iter': 100000.0}",-24.34162716938192,-8.78957182368429,-15.949574847161996,-48.53430802778885,-24.403770467004264,14.979680634224907,351
562,0.0051007866859436035,0.000311210428680794,0.0016096830368041992,9.89179261633598e-05,"ElasticNet(alpha=1.0, copy_X=True, fit_intercept=True, l1_ratio=0.5,
           max_iter=1000, normalize=False, positive=False, precompute=False,
           random_state=None, selection='cyclic', tol=0.0001, warm_start=False)",4.6991836734693875,100000.0,0.1,,,,,"{'model': ElasticNet(alpha=1.0, copy_X=True, fit_intercept=True, l1_ratio=0.5,
           max_iter=1000, normalize=False, positive=False, precompute=False,
           random_state=None, selection='cyclic', tol=0.0001, warm_start=False), 'model__alpha': 4.6991836734693875, 'model__l1_ratio': 0.1, 'model__max_iter': 100000.0}",-25.95943191162716,-9.61022914991013,-16.863877050456054,-54.61920157534476,-26.763184921834526,17.09403310184571,382
563,0.004873096942901611,0.00033657937540964526,0.0015890002250671387,6.899970743805689e-05,"ElasticNet(alpha=1.0, copy_X=True, fit_intercept=True, l1_ratio=0.5,
           max_iter=1000, normalize=False, positive=False, precompute=False,
           random_state=None, selection='cyclic', tol=0.0001, warm_start=False)",4.6991836734693875,100000.0,0.15,,,,,"{'model': ElasticNet(alpha=1.0, copy_X=True, fit_intercept=True, l1_ratio=0.5,
           max_iter=1000, normalize=False, positive=False, precompute=False,
           random_state=None, selection='cyclic', tol=0.0001, warm_start=False), 'model__alpha': 4.6991836734693875, 'model__l1_ratio': 0.15, 'model__max_iter': 100000.0}",-27.784102060476606,-10.473368414765451,-17.854849713965283,-60.80471293220372,-29.229258280352767,19.237063106514547,425
564,0.005279242992401123,0.0005131071202876947,0.0017306804656982422,0.0001534959291378989,"ElasticNet(alpha=1.0, copy_X=True, fit_intercept=True, l1_ratio=0.5,
           max_iter=1000, normalize=False, positive=False, precompute=False,
           random_state=None, selection='cyclic', tol=0.0001, warm_start=False)",4.6991836734693875,100000.0,0.2,,,,,"{'model': ElasticNet(alpha=1.0, copy_X=True, fit_intercept=True, l1_ratio=0.5,
           max_iter=1000, normalize=False, positive=False, precompute=False,
           random_state=None, selection='cyclic', tol=0.0001, warm_start=False), 'model__alpha': 4.6991836734693875, 'model__l1_ratio': 0.2, 'model__max_iter': 100000.0}",-29.758737412452646,-11.431222768776122,-18.95490396877136,-67.7786368082874,-31.980875239571883,21.670150980504975,514
565,0.00453794002532959,0.00020826333711539258,0.0017970800399780273,0.0003941994538443182,"ElasticNet(alpha=1.0, copy_X=True, fit_intercept=True, l1_ratio=0.5,
           max_iter=1000, normalize=False, positive=False, precompute=False,
           random_state=None, selection='cyclic', tol=0.0001, warm_start=False)",4.6991836734693875,100000.0,0.25,,,,,"{'model': ElasticNet(alpha=1.0, copy_X=True, fit_intercept=True, l1_ratio=0.5,
           max_iter=1000, normalize=False, positive=False, precompute=False,
           random_state=None, selection='cyclic', tol=0.0001, warm_start=False), 'model__alpha': 4.6991836734693875, 'model__l1_ratio': 0.25, 'model__max_iter': 100000.0}",-31.818381003001512,-12.470605895417641,-20.179656283076493,-75.1935392272474,-34.91554560218576,24.25299441038385,587
566,0.004703402519226074,0.0010942208350041946,0.0015137791633605957,0.0003902797216294611,"ElasticNet(alpha=1.0, copy_X=True, fit_intercept=True, l1_ratio=0.5,
           max_iter=1000, normalize=False, positive=False, precompute=False,
           random_state=None, selection='cyclic', tol=0.0001, warm_start=False)",4.6991836734693875,100000.0,0.3,,,,,"{'model': ElasticNet(alpha=1.0, copy_X=True, fit_intercept=True, l1_ratio=0.5,
           max_iter=1000, normalize=False, positive=False, precompute=False,
           random_state=None, selection='cyclic', tol=0.0001, warm_start=False), 'model__alpha': 4.6991836734693875, 'model__l1_ratio': 0.3, 'model__max_iter': 100000.0}",-33.945261167481874,-13.589286605104128,-21.680782631708137,-82.7998645683297,-38.003798743155954,26.859209307889735,630
567,0.004995763301849365,0.00023878411494428065,0.0015268325805664062,0.00011948018289304789,"ElasticNet(alpha=1.0, copy_X=True, fit_intercept=True, l1_ratio=0.5,
           max_iter=1000, normalize=False, positive=False, precompute=False,
           random_state=None, selection='cyclic', tol=0.0001, warm_start=False)",4.6991836734693875,100000.0,0.35,,,,,"{'model': ElasticNet(alpha=1.0, copy_X=True, fit_intercept=True, l1_ratio=0.5,
           max_iter=1000, normalize=False, positive=False, precompute=False,
           random_state=None, selection='cyclic', tol=0.0001, warm_start=False), 'model__alpha': 4.6991836734693875, 'model__l1_ratio': 0.35, 'model__max_iter': 100000.0}",-35.30539301737713,-14.804299884357729,-23.377201161254423,-91.56147026176457,-41.26209108118846,29.939078978143428,676
568,0.0045233964920043945,0.00012158535247673032,0.0014729499816894531,0.00021916691913827625,"ElasticNet(alpha=1.0, copy_X=True, fit_intercept=True, l1_ratio=0.5,
           max_iter=1000, normalize=False, positive=False, precompute=False,
           random_state=None, selection='cyclic', tol=0.0001, warm_start=False)",4.6991836734693875,100000.0,0.39999999999999997,,,,,"{'model': ElasticNet(alpha=1.0, copy_X=True, fit_intercept=True, l1_ratio=0.5,
           max_iter=1000, normalize=False, positive=False, precompute=False,
           random_state=None, selection='cyclic', tol=0.0001, warm_start=False), 'model__alpha': 4.6991836734693875, 'model__l1_ratio': 0.39999999999999997, 'model__max_iter': 100000.0}",-36.41012192766596,-15.755607852697977,-25.16373603544736,-101.00839842184222,-44.58446605941338,33.38692807593585,719
569,0.004332482814788818,0.0008921291332497552,0.0014588236808776855,0.0003150694700873095,"ElasticNet(alpha=1.0, copy_X=True, fit_intercept=True, l1_ratio=0.5,
           max_iter=1000, normalize=False, positive=False, precompute=False,
           random_state=None, selection='cyclic', tol=0.0001, warm_start=False)",4.6991836734693875,100000.0,0.44999999999999996,,,,,"{'model': ElasticNet(alpha=1.0, copy_X=True, fit_intercept=True, l1_ratio=0.5,
           max_iter=1000, normalize=False, positive=False, precompute=False,
           random_state=None, selection='cyclic', tol=0.0001, warm_start=False), 'model__alpha': 4.6991836734693875, 'model__l1_ratio': 0.44999999999999996, 'model__max_iter': 100000.0}",-37.31078538891365,-16.47357043914288,-26.841996447121446,-104.56944083376371,-46.298948277235425,34.43967012251925,749
570,0.0044498443603515625,0.0004933159835482314,0.0020676851272583008,0.000908711834263776,"ElasticNet(alpha=1.0, copy_X=True, fit_intercept=True, l1_ratio=0.5,
           max_iter=1000, normalize=False, positive=False, precompute=False,
           random_state=None, selection='cyclic', tol=0.0001, warm_start=False)",4.6991836734693875,100000.0,0.49999999999999994,,,,,"{'model': ElasticNet(alpha=1.0, copy_X=True, fit_intercept=True, l1_ratio=0.5,
           max_iter=1000, normalize=False, positive=False, precompute=False,
           random_state=None, selection='cyclic', tol=0.0001, warm_start=False), 'model__alpha': 4.6991836734693875, 'model__l1_ratio': 0.49999999999999994, 'model__max_iter': 100000.0}",-38.189258274900126,-16.8840887450659,-28.10345142795099,-104.7754588814243,-46.98806433233533,34.20409298430448,770
571,0.0050048828125,0.0007360616558633441,0.0014590620994567871,0.00013646557292355075,"ElasticNet(alpha=1.0, copy_X=True, fit_intercept=True, l1_ratio=0.5,
           max_iter=1000, normalize=False, positive=False, precompute=False,
           random_state=None, selection='cyclic', tol=0.0001, warm_start=False)",4.6991836734693875,100000.0,0.5499999999999999,,,,,"{'model': ElasticNet(alpha=1.0, copy_X=True, fit_intercept=True, l1_ratio=0.5,
           max_iter=1000, normalize=False, positive=False, precompute=False,
           random_state=None, selection='cyclic', tol=0.0001, warm_start=False), 'model__alpha': 4.6991836734693875, 'model__l1_ratio': 0.5499999999999999, 'model__max_iter': 100000.0}",-38.98965915705618,-17.10402755783288,-29.400296722828628,-105.20405817005673,-47.67451040194361,34.108564959777524,811
572,0.00528484582901001,0.0009727704810877701,0.0014940500259399414,0.00032376314723649234,"ElasticNet(alpha=1.0, copy_X=True, fit_intercept=True, l1_ratio=0.5,
           max_iter=1000, normalize=False, positive=False, precompute=False,
           random_state=None, selection='cyclic', tol=0.0001, warm_start=False)",4.6991836734693875,100000.0,0.6,,,,,"{'model': ElasticNet(alpha=1.0, copy_X=True, fit_intercept=True, l1_ratio=0.5,
           max_iter=1000, normalize=False, positive=False, precompute=False,
           random_state=None, selection='cyclic', tol=0.0001, warm_start=False), 'model__alpha': 4.6991836734693875, 'model__l1_ratio': 0.6, 'model__max_iter': 100000.0}",-39.63868160170098,-17.20021972293831,-30.311290901873683,-104.95291272533399,-48.02577623796174,33.81959546724681,848
573,0.0048517584800720215,0.0002533164234505216,0.0016649365425109863,9.756803355270461e-05,"ElasticNet(alpha=1.0, copy_X=True, fit_intercept=True, l1_ratio=0.5,
           max_iter=1000, normalize=False, positive=False, precompute=False,
           random_state=None, selection='cyclic', tol=0.0001, warm_start=False)",4.6991836734693875,100000.0,0.65,,,,,"{'model': ElasticNet(alpha=1.0, copy_X=True, fit_intercept=True, l1_ratio=0.5,
           max_iter=1000, normalize=False, positive=False, precompute=False,
           random_state=None, selection='cyclic', tol=0.0001, warm_start=False), 'model__alpha': 4.6991836734693875, 'model__l1_ratio': 0.65, 'model__max_iter': 100000.0}",-40.361252904672455,-17.309213147672313,-31.150429939526532,-104.04508030998146,-48.21649407546319,33.2605111740545,866
574,0.004628896713256836,0.00012888029391721768,0.0015369057655334473,2.9771968165333236e-05,"ElasticNet(alpha=1.0, copy_X=True, fit_intercept=True, l1_ratio=0.5,
           max_iter=1000, normalize=False, positive=False, precompute=False,
           random_state=None, selection='cyclic', tol=0.0001, warm_start=False)",4.6991836734693875,100000.0,0.7,,,,,"{'model': ElasticNet(alpha=1.0, copy_X=True, fit_intercept=True, l1_ratio=0.5,
           max_iter=1000, normalize=False, positive=False, precompute=False,
           random_state=None, selection='cyclic', tol=0.0001, warm_start=False), 'model__alpha': 4.6991836734693875, 'model__l1_ratio': 0.7, 'model__max_iter': 100000.0}",-41.17147747102907,-17.434898002179594,-32.015060170906054,-103.19607010459566,-48.454376437177594,32.71908007803082,888
575,0.0041547417640686035,0.0005482077476736549,0.0013767480850219727,0.0002807902127379607,"ElasticNet(alpha=1.0, copy_X=True, fit_intercept=True, l1_ratio=0.5,
           max_iter=1000, normalize=False, positive=False, precompute=False,
           random_state=None, selection='cyclic', tol=0.0001, warm_start=False)",4.6991836734693875,100000.0,0.75,,,,,"{'model': ElasticNet(alpha=1.0, copy_X=True, fit_intercept=True, l1_ratio=0.5,
           max_iter=1000, normalize=False, positive=False, precompute=False,
           random_state=None, selection='cyclic', tol=0.0001, warm_start=False), 'model__alpha': 4.6991836734693875, 'model__l1_ratio': 0.75, 'model__max_iter': 100000.0}",-42.08876476935179,-17.65739689760629,-32.96167979139132,-102.42393209788415,-48.78294338905839,32.176387783867696,918
576,0.004803001880645752,0.00019055688832193487,0.001564323902130127,8.221248148947411e-05,"ElasticNet(alpha=1.0, copy_X=True, fit_intercept=True, l1_ratio=0.5,
           max_iter=1000, normalize=False, positive=False, precompute=False,
           random_state=None, selection='cyclic', tol=0.0001, warm_start=False)",4.6991836734693875,100000.0,0.7999999999999999,,,,,"{'model': ElasticNet(alpha=1.0, copy_X=True, fit_intercept=True, l1_ratio=0.5,
           max_iter=1000, normalize=False, positive=False, precompute=False,
           random_state=None, selection='cyclic', tol=0.0001, warm_start=False), 'model__alpha': 4.6991836734693875, 'model__l1_ratio': 0.7999999999999999, 'model__max_iter': 100000.0}",-42.99132642720797,-17.93325150156663,-33.49985930001064,-102.21015708333253,-49.15864857802944,31.908938878613732,948
577,0.004841864109039307,0.0003806005714703198,0.001587212085723877,7.983398594002064e-05,"ElasticNet(alpha=1.0, copy_X=True, fit_intercept=True, l1_ratio=0.5,
           max_iter=1000, normalize=False, positive=False, precompute=False,
           random_state=None, selection='cyclic', tol=0.0001, warm_start=False)",4.6991836734693875,100000.0,0.85,,,,,"{'model': ElasticNet(alpha=1.0, copy_X=True, fit_intercept=True, l1_ratio=0.5,
           max_iter=1000, normalize=False, positive=False, precompute=False,
           random_state=None, selection='cyclic', tol=0.0001, warm_start=False), 'model__alpha': 4.6991836734693875, 'model__l1_ratio': 0.85, 'model__max_iter': 100000.0}",-43.85787904460007,-18.25369286424389,-34.17402655437505,-102.21015708333253,-49.62393888663789,31.707057246425734,979
578,0.0048084259033203125,0.0004332129221329619,0.0015253424644470215,3.6931174504573554e-05,"ElasticNet(alpha=1.0, copy_X=True, fit_intercept=True, l1_ratio=0.5,
           max_iter=1000, normalize=False, positive=False, precompute=False,
           random_state=None, selection='cyclic', tol=0.0001, warm_start=False)",4.6991836734693875,100000.0,0.9,,,,,"{'model': ElasticNet(alpha=1.0, copy_X=True, fit_intercept=True, l1_ratio=0.5,
           max_iter=1000, normalize=False, positive=False, precompute=False,
           random_state=None, selection='cyclic', tol=0.0001, warm_start=False), 'model__alpha': 4.6991836734693875, 'model__l1_ratio': 0.9, 'model__max_iter': 100000.0}",-44.773401727903824,-18.40940166844111,-35.05051035727051,-102.21015708333253,-50.110867709237,31.52230087212979,1005
579,0.004873692989349365,0.0011818946366614546,0.0014302730560302734,0.00016225474760308797,"ElasticNet(alpha=1.0, copy_X=True, fit_intercept=True, l1_ratio=0.5,
           max_iter=1000, normalize=False, positive=False, precompute=False,
           random_state=None, selection='cyclic', tol=0.0001, warm_start=False)",4.6991836734693875,100000.0,0.95,,,,,"{'model': ElasticNet(alpha=1.0, copy_X=True, fit_intercept=True, l1_ratio=0.5,
           max_iter=1000, normalize=False, positive=False, precompute=False,
           random_state=None, selection='cyclic', tol=0.0001, warm_start=False), 'model__alpha': 4.6991836734693875, 'model__l1_ratio': 0.95, 'model__max_iter': 100000.0}",-45.43685876121484,-18.331186228025206,-35.88176893104496,-102.21015708333253,-50.464992750904386,31.416938511884847,1028
580,0.005161762237548828,0.00024057190753709663,0.0015795230865478516,9.209178022758276e-05,"ElasticNet(alpha=1.0, copy_X=True, fit_intercept=True, l1_ratio=0.5,
           max_iter=1000, normalize=False, positive=False, precompute=False,
           random_state=None, selection='cyclic', tol=0.0001, warm_start=False)",4.6991836734693875,100000.0,1.0,,,,,"{'model': ElasticNet(alpha=1.0, copy_X=True, fit_intercept=True, l1_ratio=0.5,
           max_iter=1000, normalize=False, positive=False, precompute=False,
           random_state=None, selection='cyclic', tol=0.0001, warm_start=False), 'model__alpha': 4.6991836734693875, 'model__l1_ratio': 1.0, 'model__max_iter': 100000.0}",-45.519004245448016,-18.22776655808027,-36.75946369948425,-102.21015708333253,-50.67909789658627,31.340555791255113,1043
581,0.0054819583892822266,0.0008185104449197438,0.0015102624893188477,0.0003074157038283562,"ElasticNet(alpha=1.0, copy_X=True, fit_intercept=True, l1_ratio=0.5,
           max_iter=1000, normalize=False, positive=False, precompute=False,
           random_state=None, selection='cyclic', tol=0.0001, warm_start=False)",4.903061224489796,100000.0,0.05,,,,,"{'model': ElasticNet(alpha=1.0, copy_X=True, fit_intercept=True, l1_ratio=0.5,
           max_iter=1000, normalize=False, positive=False, precompute=False,
           random_state=None, selection='cyclic', tol=0.0001, warm_start=False), 'model__alpha': 4.903061224489796, 'model__l1_ratio': 0.05, 'model__max_iter': 100000.0}",-24.79460734693306,-9.005094054989955,-16.33980619476096,-49.8838293795796,-25.005834244065895,15.411708110348817,360
582,0.005106031894683838,0.0006297785896529327,0.0016068220138549805,0.00010297260893788406,"ElasticNet(alpha=1.0, copy_X=True, fit_intercept=True, l1_ratio=0.5,
           max_iter=1000, normalize=False, positive=False, precompute=False,
           random_state=None, selection='cyclic', tol=0.0001, warm_start=False)",4.903061224489796,100000.0,0.1,,,,,"{'model': ElasticNet(alpha=1.0, copy_X=True, fit_intercept=True, l1_ratio=0.5,
           max_iter=1000, normalize=False, positive=False, precompute=False,
           random_state=None, selection='cyclic', tol=0.0001, warm_start=False), 'model__alpha': 4.903061224489796, 'model__l1_ratio': 0.1, 'model__max_iter': 100000.0}",-26.473187486383928,-9.864267109098671,-17.29688567027824,-56.16332171974766,-27.449415496377124,17.590855134163046,388
583,0.005666792392730713,0.0010993554670865237,0.0016164779663085938,7.279638032503484e-05,"ElasticNet(alpha=1.0, copy_X=True, fit_intercept=True, l1_ratio=0.5,
           max_iter=1000, normalize=False, positive=False, precompute=False,
           random_state=None, selection='cyclic', tol=0.0001, warm_start=False)",4.903061224489796,100000.0,0.15,,,,,"{'model': ElasticNet(alpha=1.0, copy_X=True, fit_intercept=True, l1_ratio=0.5,
           max_iter=1000, normalize=False, positive=False, precompute=False,
           random_state=None, selection='cyclic', tol=0.0001, warm_start=False), 'model__alpha': 4.903061224489796, 'model__l1_ratio': 0.15, 'model__max_iter': 100000.0}",-28.374361091095146,-10.765957590935445,-18.338922540772256,-62.60775476068557,-30.0217489958721,19.8231909340025,449
584,0.004718124866485596,0.00023123796129326517,0.0016552209854125977,0.0001037976169836075,"ElasticNet(alpha=1.0, copy_X=True, fit_intercept=True, l1_ratio=0.5,
           max_iter=1000, normalize=False, positive=False, precompute=False,
           random_state=None, selection='cyclic', tol=0.0001, warm_start=False)",4.903061224489796,100000.0,0.2,,,,,"{'model': ElasticNet(alpha=1.0, copy_X=True, fit_intercept=True, l1_ratio=0.5,
           max_iter=1000, normalize=False, positive=False, precompute=False,
           random_state=None, selection='cyclic', tol=0.0001, warm_start=False), 'model__alpha': 4.903061224489796, 'model__l1_ratio': 0.2, 'model__max_iter': 100000.0}",-30.406370021699015,-11.774036989051702,-19.49740618902418,-69.92445523354273,-32.900567108329405,22.377244627773138,539
585,0.004862844944000244,8.414645484754123e-05,0.001723647117614746,0.0002807375225542752,"ElasticNet(alpha=1.0, copy_X=True, fit_intercept=True, l1_ratio=0.5,
           max_iter=1000, normalize=False, positive=False, precompute=False,
           random_state=None, selection='cyclic', tol=0.0001, warm_start=False)",4.903061224489796,100000.0,0.25,,,,,"{'model': ElasticNet(alpha=1.0, copy_X=True, fit_intercept=True, l1_ratio=0.5,
           max_iter=1000, normalize=False, positive=False, precompute=False,
           random_state=None, selection='cyclic', tol=0.0001, warm_start=False), 'model__alpha': 4.903061224489796, 'model__l1_ratio': 0.25, 'model__max_iter': 100000.0}",-32.54322464719342,-12.854077794807807,-20.789194977502607,-77.48077623388922,-35.91681841334827,24.998393549694192,601
586,0.004571735858917236,0.00039967717108703443,0.0014264583587646484,0.00030839196677120214,"ElasticNet(alpha=1.0, copy_X=True, fit_intercept=True, l1_ratio=0.5,
           max_iter=1000, normalize=False, positive=False, precompute=False,
           random_state=None, selection='cyclic', tol=0.0001, warm_start=False)",4.903061224489796,100000.0,0.3,,,,,"{'model': ElasticNet(alpha=1.0, copy_X=True, fit_intercept=True, l1_ratio=0.5,
           max_iter=1000, normalize=False, positive=False, precompute=False,
           random_state=None, selection='cyclic', tol=0.0001, warm_start=False), 'model__alpha': 4.903061224489796, 'model__l1_ratio': 0.3, 'model__max_iter': 100000.0}",-34.62949720855014,-14.038496032268338,-22.406863318947806,-85.48999231987845,-39.14121221991118,27.743241439291943,648
587,0.00427323579788208,0.0002228765758216896,0.0014821290969848633,4.644957499413256e-05,"ElasticNet(alpha=1.0, copy_X=True, fit_intercept=True, l1_ratio=0.5,
           max_iter=1000, normalize=False, positive=False, precompute=False,
           random_state=None, selection='cyclic', tol=0.0001, warm_start=False)",4.903061224489796,100000.0,0.35,,,,,"{'model': ElasticNet(alpha=1.0, copy_X=True, fit_intercept=True, l1_ratio=0.5,
           max_iter=1000, normalize=False, positive=False, precompute=False,
           random_state=None, selection='cyclic', tol=0.0001, warm_start=False), 'model__alpha': 4.903061224489796, 'model__l1_ratio': 0.35, 'model__max_iter': 100000.0}",-35.903243024124215,-15.302488084086656,-24.177332254333923,-94.73522842329862,-42.52957294646085,31.01393880390969,694
588,0.005066037178039551,0.00020031080685436428,0.0013352632522583008,0.0002429935969914508,"ElasticNet(alpha=1.0, copy_X=True, fit_intercept=True, l1_ratio=0.5,
           max_iter=1000, normalize=False, positive=False, precompute=False,
           random_state=None, selection='cyclic', tol=0.0001, warm_start=False)",4.903061224489796,100000.0,0.39999999999999997,,,,,"{'model': ElasticNet(alpha=1.0, copy_X=True, fit_intercept=True, l1_ratio=0.5,
           max_iter=1000, normalize=False, positive=False, precompute=False,
           random_state=None, selection='cyclic', tol=0.0001, warm_start=False), 'model__alpha': 4.903061224489796, 'model__l1_ratio': 0.39999999999999997, 'model__max_iter': 100000.0}",-37.000751350061286,-16.087035170766306,-26.039701651617452,-102.92287189945192,-45.51259001797424,33.96118564852359,731
589,0.004735827445983887,0.0002536276460710185,0.0015767216682434082,8.517107477173504e-05,"ElasticNet(alpha=1.0, copy_X=True, fit_intercept=True, l1_ratio=0.5,
           max_iter=1000, normalize=False, positive=False, precompute=False,
           random_state=None, selection='cyclic', tol=0.0001, warm_start=False)",4.903061224489796,100000.0,0.44999999999999996,,,,,"{'model': ElasticNet(alpha=1.0, copy_X=True, fit_intercept=True, l1_ratio=0.5,
           max_iter=1000, normalize=False, positive=False, precompute=False,
           random_state=None, selection='cyclic', tol=0.0001, warm_start=False), 'model__alpha': 4.903061224489796, 'model__l1_ratio': 0.44999999999999996, 'model__max_iter': 100000.0}",-37.834479419887394,-16.649471135348403,-27.505383112106326,-104.52503748264157,-46.62859278749592,34.25558210563493,758
590,0.004466056823730469,0.00012932103728608023,0.0012302398681640625,0.0002681174078593044,"ElasticNet(alpha=1.0, copy_X=True, fit_intercept=True, l1_ratio=0.5,
           max_iter=1000, normalize=False, positive=False, precompute=False,
           random_state=None, selection='cyclic', tol=0.0001, warm_start=False)",4.903061224489796,100000.0,0.49999999999999994,,,,,"{'model': ElasticNet(alpha=1.0, copy_X=True, fit_intercept=True, l1_ratio=0.5,
           max_iter=1000, normalize=False, positive=False, precompute=False,
           random_state=None, selection='cyclic', tol=0.0001, warm_start=False), 'model__alpha': 4.903061224489796, 'model__l1_ratio': 0.49999999999999994, 'model__max_iter': 100000.0}",-38.77025740195906,-17.073884070149298,-28.80467246491904,-104.76091594046248,-47.352432469372474,34.022777655877285,786
591,0.004792213439941406,0.00014030594080255532,0.0016127824783325195,0.0001855661365082853,"ElasticNet(alpha=1.0, copy_X=True, fit_intercept=True, l1_ratio=0.5,
           max_iter=1000, normalize=False, positive=False, precompute=False,
           random_state=None, selection='cyclic', tol=0.0001, warm_start=False)",4.903061224489796,100000.0,0.5499999999999999,,,,,"{'model': ElasticNet(alpha=1.0, copy_X=True, fit_intercept=True, l1_ratio=0.5,
           max_iter=1000, normalize=False, positive=False, precompute=False,
           random_state=None, selection='cyclic', tol=0.0001, warm_start=False), 'model__alpha': 4.903061224489796, 'model__l1_ratio': 0.5499999999999999, 'model__max_iter': 100000.0}",-39.46187788922127,-17.165729346997985,-30.023178509116494,-105.24286692904933,-47.97341316859627,33.998385526428585,846
592,0.004671931266784668,0.0009422101575991611,0.0014345049858093262,0.0003468500498882253,"ElasticNet(alpha=1.0, copy_X=True, fit_intercept=True, l1_ratio=0.5,
           max_iter=1000, normalize=False, positive=False, precompute=False,
           random_state=None, selection='cyclic', tol=0.0001, warm_start=False)",4.903061224489796,100000.0,0.6,,,,,"{'model': ElasticNet(alpha=1.0, copy_X=True, fit_intercept=True, l1_ratio=0.5,
           max_iter=1000, normalize=False, positive=False, precompute=False,
           random_state=None, selection='cyclic', tol=0.0001, warm_start=False), 'model__alpha': 4.903061224489796, 'model__l1_ratio': 0.6, 'model__max_iter': 100000.0}",-40.161463312013616,-17.268728096962885,-30.885926897054638,-104.38262798456695,-48.17468657264952,33.457524957816595,861
593,0.004608035087585449,0.00016230654503398764,0.0015451908111572266,3.556075249044887e-05,"ElasticNet(alpha=1.0, copy_X=True, fit_intercept=True, l1_ratio=0.5,
           max_iter=1000, normalize=False, positive=False, precompute=False,
           random_state=None, selection='cyclic', tol=0.0001, warm_start=False)",4.903061224489796,100000.0,0.65,,,,,"{'model': ElasticNet(alpha=1.0, copy_X=True, fit_intercept=True, l1_ratio=0.5,
           max_iter=1000, normalize=False, positive=False, precompute=False,
           random_state=None, selection='cyclic', tol=0.0001, warm_start=False), 'model__alpha': 4.903061224489796, 'model__l1_ratio': 0.65, 'model__max_iter': 100000.0}",-40.94256016269227,-17.385673474050726,-31.793461281573496,-103.47667593305202,-48.39959271284213,32.888900932391934,884
594,0.004012465476989746,0.0004649645370670512,0.0015190839767456055,0.00042163253929098987,"ElasticNet(alpha=1.0, copy_X=True, fit_intercept=True, l1_ratio=0.5,
           max_iter=1000, normalize=False, positive=False, precompute=False,
           random_state=None, selection='cyclic', tol=0.0001, warm_start=False)",4.903061224489796,100000.0,0.7,,,,,"{'model': ElasticNet(alpha=1.0, copy_X=True, fit_intercept=True, l1_ratio=0.5,
           max_iter=1000, normalize=False, positive=False, precompute=False,
           random_state=None, selection='cyclic', tol=0.0001, warm_start=False), 'model__alpha': 4.903061224489796, 'model__l1_ratio': 0.7, 'model__max_iter': 100000.0}",-41.82108574188217,-17.55225148998862,-32.69858026772018,-102.70293201354966,-48.693712378285156,32.36457801356819,911
595,0.004755914211273193,0.00030582661142603283,0.0015097260475158691,0.0004460669012341468,"ElasticNet(alpha=1.0, copy_X=True, fit_intercept=True, l1_ratio=0.5,
           max_iter=1000, normalize=False, positive=False, precompute=False,
           random_state=None, selection='cyclic', tol=0.0001, warm_start=False)",4.903061224489796,100000.0,0.75,,,,,"{'model': ElasticNet(alpha=1.0, copy_X=True, fit_intercept=True, l1_ratio=0.5,
           max_iter=1000, normalize=False, positive=False, precompute=False,
           random_state=None, selection='cyclic', tol=0.0001, warm_start=False), 'model__alpha': 4.903061224489796, 'model__l1_ratio': 0.75, 'model__max_iter': 100000.0}",-42.77095088395342,-17.789136898650792,-33.54726482430007,-102.21015708333253,-49.079377422559205,31.949184913561062,940
596,0.0046578049659729,0.00014282928338608738,0.0016452670097351074,0.00011444630399089658,"ElasticNet(alpha=1.0, copy_X=True, fit_intercept=True, l1_ratio=0.5,
           max_iter=1000, normalize=False, positive=False, precompute=False,
           random_state=None, selection='cyclic', tol=0.0001, warm_start=False)",4.903061224489796,100000.0,0.7999999999999999,,,,,"{'model': ElasticNet(alpha=1.0, copy_X=True, fit_intercept=True, l1_ratio=0.5,
           max_iter=1000, normalize=False, positive=False, precompute=False,
           random_state=None, selection='cyclic', tol=0.0001, warm_start=False), 'model__alpha': 4.903061224489796, 'model__l1_ratio': 0.7999999999999999, 'model__max_iter': 100000.0}",-43.70336741675684,-18.083327741620487,-34.17895257788976,-102.21015708333253,-49.543951204899905,31.755691112468494,971
597,0.004320919513702393,0.0008321690030208698,0.0012316107749938965,0.0003566465573883848,"ElasticNet(alpha=1.0, copy_X=True, fit_intercept=True, l1_ratio=0.5,
           max_iter=1000, normalize=False, positive=False, precompute=False,
           random_state=None, selection='cyclic', tol=0.0001, warm_start=False)",4.903061224489796,100000.0,0.85,,,,,"{'model': ElasticNet(alpha=1.0, copy_X=True, fit_intercept=True, l1_ratio=0.5,
           max_iter=1000, normalize=False, positive=False, precompute=False,
           random_state=None, selection='cyclic', tol=0.0001, warm_start=False), 'model__alpha': 4.903061224489796, 'model__l1_ratio': 0.85, 'model__max_iter': 100000.0}",-44.55675461424069,-18.3688621377681,-34.97425883402657,-102.21015708333253,-50.02750816734198,31.550864394835187,1001
598,0.004522264003753662,8.378375821183924e-05,0.0015965104103088379,0.00011833398559648959,"ElasticNet(alpha=1.0, copy_X=True, fit_intercept=True, l1_ratio=0.5,
           max_iter=1000, normalize=False, positive=False, precompute=False,
           random_state=None, selection='cyclic', tol=0.0001, warm_start=False)",4.903061224489796,100000.0,0.9,,,,,"{'model': ElasticNet(alpha=1.0, copy_X=True, fit_intercept=True, l1_ratio=0.5,
           max_iter=1000, normalize=False, positive=False, precompute=False,
           random_state=None, selection='cyclic', tol=0.0001, warm_start=False), 'model__alpha': 4.903061224489796, 'model__l1_ratio': 0.9, 'model__max_iter': 100000.0}",-45.31216395456067,-18.33422748262793,-36.01202337366369,-102.21015708333253,-50.4671429735462,31.406162048414682,1029
599,0.004574000835418701,0.00017052324273030667,0.001449286937713623,8.502044222342212e-05,"ElasticNet(alpha=1.0, copy_X=True, fit_intercept=True, l1_ratio=0.5,
           max_iter=1000, normalize=False, positive=False, precompute=False,
           random_state=None, selection='cyclic', tol=0.0001, warm_start=False)",4.903061224489796,100000.0,0.95,,,,,"{'model': ElasticNet(alpha=1.0, copy_X=True, fit_intercept=True, l1_ratio=0.5,
           max_iter=1000, normalize=False, positive=False, precompute=False,
           random_state=None, selection='cyclic', tol=0.0001, warm_start=False), 'model__alpha': 4.903061224489796, 'model__l1_ratio': 0.95, 'model__max_iter': 100000.0}",-45.519004245448016,-18.247328391709956,-36.79420457000642,-102.21015708333253,-50.69267357262423,31.331636671695236,1046
600,0.005531251430511475,0.0004911024396620121,0.0019552111625671387,0.0008192952821367626,"ElasticNet(alpha=1.0, copy_X=True, fit_intercept=True, l1_ratio=0.5,
           max_iter=1000, normalize=False, positive=False, precompute=False,
           random_state=None, selection='cyclic', tol=0.0001, warm_start=False)",4.903061224489796,100000.0,1.0,,,,,"{'model': ElasticNet(alpha=1.0, copy_X=True, fit_intercept=True, l1_ratio=0.5,
           max_iter=1000, normalize=False, positive=False, precompute=False,
           random_state=None, selection='cyclic', tol=0.0001, warm_start=False), 'model__alpha': 4.903061224489796, 'model__l1_ratio': 1.0, 'model__max_iter': 100000.0}",-45.519004245448016,-18.15500740066732,-37.97678979078923,-102.21015708333253,-50.96523963005927,31.228649557862916,1277
601,0.005263328552246094,0.0012619873419043106,0.0015197396278381348,5.710495153345671e-05,"ElasticNet(alpha=1.0, copy_X=True, fit_intercept=True, l1_ratio=0.5,
           max_iter=1000, normalize=False, positive=False, precompute=False,
           random_state=None, selection='cyclic', tol=0.0001, warm_start=False)",5.106938775510204,100000.0,0.05,,,,,"{'model': ElasticNet(alpha=1.0, copy_X=True, fit_intercept=True, l1_ratio=0.5,
           max_iter=1000, normalize=False, positive=False, precompute=False,
           random_state=None, selection='cyclic', tol=0.0001, warm_start=False), 'model__alpha': 5.106938775510204, 'model__l1_ratio': 0.05, 'model__max_iter': 100000.0}",-25.233588265400286,-9.214287625669447,-16.720341853124275,-51.19176952768489,-25.589996817969727,15.830448696124,364
602,0.004655718803405762,0.00017217853746182826,0.0013778209686279297,0.00015977985337299063,"ElasticNet(alpha=1.0, copy_X=True, fit_intercept=True, l1_ratio=0.5,
           max_iter=1000, normalize=False, positive=False, precompute=False,
           random_state=None, selection='cyclic', tol=0.0001, warm_start=False)",5.106938775510204,100000.0,0.1,,,,,"{'model': ElasticNet(alpha=1.0, copy_X=True, fit_intercept=True, l1_ratio=0.5,
           max_iter=1000, normalize=False, positive=False, precompute=False,
           random_state=None, selection='cyclic', tol=0.0001, warm_start=False), 'model__alpha': 5.106938775510204, 'model__l1_ratio': 0.1, 'model__max_iter': 100000.0}",-26.971760902938332,-10.111340327291527,-17.719849713077828,-57.66251714662103,-28.11636702248218,18.073140767353635,396
603,0.005239725112915039,0.0005660537851557345,0.0016722679138183594,0.00026370415171633114,"ElasticNet(alpha=1.0, copy_X=True, fit_intercept=True, l1_ratio=0.5,
           max_iter=1000, normalize=False, positive=False, precompute=False,
           random_state=None, selection='cyclic', tol=0.0001, warm_start=False)",5.106938775510204,100000.0,0.15,,,,,"{'model': ElasticNet(alpha=1.0, copy_X=True, fit_intercept=True, l1_ratio=0.5,
           max_iter=1000, normalize=False, positive=False, precompute=False,
           random_state=None, selection='cyclic', tol=0.0001, warm_start=False), 'model__alpha': 5.106938775510204, 'model__l1_ratio': 0.15, 'model__max_iter': 100000.0}",-28.941267110130532,-11.051118070759735,-18.812584489928405,-64.36271815464184,-30.79192195636513,20.393792835877964,473
604,0.005360960960388184,0.0011313994908648285,0.0013099908828735352,0.0004629543830481343,"ElasticNet(alpha=1.0, copy_X=True, fit_intercept=True, l1_ratio=0.5,
           max_iter=1000, normalize=False, positive=False, precompute=False,
           random_state=None, selection='cyclic', tol=0.0001, warm_start=False)",5.106938775510204,100000.0,0.2,,,,,"{'model': ElasticNet(alpha=1.0, copy_X=True, fit_intercept=True, l1_ratio=0.5,
           max_iter=1000, normalize=False, positive=False, precompute=False,
           random_state=None, selection='cyclic', tol=0.0001, warm_start=False), 'model__alpha': 5.106938775510204, 'model__l1_ratio': 0.2, 'model__max_iter': 100000.0}",-31.023592852056513,-12.108887865702085,-20.029254276441964,-72.01702958557877,-33.794691144944835,23.067224896300186,556
605,0.0045754313468933105,0.00012018689499605598,0.0015186667442321777,2.733839661214498e-05,"ElasticNet(alpha=1.0, copy_X=True, fit_intercept=True, l1_ratio=0.5,
           max_iter=1000, normalize=False, positive=False, precompute=False,
           random_state=None, selection='cyclic', tol=0.0001, warm_start=False)",5.106938775510204,100000.0,0.25,,,,,"{'model': ElasticNet(alpha=1.0, copy_X=True, fit_intercept=True, l1_ratio=0.5,
           max_iter=1000, normalize=False, positive=False, precompute=False,
           random_state=None, selection='cyclic', tol=0.0001, warm_start=False), 'model__alpha': 5.106938775510204, 'model__l1_ratio': 0.25, 'model__max_iter': 100000.0}",-33.250439743423456,-13.230150269761925,-21.401478162719346,-79.70870686972671,-36.89769376140786,25.721443476418372,616
606,0.004397928714752197,0.0007078519604918895,0.0015199780464172363,0.00036012948308660435,"ElasticNet(alpha=1.0, copy_X=True, fit_intercept=True, l1_ratio=0.5,
           max_iter=1000, normalize=False, positive=False, precompute=False,
           random_state=None, selection='cyclic', tol=0.0001, warm_start=False)",5.106938775510204,100000.0,0.3,,,,,"{'model': ElasticNet(alpha=1.0, copy_X=True, fit_intercept=True, l1_ratio=0.5,
           max_iter=1000, normalize=False, positive=False, precompute=False,
           random_state=None, selection='cyclic', tol=0.0001, warm_start=False), 'model__alpha': 5.106938775510204, 'model__l1_ratio': 0.3, 'model__max_iter': 100000.0}",-35.2410050040035,-14.476457414162146,-23.12277212356474,-88.1163051204876,-40.239134915554494,28.6089590719089,664
607,0.004674196243286133,0.00039368419821540914,0.0013927221298217773,0.0002687807862346557,"ElasticNet(alpha=1.0, copy_X=True, fit_intercept=True, l1_ratio=0.5,
           max_iter=1000, normalize=False, positive=False, precompute=False,
           random_state=None, selection='cyclic', tol=0.0001, warm_start=False)",5.106938775510204,100000.0,0.35,,,,,"{'model': ElasticNet(alpha=1.0, copy_X=True, fit_intercept=True, l1_ratio=0.5,
           max_iter=1000, normalize=False, positive=False, precompute=False,
           random_state=None, selection='cyclic', tol=0.0001, warm_start=False), 'model__alpha': 5.106938775510204, 'model__l1_ratio': 0.35, 'model__max_iter': 100000.0}",-36.46482315805323,-15.689414854476444,-24.943352931430308,-97.84105136058108,-43.73466057613527,32.093617396573876,707
608,0.004679977893829346,0.00016454737451620944,0.001550912857055664,9.5523765695408e-05,"ElasticNet(alpha=1.0, copy_X=True, fit_intercept=True, l1_ratio=0.5,
           max_iter=1000, normalize=False, positive=False, precompute=False,
           random_state=None, selection='cyclic', tol=0.0001, warm_start=False)",5.106938775510204,100000.0,0.39999999999999997,,,,,"{'model': ElasticNet(alpha=1.0, copy_X=True, fit_intercept=True, l1_ratio=0.5,
           max_iter=1000, normalize=False, positive=False, precompute=False,
           random_state=None, selection='cyclic', tol=0.0001, warm_start=False), 'model__alpha': 5.106938775510204, 'model__l1_ratio': 0.39999999999999997, 'model__max_iter': 100000.0}",-37.464166491490566,-16.405136181292228,-26.798155149548144,-104.3118319197682,-46.24482243552478,34.341874051707,746
609,0.004756033420562744,0.00041746141336674073,0.0014429092407226562,0.00014106353123758878,"ElasticNet(alpha=1.0, copy_X=True, fit_intercept=True, l1_ratio=0.5,
           max_iter=1000, normalize=False, positive=False, precompute=False,
           random_state=None, selection='cyclic', tol=0.0001, warm_start=False)",5.106938775510204,100000.0,0.44999999999999996,,,,,"{'model': ElasticNet(alpha=1.0, copy_X=True, fit_intercept=True, l1_ratio=0.5,
           max_iter=1000, normalize=False, positive=False, precompute=False,
           random_state=None, selection='cyclic', tol=0.0001, warm_start=False), 'model__alpha': 5.106938775510204, 'model__l1_ratio': 0.44999999999999996, 'model__max_iter': 100000.0}",-38.347273515182,-16.819676740393387,-28.09992303205168,-104.4858571739694,-46.938182615399114,34.0864452038477,766
610,0.0048024654388427734,0.0002835967702011957,0.0014957785606384277,0.00030159608057779715,"ElasticNet(alpha=1.0, copy_X=True, fit_intercept=True, l1_ratio=0.5,
           max_iter=1000, normalize=False, positive=False, precompute=False,
           random_state=None, selection='cyclic', tol=0.0001, warm_start=False)",5.106938775510204,100000.0,0.49999999999999994,,,,,"{'model': ElasticNet(alpha=1.0, copy_X=True, fit_intercept=True, l1_ratio=0.5,
           max_iter=1000, normalize=False, positive=False, precompute=False,
           random_state=None, selection='cyclic', tol=0.0001, warm_start=False), 'model__alpha': 5.106938775510204, 'model__l1_ratio': 0.49999999999999994, 'model__max_iter': 100000.0}",-39.25379983991116,-17.129648583875152,-29.50524461188507,-104.77273579509853,-47.66535720769248,33.89036063959734,808
611,0.004654586315155029,0.00023108015106226184,0.0015619397163391113,0.00015833644894489018,"ElasticNet(alpha=1.0, copy_X=True, fit_intercept=True, l1_ratio=0.5,
           max_iter=1000, normalize=False, positive=False, precompute=False,
           random_state=None, selection='cyclic', tol=0.0001, warm_start=False)",5.106938775510204,100000.0,0.5499999999999999,,,,,"{'model': ElasticNet(alpha=1.0, copy_X=True, fit_intercept=True, l1_ratio=0.5,
           max_iter=1000, normalize=False, positive=False, precompute=False,
           random_state=None, selection='cyclic', tol=0.0001, warm_start=False), 'model__alpha': 5.106938775510204, 'model__l1_ratio': 0.5499999999999999, 'model__max_iter': 100000.0}",-39.92868696399356,-17.227514316626763,-30.587495763625057,-104.81052673846109,-48.138555945676615,33.699578744924494,859
612,0.004327654838562012,0.000499639240361186,0.0013992786407470703,0.00025353005037776643,"ElasticNet(alpha=1.0, copy_X=True, fit_intercept=True, l1_ratio=0.5,
           max_iter=1000, normalize=False, positive=False, precompute=False,
           random_state=None, selection='cyclic', tol=0.0001, warm_start=False)",5.106938775510204,100000.0,0.6,,,,,"{'model': ElasticNet(alpha=1.0, copy_X=True, fit_intercept=True, l1_ratio=0.5,
           max_iter=1000, normalize=False, positive=False, precompute=False,
           random_state=None, selection='cyclic', tol=0.0001, warm_start=False), 'model__alpha': 5.106938775510204, 'model__l1_ratio': 0.6, 'model__max_iter': 100000.0}",-40.679781091900274,-17.337530783698398,-31.471851444462043,-103.86318484346525,-48.33808704088149,33.117935199236804,879
613,0.004941284656524658,0.0004529674852452361,0.0016292929649353027,5.45153804419563e-05,"ElasticNet(alpha=1.0, copy_X=True, fit_intercept=True, l1_ratio=0.5,
           max_iter=1000, normalize=False, positive=False, precompute=False,
           random_state=None, selection='cyclic', tol=0.0001, warm_start=False)",5.106938775510204,100000.0,0.65,,,,,"{'model': ElasticNet(alpha=1.0, copy_X=True, fit_intercept=True, l1_ratio=0.5,
           max_iter=1000, normalize=False, positive=False, precompute=False,
           random_state=None, selection='cyclic', tol=0.0001, warm_start=False), 'model__alpha': 5.106938775510204, 'model__l1_ratio': 0.65, 'model__max_iter': 100000.0}",-41.52074124847097,-17.462679354013357,-32.4089713253471,-102.99806378238979,-48.5976139275553,32.56127827468195,903
614,0.004835963249206543,0.0002389664613326341,0.0015602707862854004,5.836396605247931e-05,"ElasticNet(alpha=1.0, copy_X=True, fit_intercept=True, l1_ratio=0.5,
           max_iter=1000, normalize=False, positive=False, precompute=False,
           random_state=None, selection='cyclic', tol=0.0001, warm_start=False)",5.106938775510204,100000.0,0.7,,,,,"{'model': ElasticNet(alpha=1.0, copy_X=True, fit_intercept=True, l1_ratio=0.5,
           max_iter=1000, normalize=False, positive=False, precompute=False,
           random_state=None, selection='cyclic', tol=0.0001, warm_start=False), 'model__alpha': 5.106938775510204, 'model__l1_ratio': 0.7, 'model__max_iter': 100000.0}",-42.46935847111484,-17.66805333058044,-33.42463392671047,-102.26016969021944,-48.9555538546563,32.02955651731208,932
615,0.004830360412597656,0.0003654206725264544,0.001678466796875,0.0002226115307231106,"ElasticNet(alpha=1.0, copy_X=True, fit_intercept=True, l1_ratio=0.5,
           max_iter=1000, normalize=False, positive=False, precompute=False,
           random_state=None, selection='cyclic', tol=0.0001, warm_start=False)",5.106938775510204,100000.0,0.75,,,,,"{'model': ElasticNet(alpha=1.0, copy_X=True, fit_intercept=True, l1_ratio=0.5,
           max_iter=1000, normalize=False, positive=False, precompute=False,
           random_state=None, selection='cyclic', tol=0.0001, warm_start=False), 'model__alpha': 5.106938775510204, 'model__l1_ratio': 0.75, 'model__max_iter': 100000.0}",-43.40562432963013,-17.91940909428518,-34.14195315440288,-102.21015708333253,-49.41928591541268,31.814616689397095,967
616,0.004812479019165039,0.00032860130941854095,0.0017064809799194336,0.0003226696440219238,"ElasticNet(alpha=1.0, copy_X=True, fit_intercept=True, l1_ratio=0.5,
           max_iter=1000, normalize=False, positive=False, precompute=False,
           random_state=None, selection='cyclic', tol=0.0001, warm_start=False)",5.106938775510204,100000.0,0.7999999999999999,,,,,"{'model': ElasticNet(alpha=1.0, copy_X=True, fit_intercept=True, l1_ratio=0.5,
           max_iter=1000, normalize=False, positive=False, precompute=False,
           random_state=None, selection='cyclic', tol=0.0001, warm_start=False), 'model__alpha': 5.106938775510204, 'model__l1_ratio': 0.7999999999999999, 'model__max_iter': 100000.0}",-44.31521129089345,-18.191110325699036,-34.8735511242508,-102.21015708333253,-49.897507456043954,31.61799418191199,993
617,0.004231572151184082,0.0004984678106218646,0.0013679862022399902,0.00024745634053174984,"ElasticNet(alpha=1.0, copy_X=True, fit_intercept=True, l1_ratio=0.5,
           max_iter=1000, normalize=False, positive=False, precompute=False,
           random_state=None, selection='cyclic', tol=0.0001, warm_start=False)",5.106938775510204,100000.0,0.85,,,,,"{'model': ElasticNet(alpha=1.0, copy_X=True, fit_intercept=True, l1_ratio=0.5,
           max_iter=1000, normalize=False, positive=False, precompute=False,
           random_state=None, selection='cyclic', tol=0.0001, warm_start=False), 'model__alpha': 5.106938775510204, 'model__l1_ratio': 0.85, 'model__max_iter': 100000.0}",-45.17893390289555,-18.340549458750072,-35.799757339848234,-102.21015708333253,-50.382349446206604,31.434559471877026,1022
618,0.004563331604003906,2.8041815825851714e-05,0.0014142394065856934,0.00018117014887082555,"ElasticNet(alpha=1.0, copy_X=True, fit_intercept=True, l1_ratio=0.5,
           max_iter=1000, normalize=False, positive=False, precompute=False,
           random_state=None, selection='cyclic', tol=0.0001, warm_start=False)",5.106938775510204,100000.0,0.9,,,,,"{'model': ElasticNet(alpha=1.0, copy_X=True, fit_intercept=True, l1_ratio=0.5,
           max_iter=1000, normalize=False, positive=False, precompute=False,
           random_state=None, selection='cyclic', tol=0.0001, warm_start=False), 'model__alpha': 5.106938775510204, 'model__l1_ratio': 0.9, 'model__max_iter': 100000.0}",-45.519004245448016,-18.262136266330284,-36.75257046805824,-102.21015708333253,-50.68596701579227,31.332427316648726,1045
619,0.004841446876525879,0.0011067324506788404,0.0014458298683166504,0.00041370623005417516,"ElasticNet(alpha=1.0, copy_X=True, fit_intercept=True, l1_ratio=0.5,
           max_iter=1000, normalize=False, positive=False, precompute=False,
           random_state=None, selection='cyclic', tol=0.0001, warm_start=False)",5.106938775510204,100000.0,0.95,,,,,"{'model': ElasticNet(alpha=1.0, copy_X=True, fit_intercept=True, l1_ratio=0.5,
           max_iter=1000, normalize=False, positive=False, precompute=False,
           random_state=None, selection='cyclic', tol=0.0001, warm_start=False), 'model__alpha': 5.106938775510204, 'model__l1_ratio': 0.95, 'model__max_iter': 100000.0}",-45.519004245448016,-18.166689699293958,-37.746467610704116,-102.21015708333253,-50.910579659694655,31.24968761871282,1066
620,0.00475621223449707,0.0003150398636388268,0.0014672279357910156,0.00032124729383715435,"ElasticNet(alpha=1.0, copy_X=True, fit_intercept=True, l1_ratio=0.5,
           max_iter=1000, normalize=False, positive=False, precompute=False,
           random_state=None, selection='cyclic', tol=0.0001, warm_start=False)",5.106938775510204,100000.0,1.0,,,,,"{'model': ElasticNet(alpha=1.0, copy_X=True, fit_intercept=True, l1_ratio=0.5,
           max_iter=1000, normalize=False, positive=False, precompute=False,
           random_state=None, selection='cyclic', tol=0.0001, warm_start=False), 'model__alpha': 5.106938775510204, 'model__l1_ratio': 1.0, 'model__max_iter': 100000.0}",-45.519004245448016,-18.141520790589244,-37.97678979078923,-102.21015708333253,-50.961867977539754,31.232192313641036,1075
621,0.0044782161712646484,0.0004702015454883391,0.0013322830200195312,0.0002739649934753809,"ElasticNet(alpha=1.0, copy_X=True, fit_intercept=True, l1_ratio=0.5,
           max_iter=1000, normalize=False, positive=False, precompute=False,
           random_state=None, selection='cyclic', tol=0.0001, warm_start=False)",5.310816326530612,100000.0,0.05,,,,,"{'model': ElasticNet(alpha=1.0, copy_X=True, fit_intercept=True, l1_ratio=0.5,
           max_iter=1000, normalize=False, positive=False, precompute=False,
           random_state=None, selection='cyclic', tol=0.0001, warm_start=False), 'model__alpha': 5.310816326530612, 'model__l1_ratio': 0.05, 'model__max_iter': 100000.0}",-25.654797849507872,-9.4173489477899,-17.091366738830402,-52.455006763048,-26.154630074794042,16.234523152982337,373
622,0.004495799541473389,7.210701309803566e-05,0.0013877153396606445,0.0002183268914512683,"ElasticNet(alpha=1.0, copy_X=True, fit_intercept=True, l1_ratio=0.5,
           max_iter=1000, normalize=False, positive=False, precompute=False,
           random_state=None, selection='cyclic', tol=0.0001, warm_start=False)",5.310816326530612,100000.0,0.1,,,,,"{'model': ElasticNet(alpha=1.0, copy_X=True, fit_intercept=True, l1_ratio=0.5,
           max_iter=1000, normalize=False, positive=False, precompute=False,
           random_state=None, selection='cyclic', tol=0.0001, warm_start=False), 'model__alpha': 5.310816326530612, 'model__l1_ratio': 0.1, 'model__max_iter': 100000.0}",-27.45573983427607,-10.35163333156125,-18.132909726936237,-59.118040491052646,-28.76458084595655,18.541269132473246,409
623,0.004773259162902832,0.00013116808907977714,0.001721024513244629,0.00023561211704121752,"ElasticNet(alpha=1.0, copy_X=True, fit_intercept=True, l1_ratio=0.5,
           max_iter=1000, normalize=False, positive=False, precompute=False,
           random_state=None, selection='cyclic', tol=0.0001, warm_start=False)",5.310816326530612,100000.0,0.15,,,,,"{'model': ElasticNet(alpha=1.0, copy_X=True, fit_intercept=True, l1_ratio=0.5,
           max_iter=1000, normalize=False, positive=False, precompute=False,
           random_state=None, selection='cyclic', tol=0.0001, warm_start=False), 'model__alpha': 5.310816326530612, 'model__l1_ratio': 0.15, 'model__max_iter': 100000.0}",-29.490566076222034,-11.329007698937799,-19.276036349529658,-66.07054812193255,-31.541539561655508,20.949033019101886,499
624,0.004832208156585693,0.0005004539544472999,0.0015450716018676758,2.9927705226679788e-05,"ElasticNet(alpha=1.0, copy_X=True, fit_intercept=True, l1_ratio=0.5,
           max_iter=1000, normalize=False, positive=False, precompute=False,
           random_state=None, selection='cyclic', tol=0.0001, warm_start=False)",5.310816326530612,100000.0,0.2,,,,,"{'model': ElasticNet(alpha=1.0, copy_X=True, fit_intercept=True, l1_ratio=0.5,
           max_iter=1000, normalize=False, positive=False, precompute=False,
           random_state=None, selection='cyclic', tol=0.0001, warm_start=False), 'model__alpha': 5.310816326530612, 'model__l1_ratio': 0.2, 'model__max_iter': 100000.0}",-31.62459303165392,-12.434340517808218,-20.550553064347387,-74.05710981409347,-34.66664910697575,23.74027281105394,581
625,0.004234731197357178,0.0006213816521466857,0.001209259033203125,0.0002642495948764703,"ElasticNet(alpha=1.0, copy_X=True, fit_intercept=True, l1_ratio=0.5,
           max_iter=1000, normalize=False, positive=False, precompute=False,
           random_state=None, selection='cyclic', tol=0.0001, warm_start=False)",5.310816326530612,100000.0,0.25,,,,,"{'model': ElasticNet(alpha=1.0, copy_X=True, fit_intercept=True, l1_ratio=0.5,
           max_iter=1000, normalize=False, positive=False, precompute=False,
           random_state=None, selection='cyclic', tol=0.0001, warm_start=False), 'model__alpha': 5.310816326530612, 'model__l1_ratio': 0.25, 'model__max_iter': 100000.0}",-33.940598540236344,-13.598760103860103,-22.010153391690476,-81.87848177373574,-37.856998452380665,26.423539733707813,629
626,0.004326343536376953,0.00046962145196884753,0.0013453960418701172,0.00026012881937187177,"ElasticNet(alpha=1.0, copy_X=True, fit_intercept=True, l1_ratio=0.5,
           max_iter=1000, normalize=False, positive=False, precompute=False,
           random_state=None, selection='cyclic', tol=0.0001, warm_start=False)",5.310816326530612,100000.0,0.3,,,,,"{'model': ElasticNet(alpha=1.0, copy_X=True, fit_intercept=True, l1_ratio=0.5,
           max_iter=1000, normalize=False, positive=False, precompute=False,
           random_state=None, selection='cyclic', tol=0.0001, warm_start=False), 'model__alpha': 5.310816326530612, 'model__l1_ratio': 0.3, 'model__max_iter': 100000.0}",-35.8163794665435,-14.887121751803063,-23.809547595409768,-90.67958349237433,-41.29815807653267,29.46170993482853,677
627,0.004297733306884766,0.0007646131597131232,0.0014092326164245605,0.0003235410999721293,"ElasticNet(alpha=1.0, copy_X=True, fit_intercept=True, l1_ratio=0.5,
           max_iter=1000, normalize=False, positive=False, precompute=False,
           random_state=None, selection='cyclic', tol=0.0001, warm_start=False)",5.310816326530612,100000.0,0.35,,,,,"{'model': ElasticNet(alpha=1.0, copy_X=True, fit_intercept=True, l1_ratio=0.5,
           max_iter=1000, normalize=False, positive=False, precompute=False,
           random_state=None, selection='cyclic', tol=0.0001, warm_start=False), 'model__alpha': 5.310816326530612, 'model__l1_ratio': 0.35, 'model__max_iter': 100000.0}",-36.987877014965946,-15.951949595867319,-25.694076947857248,-100.53912887302575,-44.79325810792906,33.03454963760825,722
628,0.004511535167694092,0.0002040740046599882,0.0013408064842224121,0.00027243782211585434,"ElasticNet(alpha=1.0, copy_X=True, fit_intercept=True, l1_ratio=0.5,
           max_iter=1000, normalize=False, positive=False, precompute=False,
           random_state=None, selection='cyclic', tol=0.0001, warm_start=False)",5.310816326530612,100000.0,0.39999999999999997,,,,,"{'model': ElasticNet(alpha=1.0, copy_X=True, fit_intercept=True, l1_ratio=0.5,
           max_iter=1000, normalize=False, positive=False, precompute=False,
           random_state=None, selection='cyclic', tol=0.0001, warm_start=False), 'model__alpha': 5.310816326530612, 'model__l1_ratio': 0.39999999999999997, 'model__max_iter': 100000.0}",-37.91701211633018,-16.575531171593944,-27.421604473552343,-104.41786721289172,-46.583003743592045,34.232946395035164,756
629,0.004429876804351807,0.0001826024359617233,0.0013439655303955078,0.0002470804561909935,"ElasticNet(alpha=1.0, copy_X=True, fit_intercept=True, l1_ratio=0.5,
           max_iter=1000, normalize=False, positive=False, precompute=False,
           random_state=None, selection='cyclic', tol=0.0001, warm_start=False)",5.310816326530612,100000.0,0.44999999999999996,,,,,"{'model': ElasticNet(alpha=1.0, copy_X=True, fit_intercept=True, l1_ratio=0.5,
           max_iter=1000, normalize=False, positive=False, precompute=False,
           random_state=None, selection='cyclic', tol=0.0001, warm_start=False), 'model__alpha': 5.310816326530612, 'model__l1_ratio': 0.44999999999999996, 'model__max_iter': 100000.0}",-38.84947082601808,-16.984498500356572,-28.699679327934746,-104.45217362661832,-47.24645557023193,33.92186789455347,780
630,0.004739165306091309,0.00015533089362836035,0.0013603568077087402,0.00024346420988636465,"ElasticNet(alpha=1.0, copy_X=True, fit_intercept=True, l1_ratio=0.5,
           max_iter=1000, normalize=False, positive=False, precompute=False,
           random_state=None, selection='cyclic', tol=0.0001, warm_start=False)",5.310816326530612,100000.0,0.49999999999999994,,,,,"{'model': ElasticNet(alpha=1.0, copy_X=True, fit_intercept=True, l1_ratio=0.5,
           max_iter=1000, normalize=False, positive=False, precompute=False,
           random_state=None, selection='cyclic', tol=0.0001, warm_start=False), 'model__alpha': 5.310816326530612, 'model__l1_ratio': 0.49999999999999994, 'model__max_iter': 100000.0}",-39.669959156674324,-17.18528206512874,-30.16888935846576,-104.78987931450196,-47.953502473692694,33.77116622595255,842
631,0.004751265048980713,0.0019027593608368799,0.0011919140815734863,0.0003137623092767219,"ElasticNet(alpha=1.0, copy_X=True, fit_intercept=True, l1_ratio=0.5,
           max_iter=1000, normalize=False, positive=False, precompute=False,
           random_state=None, selection='cyclic', tol=0.0001, warm_start=False)",5.310816326530612,100000.0,0.5499999999999999,,,,,"{'model': ElasticNet(alpha=1.0, copy_X=True, fit_intercept=True, l1_ratio=0.5,
           max_iter=1000, normalize=False, positive=False, precompute=False,
           random_state=None, selection='cyclic', tol=0.0001, warm_start=False), 'model__alpha': 5.310816326530612, 'model__l1_ratio': 0.5499999999999999, 'model__max_iter': 100000.0}",-40.390085883788664,-17.289326600047097,-31.112161862663502,-104.30051238307713,-48.2730216823941,33.37553318573487,872
632,0.005099177360534668,0.000587322877537076,0.0016310811042785645,0.0002184369875053592,"ElasticNet(alpha=1.0, copy_X=True, fit_intercept=True, l1_ratio=0.5,
           max_iter=1000, normalize=False, positive=False, precompute=False,
           random_state=None, selection='cyclic', tol=0.0001, warm_start=False)",5.310816326530612,100000.0,0.6,,,,,"{'model': ElasticNet(alpha=1.0, copy_X=True, fit_intercept=True, l1_ratio=0.5,
           max_iter=1000, normalize=False, positive=False, precompute=False,
           random_state=None, selection='cyclic', tol=0.0001, warm_start=False), 'model__alpha': 5.310816326530612, 'model__l1_ratio': 0.6, 'model__max_iter': 100000.0}",-41.19356313387961,-17.40652679664979,-32.06751950598257,-103.3775391602612,-48.511287149193286,32.79389541286372,897
633,0.004475831985473633,0.00017655680566225603,0.001455545425415039,0.0002793892938884589,"ElasticNet(alpha=1.0, copy_X=True, fit_intercept=True, l1_ratio=0.5,
           max_iter=1000, normalize=False, positive=False, precompute=False,
           random_state=None, selection='cyclic', tol=0.0001, warm_start=False)",5.310816326530612,100000.0,0.65,,,,,"{'model': ElasticNet(alpha=1.0, copy_X=True, fit_intercept=True, l1_ratio=0.5,
           max_iter=1000, normalize=False, positive=False, precompute=False,
           random_state=None, selection='cyclic', tol=0.0001, warm_start=False), 'model__alpha': 5.310816326530612, 'model__l1_ratio': 0.65, 'model__max_iter': 100000.0}",-42.09564833009758,-17.560243274601266,-33.03618222568722,-102.59291279099122,-48.821246655344325,32.260828969724614,923
634,0.005605340003967285,0.001966660669265567,0.0014662742614746094,0.00025552493835729836,"ElasticNet(alpha=1.0, copy_X=True, fit_intercept=True, l1_ratio=0.5,
           max_iter=1000, normalize=False, positive=False, precompute=False,
           random_state=None, selection='cyclic', tol=0.0001, warm_start=False)",5.310816326530612,100000.0,0.7,,,,,"{'model': ElasticNet(alpha=1.0, copy_X=True, fit_intercept=True, l1_ratio=0.5,
           max_iter=1000, normalize=False, positive=False, precompute=False,
           random_state=None, selection='cyclic', tol=0.0001, warm_start=False), 'model__alpha': 5.310816326530612, 'model__l1_ratio': 0.7, 'model__max_iter': 100000.0}",-43.077217758073594,-17.782374060420395,-34.06977879928237,-102.21015708333253,-49.28488192527722,31.872900753926817,958
635,0.004888713359832764,0.00018327933979347426,0.0016785264015197754,0.00012911355303450378,"ElasticNet(alpha=1.0, copy_X=True, fit_intercept=True, l1_ratio=0.5,
           max_iter=1000, normalize=False, positive=False, precompute=False,
           random_state=None, selection='cyclic', tol=0.0001, warm_start=False)",5.310816326530612,100000.0,0.75,,,,,"{'model': ElasticNet(alpha=1.0, copy_X=True, fit_intercept=True, l1_ratio=0.5,
           max_iter=1000, normalize=False, positive=False, precompute=False,
           random_state=None, selection='cyclic', tol=0.0001, warm_start=False), 'model__alpha': 5.310816326530612, 'model__l1_ratio': 0.75, 'model__max_iter': 100000.0}",-44.03749284531782,-18.048300009861897,-34.74400878418576,-102.21015708333253,-49.75998968067451,31.681532375577873,987
636,0.004510700702667236,5.658370989495164e-05,0.0015200972557067871,3.5783592768189134e-05,"ElasticNet(alpha=1.0, copy_X=True, fit_intercept=True, l1_ratio=0.5,
           max_iter=1000, normalize=False, positive=False, precompute=False,
           random_state=None, selection='cyclic', tol=0.0001, warm_start=False)",5.310816326530612,100000.0,0.7999999999999999,,,,,"{'model': ElasticNet(alpha=1.0, copy_X=True, fit_intercept=True, l1_ratio=0.5,
           max_iter=1000, normalize=False, positive=False, precompute=False,
           random_state=None, selection='cyclic', tol=0.0001, warm_start=False), 'model__alpha': 5.310816326530612, 'model__l1_ratio': 0.7999999999999999, 'model__max_iter': 100000.0}",-44.92297033263286,-18.294124997567007,-35.58167110890806,-102.21015708333253,-50.252230880610114,31.482427514895722,1014
637,0.0043447017669677734,0.0007584879508421961,0.0014250874519348145,0.00035016524517372517,"ElasticNet(alpha=1.0, copy_X=True, fit_intercept=True, l1_ratio=0.5,
           max_iter=1000, normalize=False, positive=False, precompute=False,
           random_state=None, selection='cyclic', tol=0.0001, warm_start=False)",5.310816326530612,100000.0,0.85,,,,,"{'model': ElasticNet(alpha=1.0, copy_X=True, fit_intercept=True, l1_ratio=0.5,
           max_iter=1000, normalize=False, positive=False, precompute=False,
           random_state=None, selection='cyclic', tol=0.0001, warm_start=False), 'model__alpha': 5.310816326530612, 'model__l1_ratio': 0.85, 'model__max_iter': 100000.0}",-45.519004245448016,-18.278350335578462,-36.648196830409056,-102.21015708333253,-50.66392712369202,31.339872104190487,1039
638,0.005641043186187744,0.0011705085824647373,0.0018825531005859375,0.0005558117241363737,"ElasticNet(alpha=1.0, copy_X=True, fit_intercept=True, l1_ratio=0.5,
           max_iter=1000, normalize=False, positive=False, precompute=False,
           random_state=None, selection='cyclic', tol=0.0001, warm_start=False)",5.310816326530612,100000.0,0.9,,,,,"{'model': ElasticNet(alpha=1.0, copy_X=True, fit_intercept=True, l1_ratio=0.5,
           max_iter=1000, normalize=False, positive=False, precompute=False,
           random_state=None, selection='cyclic', tol=0.0001, warm_start=False), 'model__alpha': 5.310816326530612, 'model__l1_ratio': 0.9, 'model__max_iter': 100000.0}",-45.519004245448016,-18.193003397677376,-37.494572832598074,-102.21015708333253,-50.854184389764,31.269522075141563,1058
639,0.004515409469604492,0.0013071303002321517,0.0014220476150512695,0.000370788820271793,"ElasticNet(alpha=1.0, copy_X=True, fit_intercept=True, l1_ratio=0.5,
           max_iter=1000, normalize=False, positive=False, precompute=False,
           random_state=None, selection='cyclic', tol=0.0001, warm_start=False)",5.310816326530612,100000.0,0.95,,,,,"{'model': ElasticNet(alpha=1.0, copy_X=True, fit_intercept=True, l1_ratio=0.5,
           max_iter=1000, normalize=False, positive=False, precompute=False,
           random_state=None, selection='cyclic', tol=0.0001, warm_start=False), 'model__alpha': 5.310816326530612, 'model__l1_ratio': 0.95, 'model__max_iter': 100000.0}",-45.519004245448016,-18.141520790589244,-37.97678979078923,-102.21015708333253,-50.961867977539754,31.232192313641036,1075
640,0.004971563816070557,0.0004156008346074027,0.0015812516212463379,0.0001038901093191116,"ElasticNet(alpha=1.0, copy_X=True, fit_intercept=True, l1_ratio=0.5,
           max_iter=1000, normalize=False, positive=False, precompute=False,
           random_state=None, selection='cyclic', tol=0.0001, warm_start=False)",5.310816326530612,100000.0,1.0,,,,,"{'model': ElasticNet(alpha=1.0, copy_X=True, fit_intercept=True, l1_ratio=0.5,
           max_iter=1000, normalize=False, positive=False, precompute=False,
           random_state=None, selection='cyclic', tol=0.0001, warm_start=False), 'model__alpha': 5.310816326530612, 'model__l1_ratio': 1.0, 'model__max_iter': 100000.0}",-45.519004245448016,-18.141520790589244,-37.97678979078923,-102.21015708333253,-50.961867977539754,31.232192313641036,1075
641,0.004649043083190918,0.0002457244114624493,0.0014768242835998535,0.0002613394113296034,"ElasticNet(alpha=1.0, copy_X=True, fit_intercept=True, l1_ratio=0.5,
           max_iter=1000, normalize=False, positive=False, precompute=False,
           random_state=None, selection='cyclic', tol=0.0001, warm_start=False)",5.514693877551021,100000.0,0.05,,,,,"{'model': ElasticNet(alpha=1.0, copy_X=True, fit_intercept=True, l1_ratio=0.5,
           max_iter=1000, normalize=False, positive=False, precompute=False,
           random_state=None, selection='cyclic', tol=0.0001, warm_start=False), 'model__alpha': 5.514693877551021, 'model__l1_ratio': 0.05, 'model__max_iter': 100000.0}",-26.063167028957476,-9.614512733205272,-17.453157786270683,-53.66752961513139,-26.699591790891205,16.62130541788812,380
642,0.005254507064819336,0.0007095547409870439,0.001591801643371582,0.00019149839788939026,"ElasticNet(alpha=1.0, copy_X=True, fit_intercept=True, l1_ratio=0.5,
           max_iter=1000, normalize=False, positive=False, precompute=False,
           random_state=None, selection='cyclic', tol=0.0001, warm_start=False)",5.514693877551021,100000.0,0.1,,,,,"{'model': ElasticNet(alpha=1.0, copy_X=True, fit_intercept=True, l1_ratio=0.5,
           max_iter=1000, normalize=False, positive=False, precompute=False,
           random_state=None, selection='cyclic', tol=0.0001, warm_start=False), 'model__alpha': 5.514693877551021, 'model__l1_ratio': 0.1, 'model__max_iter': 100000.0}",-27.925688527529022,-10.581601770961555,-18.536315750409106,-60.531186434552076,-29.393698120862936,18.996552000741232,430
643,0.004848062992095947,0.0005226486935309912,0.0015020370483398438,5.916985239769875e-05,"ElasticNet(alpha=1.0, copy_X=True, fit_intercept=True, l1_ratio=0.5,
           max_iter=1000, normalize=False, positive=False, precompute=False,
           random_state=None, selection='cyclic', tol=0.0001, warm_start=False)",5.514693877551021,100000.0,0.15,,,,,"{'model': ElasticNet(alpha=1.0, copy_X=True, fit_intercept=True, l1_ratio=0.5,
           max_iter=1000, normalize=False, positive=False, precompute=False,
           random_state=None, selection='cyclic', tol=0.0001, warm_start=False), 'model__alpha': 5.514693877551021, 'model__l1_ratio': 0.15, 'model__max_iter': 100000.0}",-30.024374102198422,-11.599795700110066,-19.729380701023125,-67.73232482277433,-32.271468831526484,21.489205354549696,522
644,0.004488170146942139,0.00016250700029371424,0.0014876723289489746,0.00011570370064348454,"ElasticNet(alpha=1.0, copy_X=True, fit_intercept=True, l1_ratio=0.5,
           max_iter=1000, normalize=False, positive=False, precompute=False,
           random_state=None, selection='cyclic', tol=0.0001, warm_start=False)",5.514693877551021,100000.0,0.2,,,,,"{'model': ElasticNet(alpha=1.0, copy_X=True, fit_intercept=True, l1_ratio=0.5,
           max_iter=1000, normalize=False, positive=False, precompute=False,
           random_state=None, selection='cyclic', tol=0.0001, warm_start=False), 'model__alpha': 5.514693877551021, 'model__l1_ratio': 0.2, 'model__max_iter': 100000.0}",-32.210190668128625,-12.74343063983488,-21.061430403473945,-76.04573358793873,-35.51519632484404,24.398320510584064,596
645,0.004211843013763428,0.0006131725474102381,0.001492917537689209,0.0003639580603645934,"ElasticNet(alpha=1.0, copy_X=True, fit_intercept=True, l1_ratio=0.5,
           max_iter=1000, normalize=False, positive=False, precompute=False,
           random_state=None, selection='cyclic', tol=0.0001, warm_start=False)",5.514693877551021,100000.0,0.25,,,,,"{'model': ElasticNet(alpha=1.0, copy_X=True, fit_intercept=True, l1_ratio=0.5,
           max_iter=1000, normalize=False, positive=False, precompute=False,
           random_state=None, selection='cyclic', tol=0.0001, warm_start=False), 'model__alpha': 5.514693877551021, 'model__l1_ratio': 0.25, 'model__max_iter': 100000.0}",-34.59464711517845,-13.959997486022683,-22.617198722095914,-83.99137045458659,-38.79080344447091,27.105596286733658,644
646,0.005077481269836426,0.0002388742681667998,0.0016956925392150879,0.00010196198135649075,"ElasticNet(alpha=1.0, copy_X=True, fit_intercept=True, l1_ratio=0.5,
           max_iter=1000, normalize=False, positive=False, precompute=False,
           random_state=None, selection='cyclic', tol=0.0001, warm_start=False)",5.514693877551021,100000.0,0.3,,,,,"{'model': ElasticNet(alpha=1.0, copy_X=True, fit_intercept=True, l1_ratio=0.5,
           max_iter=1000, normalize=False, positive=False, precompute=False,
           random_state=None, selection='cyclic', tol=0.0001, warm_start=False), 'model__alpha': 5.514693877551021, 'model__l1_ratio': 0.3, 'model__max_iter': 100000.0}",-36.316999970083735,-15.289173091902635,-24.482922907760983,-93.18083186552106,-42.3174819588171,30.297223984136938,689
647,0.004172623157501221,0.00044480151766321116,0.0013248324394226074,0.00027125656038376483,"ElasticNet(alpha=1.0, copy_X=True, fit_intercept=True, l1_ratio=0.5,
           max_iter=1000, normalize=False, positive=False, precompute=False,
           random_state=None, selection='cyclic', tol=0.0001, warm_start=False)",5.514693877551021,100000.0,0.35,,,,,"{'model': ElasticNet(alpha=1.0, copy_X=True, fit_intercept=True, l1_ratio=0.5,
           max_iter=1000, normalize=False, positive=False, precompute=False,
           random_state=None, selection='cyclic', tol=0.0001, warm_start=False), 'model__alpha': 5.514693877551021, 'model__l1_ratio': 0.35, 'model__max_iter': 100000.0}",-37.48402102159835,-16.203663208232566,-26.43318536539206,-102.48871793068584,-45.6523968814772,33.66636214701063,732
648,0.0048400163650512695,0.00015468575547258138,0.0014860033988952637,0.00011439339512821253,"ElasticNet(alpha=1.0, copy_X=True, fit_intercept=True, l1_ratio=0.5,
           max_iter=1000, normalize=False, positive=False, precompute=False,
           random_state=None, selection='cyclic', tol=0.0001, warm_start=False)",5.514693877551021,100000.0,0.39999999999999997,,,,,"{'model': ElasticNet(alpha=1.0, copy_X=True, fit_intercept=True, l1_ratio=0.5,
           max_iter=1000, normalize=False, positive=False, precompute=False,
           random_state=None, selection='cyclic', tol=0.0001, warm_start=False), 'model__alpha': 5.514693877551021, 'model__l1_ratio': 0.39999999999999997, 'model__max_iter': 100000.0}",-38.35963322616873,-16.718973009111046,-27.987897930831373,-104.28186438191008,-46.83709213700531,34.03734122209752,764
649,0.004342138767242432,0.0005037223865221243,0.0013718605041503906,0.00025028971903550166,"ElasticNet(alpha=1.0, copy_X=True, fit_intercept=True, l1_ratio=0.5,
           max_iter=1000, normalize=False, positive=False, precompute=False,
           random_state=None, selection='cyclic', tol=0.0001, warm_start=False)",5.514693877551021,100000.0,0.44999999999999996,,,,,"{'model': ElasticNet(alpha=1.0, copy_X=True, fit_intercept=True, l1_ratio=0.5,
           max_iter=1000, normalize=False, positive=False, precompute=False,
           random_state=None, selection='cyclic', tol=0.0001, warm_start=False), 'model__alpha': 5.514693877551021, 'model__l1_ratio': 0.44999999999999996, 'model__max_iter': 100000.0}",-39.341373698828335,-17.142035204459894,-29.318402267791573,-104.42380472961321,-47.556403975173254,33.76035591121168,799
650,0.005464434623718262,0.0013688208061237294,0.0014420151710510254,0.000375738466603384,"ElasticNet(alpha=1.0, copy_X=True, fit_intercept=True, l1_ratio=0.5,
           max_iter=1000, normalize=False, positive=False, precompute=False,
           random_state=None, selection='cyclic', tol=0.0001, warm_start=False)",5.514693877551021,100000.0,0.49999999999999994,,,,,"{'model': ElasticNet(alpha=1.0, copy_X=True, fit_intercept=True, l1_ratio=0.5,
           max_iter=1000, normalize=False, positive=False, precompute=False,
           random_state=None, selection='cyclic', tol=0.0001, warm_start=False), 'model__alpha': 5.514693877551021, 'model__l1_ratio': 0.49999999999999994, 'model__max_iter': 100000.0}",-40.08017914933373,-17.24071720988641,-30.723429629082776,-104.81230212878452,-48.21415702927186,33.67042895512927,865
651,0.004449367523193359,0.00011040466521713625,0.001408219337463379,0.00019590671267329598,"ElasticNet(alpha=1.0, copy_X=True, fit_intercept=True, l1_ratio=0.5,
           max_iter=1000, normalize=False, positive=False, precompute=False,
           random_state=None, selection='cyclic', tol=0.0001, warm_start=False)",5.514693877551021,100000.0,0.5499999999999999,,,,,"{'model': ElasticNet(alpha=1.0, copy_X=True, fit_intercept=True, l1_ratio=0.5,
           max_iter=1000, normalize=False, positive=False, precompute=False,
           random_state=None, selection='cyclic', tol=0.0001, warm_start=False), 'model__alpha': 5.514693877551021, 'model__l1_ratio': 0.5499999999999999, 'model__max_iter': 100000.0}",-40.846076568149904,-17.351070075862896,-31.64256714346385,-103.8447893760404,-48.42112579087926,33.07579269022463,886
652,0.004310488700866699,0.0009689557282766392,0.0014086365699768066,0.00033944536447167475,"ElasticNet(alpha=1.0, copy_X=True, fit_intercept=True, l1_ratio=0.5,
           max_iter=1000, normalize=False, positive=False, precompute=False,
           random_state=None, selection='cyclic', tol=0.0001, warm_start=False)",5.514693877551021,100000.0,0.6,,,,,"{'model': ElasticNet(alpha=1.0, copy_X=True, fit_intercept=True, l1_ratio=0.5,
           max_iter=1000, normalize=False, positive=False, precompute=False,
           random_state=None, selection='cyclic', tol=0.0001, warm_start=False), 'model__alpha': 5.514693877551021, 'model__l1_ratio': 0.6, 'model__max_iter': 100000.0}",-41.70277371732124,-17.475626352350805,-32.649971967371506,-102.94336210720647,-48.692933536062505,32.49564670129313,910
653,0.005386531352996826,0.000499915448292405,0.0017185807228088379,0.0005265436771231739,"ElasticNet(alpha=1.0, copy_X=True, fit_intercept=True, l1_ratio=0.5,
           max_iter=1000, normalize=False, positive=False, precompute=False,
           random_state=None, selection='cyclic', tol=0.0001, warm_start=False)",5.514693877551021,100000.0,0.65,,,,,"{'model': ElasticNet(alpha=1.0, copy_X=True, fit_intercept=True, l1_ratio=0.5,
           max_iter=1000, normalize=False, positive=False, precompute=False,
           random_state=None, selection='cyclic', tol=0.0001, warm_start=False), 'model__alpha': 5.514693877551021, 'model__l1_ratio': 0.65, 'model__max_iter': 100000.0}",-42.667158717733955,-17.661138646207142,-33.67863644442081,-102.2375521888555,-49.06112149930435,31.981226174785963,938
654,0.004850208759307861,0.00035534173197196363,0.0016132593154907227,0.0001469268397367977,"ElasticNet(alpha=1.0, copy_X=True, fit_intercept=True, l1_ratio=0.5,
           max_iter=1000, normalize=False, positive=False, precompute=False,
           random_state=None, selection='cyclic', tol=0.0001, warm_start=False)",5.514693877551021,100000.0,0.7,,,,,"{'model': ElasticNet(alpha=1.0, copy_X=True, fit_intercept=True, l1_ratio=0.5,
           max_iter=1000, normalize=False, positive=False, precompute=False,
           random_state=None, selection='cyclic', tol=0.0001, warm_start=False), 'model__alpha': 5.514693877551021, 'model__l1_ratio': 0.7, 'model__max_iter': 100000.0}",-43.64037365028078,-17.895285585672152,-34.59165194999213,-102.21015708333253,-49.584367067319405,31.75603967866238,977
655,0.004194974899291992,0.00043967989915562366,0.0013772845268249512,0.0002677480118491094,"ElasticNet(alpha=1.0, copy_X=True, fit_intercept=True, l1_ratio=0.5,
           max_iter=1000, normalize=False, positive=False, precompute=False,
           random_state=None, selection='cyclic', tol=0.0001, warm_start=False)",5.514693877551021,100000.0,0.75,,,,,"{'model': ElasticNet(alpha=1.0, copy_X=True, fit_intercept=True, l1_ratio=0.5,
           max_iter=1000, normalize=False, positive=False, precompute=False,
           random_state=None, selection='cyclic', tol=0.0001, warm_start=False), 'model__alpha': 5.514693877551021, 'model__l1_ratio': 0.75, 'model__max_iter': 100000.0}",-44.579599233201876,-18.143695573290486,-35.35190969932723,-102.21015708333253,-50.071340397288026,31.56204829583181,1003
656,0.004115700721740723,0.0007731967177286735,0.0013598203659057617,0.0002860221402818278,"ElasticNet(alpha=1.0, copy_X=True, fit_intercept=True, l1_ratio=0.5,
           max_iter=1000, normalize=False, positive=False, precompute=False,
           random_state=None, selection='cyclic', tol=0.0001, warm_start=False)",5.514693877551021,100000.0,0.7999999999999999,,,,,"{'model': ElasticNet(alpha=1.0, copy_X=True, fit_intercept=True, l1_ratio=0.5,
           max_iter=1000, normalize=False, positive=False, precompute=False,
           random_state=None, selection='cyclic', tol=0.0001, warm_start=False), 'model__alpha': 5.514693877551021, 'model__l1_ratio': 0.7999999999999999, 'model__max_iter': 100000.0}",-45.37031393719404,-18.299586056152922,-36.30145253724065,-102.21015708333253,-50.54537740348003,31.37957614619028,1033
657,0.004810214042663574,0.00020892274005482632,0.0017351508140563965,0.00012029243665049909,"ElasticNet(alpha=1.0, copy_X=True, fit_intercept=True, l1_ratio=0.5,
           max_iter=1000, normalize=False, positive=False, precompute=False,
           random_state=None, selection='cyclic', tol=0.0001, warm_start=False)",5.514693877551021,100000.0,0.85,,,,,"{'model': ElasticNet(alpha=1.0, copy_X=True, fit_intercept=True, l1_ratio=0.5,
           max_iter=1000, normalize=False, positive=False, precompute=False,
           random_state=None, selection='cyclic', tol=0.0001, warm_start=False), 'model__alpha': 5.514693877551021, 'model__l1_ratio': 0.85, 'model__max_iter': 100000.0}",-45.519004245448016,-18.218820453256168,-37.26057235504022,-102.21015708333253,-50.80213853426923,31.287947003636507,1056
658,0.004893302917480469,0.0003541728255266271,0.001745760440826416,0.00020535033705244382,"ElasticNet(alpha=1.0, copy_X=True, fit_intercept=True, l1_ratio=0.5,
           max_iter=1000, normalize=False, positive=False, precompute=False,
           random_state=None, selection='cyclic', tol=0.0001, warm_start=False)",5.514693877551021,100000.0,0.9,,,,,"{'model': ElasticNet(alpha=1.0, copy_X=True, fit_intercept=True, l1_ratio=0.5,
           max_iter=1000, normalize=False, positive=False, precompute=False,
           random_state=None, selection='cyclic', tol=0.0001, warm_start=False), 'model__alpha': 5.514693877551021, 'model__l1_ratio': 0.9, 'model__max_iter': 100000.0}",-45.519004245448016,-18.141520790589244,-37.97678979078923,-102.21015708333253,-50.961867977539754,31.232192313641036,1075
659,0.004411637783050537,2.7014190150291193e-05,0.0014795660972595215,1.559262519939193e-05,"ElasticNet(alpha=1.0, copy_X=True, fit_intercept=True, l1_ratio=0.5,
           max_iter=1000, normalize=False, positive=False, precompute=False,
           random_state=None, selection='cyclic', tol=0.0001, warm_start=False)",5.514693877551021,100000.0,0.95,,,,,"{'model': ElasticNet(alpha=1.0, copy_X=True, fit_intercept=True, l1_ratio=0.5,
           max_iter=1000, normalize=False, positive=False, precompute=False,
           random_state=None, selection='cyclic', tol=0.0001, warm_start=False), 'model__alpha': 5.514693877551021, 'model__l1_ratio': 0.95, 'model__max_iter': 100000.0}",-45.519004245448016,-18.141520790589244,-37.97678979078923,-102.21015708333253,-50.961867977539754,31.232192313641036,1075
660,0.004681527614593506,0.00012292499577125265,0.0013480186462402344,0.0002726799866169006,"ElasticNet(alpha=1.0, copy_X=True, fit_intercept=True, l1_ratio=0.5,
           max_iter=1000, normalize=False, positive=False, precompute=False,
           random_state=None, selection='cyclic', tol=0.0001, warm_start=False)",5.514693877551021,100000.0,1.0,,,,,"{'model': ElasticNet(alpha=1.0, copy_X=True, fit_intercept=True, l1_ratio=0.5,
           max_iter=1000, normalize=False, positive=False, precompute=False,
           random_state=None, selection='cyclic', tol=0.0001, warm_start=False), 'model__alpha': 5.514693877551021, 'model__l1_ratio': 1.0, 'model__max_iter': 100000.0}",-45.519004245448016,-18.141520790589244,-37.97678979078923,-102.21015708333253,-50.961867977539754,31.232192313641036,1075
661,0.005151689052581787,0.0006628935090693169,0.0016121864318847656,0.0003792596288326942,"ElasticNet(alpha=1.0, copy_X=True, fit_intercept=True, l1_ratio=0.5,
           max_iter=1000, normalize=False, positive=False, precompute=False,
           random_state=None, selection='cyclic', tol=0.0001, warm_start=False)",5.718571428571428,100000.0,0.05,,,,,"{'model': ElasticNet(alpha=1.0, copy_X=True, fit_intercept=True, l1_ratio=0.5,
           max_iter=1000, normalize=False, positive=False, precompute=False,
           random_state=None, selection='cyclic', tol=0.0001, warm_start=False), 'model__alpha': 5.718571428571428, 'model__l1_ratio': 0.05, 'model__max_iter': 100000.0}",-26.459295634701615,-9.805894602270788,-17.80596503728086,-54.843368402625075,-27.228630919219583,16.99635237448011,386
662,0.0047095417976379395,0.0001942907637898162,0.0016084909439086914,0.00022584510589913117,"ElasticNet(alpha=1.0, copy_X=True, fit_intercept=True, l1_ratio=0.5,
           max_iter=1000, normalize=False, positive=False, precompute=False,
           random_state=None, selection='cyclic', tol=0.0001, warm_start=False)",5.718571428571428,100000.0,0.1,,,,,"{'model': ElasticNet(alpha=1.0, copy_X=True, fit_intercept=True, l1_ratio=0.5,
           max_iter=1000, normalize=False, positive=False, precompute=False,
           random_state=None, selection='cyclic', tol=0.0001, warm_start=False), 'model__alpha': 5.718571428571428, 'model__l1_ratio': 0.1, 'model__max_iter': 100000.0}",-28.382148306874626,-10.80496589979285,-18.930294083398127,-61.897156557339265,-30.003641211851217,19.43600853248186,448
663,0.00420302152633667,0.0005447095063029868,0.0013474225997924805,0.0002775328723347858,"ElasticNet(alpha=1.0, copy_X=True, fit_intercept=True, l1_ratio=0.5,
           max_iter=1000, normalize=False, positive=False, precompute=False,
           random_state=None, selection='cyclic', tol=0.0001, warm_start=False)",5.718571428571428,100000.0,0.15,,,,,"{'model': ElasticNet(alpha=1.0, copy_X=True, fit_intercept=True, l1_ratio=0.5,
           max_iter=1000, normalize=False, positive=False, precompute=False,
           random_state=None, selection='cyclic', tol=0.0001, warm_start=False), 'model__alpha': 5.718571428571428, 'model__l1_ratio': 0.15, 'model__max_iter': 100000.0}",-30.543272152721922,-11.86365919703196,-20.172845407367753,-69.34919942191797,-32.9822440447599,22.01465050095428,541
664,0.004679977893829346,0.00018302437722320897,0.0015947222709655762,0.00020302566091299378,"ElasticNet(alpha=1.0, copy_X=True, fit_intercept=True, l1_ratio=0.5,
           max_iter=1000, normalize=False, positive=False, precompute=False,
           random_state=None, selection='cyclic', tol=0.0001, warm_start=False)",5.718571428571428,100000.0,0.2,,,,,"{'model': ElasticNet(alpha=1.0, copy_X=True, fit_intercept=True, l1_ratio=0.5,
           max_iter=1000, normalize=False, positive=False, precompute=False,
           random_state=None, selection='cyclic', tol=0.0001, warm_start=False), 'model__alpha': 5.718571428571428, 'model__l1_ratio': 0.2, 'model__max_iter': 100000.0}",-32.780885217810294,-13.042814857069784,-21.562076937434203,-77.78718399961988,-36.29324025298354,24.95833257282258,608
665,0.004839897155761719,0.00035317924388434774,0.0017279982566833496,0.0002530826623259411,"ElasticNet(alpha=1.0, copy_X=True, fit_intercept=True, l1_ratio=0.5,
           max_iter=1000, normalize=False, positive=False, precompute=False,
           random_state=None, selection='cyclic', tol=0.0001, warm_start=False)",5.718571428571428,100000.0,0.25,,,,,"{'model': ElasticNet(alpha=1.0, copy_X=True, fit_intercept=True, l1_ratio=0.5,
           max_iter=1000, normalize=False, positive=False, precompute=False,
           random_state=None, selection='cyclic', tol=0.0001, warm_start=False), 'model__alpha': 5.718571428571428, 'model__l1_ratio': 0.25, 'model__max_iter': 100000.0}",-35.210776164343905,-14.31392742483436,-23.215511879016912,-86.04873592064008,-39.69723784720881,27.769360142845894,655
666,0.004665017127990723,0.00017658799233827857,0.0014824867248535156,2.8923917734012832e-05,"ElasticNet(alpha=1.0, copy_X=True, fit_intercept=True, l1_ratio=0.5,
           max_iter=1000, normalize=False, positive=False, precompute=False,
           random_state=None, selection='cyclic', tol=0.0001, warm_start=False)",5.718571428571428,100000.0,0.3,,,,,"{'model': ElasticNet(alpha=1.0, copy_X=True, fit_intercept=True, l1_ratio=0.5,
           max_iter=1000, normalize=False, positive=False, precompute=False,
           random_state=None, selection='cyclic', tol=0.0001, warm_start=False), 'model__alpha': 5.718571428571428, 'model__l1_ratio': 0.3, 'model__max_iter': 100000.0}",-36.795757114649845,-15.682531042838525,-25.14522462197966,-95.62119955062754,-43.311178082523895,31.113232951415746,702
667,0.004580259323120117,0.0007886722447960026,0.0013597607612609863,0.00027946315771443936,"ElasticNet(alpha=1.0, copy_X=True, fit_intercept=True, l1_ratio=0.5,
           max_iter=1000, normalize=False, positive=False, precompute=False,
           random_state=None, selection='cyclic', tol=0.0001, warm_start=False)",5.718571428571428,100000.0,0.35,,,,,"{'model': ElasticNet(alpha=1.0, copy_X=True, fit_intercept=True, l1_ratio=0.5,
           max_iter=1000, normalize=False, positive=False, precompute=False,
           random_state=None, selection='cyclic', tol=0.0001, warm_start=False), 'model__alpha': 5.718571428571428, 'model__l1_ratio': 0.35, 'model__max_iter': 100000.0}",-37.87448212285372,-16.445225252768235,-27.13347267301737,-103.58619337437652,-46.25984335575396,33.95347624906831,748
668,0.005191206932067871,0.0015431417649222914,0.0013182759284973145,0.0004315292760333172,"ElasticNet(alpha=1.0, copy_X=True, fit_intercept=True, l1_ratio=0.5,
           max_iter=1000, normalize=False, positive=False, precompute=False,
           random_state=None, selection='cyclic', tol=0.0001, warm_start=False)",5.718571428571428,100000.0,0.39999999999999997,,,,,"{'model': ElasticNet(alpha=1.0, copy_X=True, fit_intercept=True, l1_ratio=0.5,
           max_iter=1000, normalize=False, positive=False, precompute=False,
           random_state=None, selection='cyclic', tol=0.0001, warm_start=False), 'model__alpha': 5.718571428571428, 'model__l1_ratio': 0.39999999999999997, 'model__max_iter': 100000.0}",-38.792359382681624,-16.85784602666663,-28.50963750185389,-104.20701641306678,-47.091714831067236,33.87630955554331,774
669,0.005063235759735107,0.0005583793249291263,0.0014197826385498047,0.00026216602793601985,"ElasticNet(alpha=1.0, copy_X=True, fit_intercept=True, l1_ratio=0.5,
           max_iter=1000, normalize=False, positive=False, precompute=False,
           random_state=None, selection='cyclic', tol=0.0001, warm_start=False)",5.718571428571428,100000.0,0.44999999999999996,,,,,"{'model': ElasticNet(alpha=1.0, copy_X=True, fit_intercept=True, l1_ratio=0.5,
           max_iter=1000, normalize=False, positive=False, precompute=False,
           random_state=None, selection='cyclic', tol=0.0001, warm_start=False), 'model__alpha': 5.718571428571428, 'model__l1_ratio': 0.44999999999999996, 'model__max_iter': 100000.0}",-39.756141137987825,-17.19167547531644,-29.93337110278566,-104.40092509166706,-47.82052820193925,33.63202588068142,827
670,0.0042188167572021484,0.00041808942944450206,0.001387953758239746,0.00025687018439371663,"ElasticNet(alpha=1.0, copy_X=True, fit_intercept=True, l1_ratio=0.5,
           max_iter=1000, normalize=False, positive=False, precompute=False,
           random_state=None, selection='cyclic', tol=0.0001, warm_start=False)",5.718571428571428,100000.0,0.49999999999999994,,,,,"{'model': ElasticNet(alpha=1.0, copy_X=True, fit_intercept=True, l1_ratio=0.5,
           max_iter=1000, normalize=False, positive=False, precompute=False,
           random_state=None, selection='cyclic', tol=0.0001, warm_start=False), 'model__alpha': 5.718571428571428, 'model__l1_ratio': 0.49999999999999994, 'model__max_iter': 100000.0}",-40.48449805095537,-17.295887074374775,-31.19940066856539,-104.3935573806279,-48.34333579363086,33.39628442718014,880
671,0.005092322826385498,0.00041119907861705607,0.001683652400970459,0.00020543536990606621,"ElasticNet(alpha=1.0, copy_X=True, fit_intercept=True, l1_ratio=0.5,
           max_iter=1000, normalize=False, positive=False, precompute=False,
           random_state=None, selection='cyclic', tol=0.0001, warm_start=False)",5.718571428571428,100000.0,0.5499999999999999,,,,,"{'model': ElasticNet(alpha=1.0, copy_X=True, fit_intercept=True, l1_ratio=0.5,
           max_iter=1000, normalize=False, positive=False, precompute=False,
           random_state=None, selection='cyclic', tol=0.0001, warm_start=False), 'model__alpha': 5.718571428571428, 'model__l1_ratio': 0.5499999999999999, 'model__max_iter': 100000.0}",-41.29665009815845,-17.412675859598906,-32.17761211477685,-103.4261341023855,-48.57826804372993,32.79323871692518,902
672,0.004571080207824707,0.0004178165197338254,0.001456141471862793,0.0003440011420094881,"ElasticNet(alpha=1.0, copy_X=True, fit_intercept=True, l1_ratio=0.5,
           max_iter=1000, normalize=False, positive=False, precompute=False,
           random_state=None, selection='cyclic', tol=0.0001, warm_start=False)",5.718571428571428,100000.0,0.6,,,,,"{'model': ElasticNet(alpha=1.0, copy_X=True, fit_intercept=True, l1_ratio=0.5,
           max_iter=1000, normalize=False, positive=False, precompute=False,
           random_state=None, selection='cyclic', tol=0.0001, warm_start=False), 'model__alpha': 5.718571428571428, 'model__l1_ratio': 0.6, 'model__max_iter': 100000.0}",-42.20734388822383,-17.550056993426516,-33.21312482575422,-102.6069174331265,-48.89436078513276,32.241748859374695,929
673,0.004850208759307861,0.00022876963839487302,0.0016490817070007324,6.715565683864058e-05,"ElasticNet(alpha=1.0, copy_X=True, fit_intercept=True, l1_ratio=0.5,
           max_iter=1000, normalize=False, positive=False, precompute=False,
           random_state=None, selection='cyclic', tol=0.0001, warm_start=False)",5.718571428571428,100000.0,0.65,,,,,"{'model': ElasticNet(alpha=1.0, copy_X=True, fit_intercept=True, l1_ratio=0.5,
           max_iter=1000, normalize=False, positive=False, precompute=False,
           random_state=None, selection='cyclic', tol=0.0001, warm_start=False), 'model__alpha': 5.718571428571428, 'model__l1_ratio': 0.65, 'model__max_iter': 100000.0}",-43.22230985990253,-17.76059798306689,-34.37235414867129,-102.21015708333253,-49.39135476874331,31.83535042800412,965
674,0.004062533378601074,0.0007897879758046245,0.001342177391052246,0.00027692625862672744,"ElasticNet(alpha=1.0, copy_X=True, fit_intercept=True, l1_ratio=0.5,
           max_iter=1000, normalize=False, positive=False, precompute=False,
           random_state=None, selection='cyclic', tol=0.0001, warm_start=False)",5.718571428571428,100000.0,0.7,,,,,"{'model': ElasticNet(alpha=1.0, copy_X=True, fit_intercept=True, l1_ratio=0.5,
           max_iter=1000, normalize=False, positive=False, precompute=False,
           random_state=None, selection='cyclic', tol=0.0001, warm_start=False), 'model__alpha': 5.718571428571428, 'model__l1_ratio': 0.7, 'model__max_iter': 100000.0}",-44.19497742254859,-18.006844026274095,-35.114509749351626,-102.21015708333253,-49.88162207037671,31.641280732673387,992
675,0.0045662522315979,0.0010881721234747958,0.0014733672142028809,0.00035004789924467734,"ElasticNet(alpha=1.0, copy_X=True, fit_intercept=True, l1_ratio=0.5,
           max_iter=1000, normalize=False, positive=False, precompute=False,
           random_state=None, selection='cyclic', tol=0.0001, warm_start=False)",5.718571428571428,100000.0,0.75,,,,,"{'model': ElasticNet(alpha=1.0, copy_X=True, fit_intercept=True, l1_ratio=0.5,
           max_iter=1000, normalize=False, positive=False, precompute=False,
           random_state=None, selection='cyclic', tol=0.0001, warm_start=False), 'model__alpha': 5.718571428571428, 'model__l1_ratio': 0.75, 'model__max_iter': 100000.0}",-45.10189389177511,-18.23545841941365,-35.964289574513,-102.21015708333253,-50.37794974225858,31.445619055187635,1021
676,0.004778265953063965,0.00021949602847800109,0.001611471176147461,0.0002141941819754487,"ElasticNet(alpha=1.0, copy_X=True, fit_intercept=True, l1_ratio=0.5,
           max_iter=1000, normalize=False, positive=False, precompute=False,
           random_state=None, selection='cyclic', tol=0.0001, warm_start=False)",5.718571428571428,100000.0,0.7999999999999999,,,,,"{'model': ElasticNet(alpha=1.0, copy_X=True, fit_intercept=True, l1_ratio=0.5,
           max_iter=1000, normalize=False, positive=False, precompute=False,
           random_state=None, selection='cyclic', tol=0.0001, warm_start=False), 'model__alpha': 5.718571428571428, 'model__l1_ratio': 0.7999999999999999, 'model__max_iter': 100000.0}",-45.519004245448016,-18.244936228417025,-37.03122354439647,-102.21015708333253,-50.751330275398516,31.30612989008849,1048
677,0.0048416852951049805,0.00033132705342391717,0.0016175508499145508,0.000129965081612355,"ElasticNet(alpha=1.0, copy_X=True, fit_intercept=True, l1_ratio=0.5,
           max_iter=1000, normalize=False, positive=False, precompute=False,
           random_state=None, selection='cyclic', tol=0.0001, warm_start=False)",5.718571428571428,100000.0,0.85,,,,,"{'model': ElasticNet(alpha=1.0, copy_X=True, fit_intercept=True, l1_ratio=0.5,
           max_iter=1000, normalize=False, positive=False, precompute=False,
           random_state=None, selection='cyclic', tol=0.0001, warm_start=False), 'model__alpha': 5.718571428571428, 'model__l1_ratio': 0.85, 'model__max_iter': 100000.0}",-45.519004245448016,-18.161829689131732,-37.85208838539865,-102.21015708333253,-50.93576985082774,31.239870398673705,1071
678,0.004449963569641113,0.00032037715578439553,0.0013330578804016113,0.00027291859077154375,"ElasticNet(alpha=1.0, copy_X=True, fit_intercept=True, l1_ratio=0.5,
           max_iter=1000, normalize=False, positive=False, precompute=False,
           random_state=None, selection='cyclic', tol=0.0001, warm_start=False)",5.718571428571428,100000.0,0.9,,,,,"{'model': ElasticNet(alpha=1.0, copy_X=True, fit_intercept=True, l1_ratio=0.5,
           max_iter=1000, normalize=False, positive=False, precompute=False,
           random_state=None, selection='cyclic', tol=0.0001, warm_start=False), 'model__alpha': 5.718571428571428, 'model__l1_ratio': 0.9, 'model__max_iter': 100000.0}",-45.519004245448016,-18.141520790589244,-37.97678979078923,-102.21015708333253,-50.961867977539754,31.232192313641036,1075
679,0.006311178207397461,0.002015473633631485,0.001543283462524414,0.0002725901246823426,"ElasticNet(alpha=1.0, copy_X=True, fit_intercept=True, l1_ratio=0.5,
           max_iter=1000, normalize=False, positive=False, precompute=False,
           random_state=None, selection='cyclic', tol=0.0001, warm_start=False)",5.718571428571428,100000.0,0.95,,,,,"{'model': ElasticNet(alpha=1.0, copy_X=True, fit_intercept=True, l1_ratio=0.5,
           max_iter=1000, normalize=False, positive=False, precompute=False,
           random_state=None, selection='cyclic', tol=0.0001, warm_start=False), 'model__alpha': 5.718571428571428, 'model__l1_ratio': 0.95, 'model__max_iter': 100000.0}",-45.519004245448016,-18.141520790589244,-37.97678979078923,-102.21015708333253,-50.961867977539754,31.232192313641036,1075
680,0.005196869373321533,0.0010618756466815457,0.0014081597328186035,0.00031153396671604805,"ElasticNet(alpha=1.0, copy_X=True, fit_intercept=True, l1_ratio=0.5,
           max_iter=1000, normalize=False, positive=False, precompute=False,
           random_state=None, selection='cyclic', tol=0.0001, warm_start=False)",5.718571428571428,100000.0,1.0,,,,,"{'model': ElasticNet(alpha=1.0, copy_X=True, fit_intercept=True, l1_ratio=0.5,
           max_iter=1000, normalize=False, positive=False, precompute=False,
           random_state=None, selection='cyclic', tol=0.0001, warm_start=False), 'model__alpha': 5.718571428571428, 'model__l1_ratio': 1.0, 'model__max_iter': 100000.0}",-45.519004245448016,-18.141520790589244,-37.97678979078923,-102.21015708333253,-50.961867977539754,31.232192313641036,1075
681,0.005099654197692871,0.0005506970256029843,0.0017555952072143555,0.00033159531203936116,"ElasticNet(alpha=1.0, copy_X=True, fit_intercept=True, l1_ratio=0.5,
           max_iter=1000, normalize=False, positive=False, precompute=False,
           random_state=None, selection='cyclic', tol=0.0001, warm_start=False)",5.922448979591836,100000.0,0.05,,,,,"{'model': ElasticNet(alpha=1.0, copy_X=True, fit_intercept=True, l1_ratio=0.5,
           max_iter=1000, normalize=False, positive=False, precompute=False,
           random_state=None, selection='cyclic', tol=0.0001, warm_start=False), 'model__alpha': 5.922448979591836, 'model__l1_ratio': 0.05, 'model__max_iter': 100000.0}",-26.843685922560415,-9.991737615166308,-18.150039009084075,-55.98377867958495,-27.742310306598938,17.36002996227915,391
682,0.004621744155883789,0.0003019721665236197,0.0016150474548339844,0.00015643865544528483,"ElasticNet(alpha=1.0, copy_X=True, fit_intercept=True, l1_ratio=0.5,
           max_iter=1000, normalize=False, positive=False, precompute=False,
           random_state=None, selection='cyclic', tol=0.0001, warm_start=False)",5.922448979591836,100000.0,0.1,,,,,"{'model': ElasticNet(alpha=1.0, copy_X=True, fit_intercept=True, l1_ratio=0.5,
           max_iter=1000, normalize=False, positive=False, precompute=False,
           random_state=None, selection='cyclic', tol=0.0001, warm_start=False), 'model__alpha': 5.922448979591836, 'model__l1_ratio': 0.1, 'model__max_iter': 100000.0}",-28.825656880427434,-11.02217583371032,-19.315075287106,-63.20871213459264,-30.5929050339591,19.856465723350496,469
683,0.004522860050201416,0.0007192823471650133,0.001452624797821045,0.0003693578740268302,"ElasticNet(alpha=1.0, copy_X=True, fit_intercept=True, l1_ratio=0.5,
           max_iter=1000, normalize=False, positive=False, precompute=False,
           random_state=None, selection='cyclic', tol=0.0001, warm_start=False)",5.922448979591836,100000.0,0.15,,,,,"{'model': ElasticNet(alpha=1.0, copy_X=True, fit_intercept=True, l1_ratio=0.5,
           max_iter=1000, normalize=False, positive=False, precompute=False,
           random_state=None, selection='cyclic', tol=0.0001, warm_start=False), 'model__alpha': 5.922448979591836, 'model__l1_ratio': 0.15, 'model__max_iter': 100000.0}",-31.04740222105838,-12.120780396439221,-20.606632548476327,-70.92237072925016,-33.674296473806024,22.52574918241828,551
684,0.004702150821685791,0.0007853164071626825,0.00154954195022583,0.00032846783984801084,"ElasticNet(alpha=1.0, copy_X=True, fit_intercept=True, l1_ratio=0.5,
           max_iter=1000, normalize=False, positive=False, precompute=False,
           random_state=None, selection='cyclic', tol=0.0001, warm_start=False)",5.922448979591836,100000.0,0.2,,,,,"{'model': ElasticNet(alpha=1.0, copy_X=True, fit_intercept=True, l1_ratio=0.5,
           max_iter=1000, normalize=False, positive=False, precompute=False,
           random_state=None, selection='cyclic', tol=0.0001, warm_start=False), 'model__alpha': 5.922448979591836, 'model__l1_ratio': 0.2, 'model__max_iter': 100000.0}",-33.33716090709284,-13.335483328549886,-22.05256380887336,-79.47863478237747,-37.05096070672339,25.50135100931793,618
685,0.004865527153015137,0.00043560844235621056,0.0013746023178100586,0.0003045913055819967,"ElasticNet(alpha=1.0, copy_X=True, fit_intercept=True, l1_ratio=0.5,
           max_iter=1000, normalize=False, positive=False, precompute=False,
           random_state=None, selection='cyclic', tol=0.0001, warm_start=False)",5.922448979591836,100000.0,0.25,,,,,"{'model': ElasticNet(alpha=1.0, copy_X=True, fit_intercept=True, l1_ratio=0.5,
           max_iter=1000, normalize=False, positive=False, precompute=False,
           random_state=None, selection='cyclic', tol=0.0001, warm_start=False), 'model__alpha': 5.922448979591836, 'model__l1_ratio': 0.25, 'model__max_iter': 100000.0}",-35.79976341774666,-14.660633561143406,-23.803463366928902,-88.052020983211,-40.57897033225749,28.41526513937701,669
686,0.004111528396606445,0.0006452515514143065,0.0013942122459411621,0.00025524473168304695,"ElasticNet(alpha=1.0, copy_X=True, fit_intercept=True, l1_ratio=0.5,
           max_iter=1000, normalize=False, positive=False, precompute=False,
           random_state=None, selection='cyclic', tol=0.0001, warm_start=False)",5.922448979591836,100000.0,0.3,,,,,"{'model': ElasticNet(alpha=1.0, copy_X=True, fit_intercept=True, l1_ratio=0.5,
           max_iter=1000, normalize=False, positive=False, precompute=False,
           random_state=None, selection='cyclic', tol=0.0001, warm_start=False), 'model__alpha': 5.922448979591836, 'model__l1_ratio': 0.3, 'model__max_iter': 100000.0}",-37.24111408194115,-15.971184585501078,-25.782850768695326,-98.00193950304639,-44.24927223479598,31.934004141398916,714
687,0.0047686100006103516,0.0012945926319561452,0.0012592077255249023,0.00035414576080832,"ElasticNet(alpha=1.0, copy_X=True, fit_intercept=True, l1_ratio=0.5,
           max_iter=1000, normalize=False, positive=False, precompute=False,
           random_state=None, selection='cyclic', tol=0.0001, warm_start=False)",5.922448979591836,100000.0,0.35,,,,,"{'model': ElasticNet(alpha=1.0, copy_X=True, fit_intercept=True, l1_ratio=0.5,
           max_iter=1000, normalize=False, positive=False, precompute=False,
           random_state=None, selection='cyclic', tol=0.0001, warm_start=False), 'model__alpha': 5.922448979591836, 'model__l1_ratio': 0.35, 'model__max_iter': 100000.0}",-38.25559026062409,-16.592638412961563,-27.66591385237137,-104.37592042119402,-46.72251573678776,34.156139571286396,760
688,0.004927158355712891,0.0003271547303305128,0.0015783309936523438,0.00028205003560920476,"ElasticNet(alpha=1.0, copy_X=True, fit_intercept=True, l1_ratio=0.5,
           max_iter=1000, normalize=False, positive=False, precompute=False,
           random_state=None, selection='cyclic', tol=0.0001, warm_start=False)",5.922448979591836,100000.0,0.39999999999999997,,,,,"{'model': ElasticNet(alpha=1.0, copy_X=True, fit_intercept=True, l1_ratio=0.5,
           max_iter=1000, normalize=False, positive=False, precompute=False,
           random_state=None, selection='cyclic', tol=0.0001, warm_start=False), 'model__alpha': 5.922448979591836, 'model__l1_ratio': 0.39999999999999997, 'model__max_iter': 100000.0}",-39.21550577917564,-16.992393232554026,-29.028078343349662,-104.16795290667284,-47.350982565438045,33.7332434947749,784
689,0.00476992130279541,0.00028067317751653104,0.0015779733657836914,6.0396772148770394e-05,"ElasticNet(alpha=1.0, copy_X=True, fit_intercept=True, l1_ratio=0.5,
           max_iter=1000, normalize=False, positive=False, precompute=False,
           random_state=None, selection='cyclic', tol=0.0001, warm_start=False)",5.922448979591836,100000.0,0.44999999999999996,,,,,"{'model': ElasticNet(alpha=1.0, copy_X=True, fit_intercept=True, l1_ratio=0.5,
           max_iter=1000, normalize=False, positive=False, precompute=False,
           random_state=None, selection='cyclic', tol=0.0001, warm_start=False), 'model__alpha': 5.922448979591836, 'model__l1_ratio': 0.44999999999999996, 'model__max_iter': 100000.0}",-40.114438188515486,-17.240931825206637,-30.54418107447783,-104.40401255169725,-48.075890909974305,33.520134130982015,855
690,0.00443953275680542,0.00042166711433324987,0.0014107227325439453,0.00022509813852912097,"ElasticNet(alpha=1.0, copy_X=True, fit_intercept=True, l1_ratio=0.5,
           max_iter=1000, normalize=False, positive=False, precompute=False,
           random_state=None, selection='cyclic', tol=0.0001, warm_start=False)",5.922448979591836,100000.0,0.49999999999999994,,,,,"{'model': ElasticNet(alpha=1.0, copy_X=True, fit_intercept=True, l1_ratio=0.5,
           max_iter=1000, normalize=False, positive=False, precompute=False,
           random_state=None, selection='cyclic', tol=0.0001, warm_start=False), 'model__alpha': 5.922448979591836, 'model__l1_ratio': 0.49999999999999994, 'model__max_iter': 100000.0}",-40.8829756766368,-17.350759798830172,-31.671561885469945,-103.97453370219881,-48.46995776578393,33.12442766811411,890
691,0.005378842353820801,0.0005082159339572386,0.0018824934959411621,0.00019841012910050854,"ElasticNet(alpha=1.0, copy_X=True, fit_intercept=True, l1_ratio=0.5,
           max_iter=1000, normalize=False, positive=False, precompute=False,
           random_state=None, selection='cyclic', tol=0.0001, warm_start=False)",5.922448979591836,100000.0,0.5499999999999999,,,,,"{'model': ElasticNet(alpha=1.0, copy_X=True, fit_intercept=True, l1_ratio=0.5,
           max_iter=1000, normalize=False, positive=False, precompute=False,
           random_state=None, selection='cyclic', tol=0.0001, warm_start=False), 'model__alpha': 5.922448979591836, 'model__l1_ratio': 0.5499999999999999, 'model__max_iter': 100000.0}",-41.741849552772585,-17.474083670054583,-32.716310625001675,-103.03299090726459,-48.74130868877336,32.52314218224179,915
692,0.0057784318923950195,0.0009526608938688313,0.0015423893928527832,0.00032992446947101186,"ElasticNet(alpha=1.0, copy_X=True, fit_intercept=True, l1_ratio=0.5,
           max_iter=1000, normalize=False, positive=False, precompute=False,
           random_state=None, selection='cyclic', tol=0.0001, warm_start=False)",5.922448979591836,100000.0,0.6,,,,,"{'model': ElasticNet(alpha=1.0, copy_X=True, fit_intercept=True, l1_ratio=0.5,
           max_iter=1000, normalize=False, positive=False, precompute=False,
           random_state=None, selection='cyclic', tol=0.0001, warm_start=False), 'model__alpha': 5.922448979591836, 'model__l1_ratio': 0.6, 'model__max_iter': 100000.0}",-42.707226209290255,-17.637949431816423,-33.78083672531533,-102.29167301586148,-49.10442134557087,31.995151766180577,944
693,0.0054070353507995605,0.0012285158476899975,0.0014795660972595215,0.00022104683670251838,"ElasticNet(alpha=1.0, copy_X=True, fit_intercept=True, l1_ratio=0.5,
           max_iter=1000, normalize=False, positive=False, precompute=False,
           random_state=None, selection='cyclic', tol=0.0001, warm_start=False)",5.922448979591836,100000.0,0.65,,,,,"{'model': ElasticNet(alpha=1.0, copy_X=True, fit_intercept=True, l1_ratio=0.5,
           max_iter=1000, normalize=False, positive=False, precompute=False,
           random_state=None, selection='cyclic', tol=0.0001, warm_start=False), 'model__alpha': 5.922448979591836, 'model__l1_ratio': 0.65, 'model__max_iter': 100000.0}",-43.71603400861092,-17.858668086757337,-34.87456383161166,-102.21015708333253,-49.664855752578106,31.728470972543313,981
694,0.004604995250701904,0.0008865229370165199,0.0013977289199829102,0.00031364113601797935,"ElasticNet(alpha=1.0, copy_X=True, fit_intercept=True, l1_ratio=0.5,
           max_iter=1000, normalize=False, positive=False, precompute=False,
           random_state=None, selection='cyclic', tol=0.0001, warm_start=False)",5.922448979591836,100000.0,0.7,,,,,"{'model': ElasticNet(alpha=1.0, copy_X=True, fit_intercept=True, l1_ratio=0.5,
           max_iter=1000, normalize=False, positive=False, precompute=False,
           random_state=None, selection='cyclic', tol=0.0001, warm_start=False), 'model__alpha': 5.922448979591836, 'model__l1_ratio': 0.7, 'model__max_iter': 100000.0}",-44.68617373723907,-18.097494420297362,-35.63738930618895,-102.21015708333253,-50.157803636764484,31.536059093008497,1008
695,0.006244361400604248,0.000707829936748204,0.0016180872917175293,0.0002486017845557388,"ElasticNet(alpha=1.0, copy_X=True, fit_intercept=True, l1_ratio=0.5,
           max_iter=1000, normalize=False, positive=False, precompute=False,
           random_state=None, selection='cyclic', tol=0.0001, warm_start=False)",5.922448979591836,100000.0,0.75,,,,,"{'model': ElasticNet(alpha=1.0, copy_X=True, fit_intercept=True, l1_ratio=0.5,
           max_iter=1000, normalize=False, positive=False, precompute=False,
           random_state=None, selection='cyclic', tol=0.0001, warm_start=False), 'model__alpha': 5.922448979591836, 'model__l1_ratio': 0.75, 'model__max_iter': 100000.0}",-45.441685457493705,-18.28101342616126,-36.57995259554869,-102.21015708333253,-50.628202140634045,31.350007831042788,1037
696,0.005372941493988037,0.0005492956936334949,0.0015992522239685059,0.0003651716736081308,"ElasticNet(alpha=1.0, copy_X=True, fit_intercept=True, l1_ratio=0.5,
           max_iter=1000, normalize=False, positive=False, precompute=False,
           random_state=None, selection='cyclic', tol=0.0001, warm_start=False)",5.922448979591836,100000.0,0.7999999999999999,,,,,"{'model': ElasticNet(alpha=1.0, copy_X=True, fit_intercept=True, l1_ratio=0.5,
           max_iter=1000, normalize=False, positive=False, precompute=False,
           random_state=None, selection='cyclic', tol=0.0001, warm_start=False), 'model__alpha': 5.922448979591836, 'model__l1_ratio': 0.7999999999999999, 'model__max_iter': 100000.0}",-45.519004245448016,-18.195658665942595,-37.518406673057235,-102.21015708333253,-50.860806666945095,31.266284448346102,1061
697,0.004094958305358887,0.0007986826413867278,0.0013315081596374512,0.0002666192647421015,"ElasticNet(alpha=1.0, copy_X=True, fit_intercept=True, l1_ratio=0.5,
           max_iter=1000, normalize=False, positive=False, precompute=False,
           random_state=None, selection='cyclic', tol=0.0001, warm_start=False)",5.922448979591836,100000.0,0.85,,,,,"{'model': ElasticNet(alpha=1.0, copy_X=True, fit_intercept=True, l1_ratio=0.5,
           max_iter=1000, normalize=False, positive=False, precompute=False,
           random_state=None, selection='cyclic', tol=0.0001, warm_start=False), 'model__alpha': 5.922448979591836, 'model__l1_ratio': 0.85, 'model__max_iter': 100000.0}",-45.519004245448016,-18.141520790589244,-37.97678979078923,-102.21015708333253,-50.961867977539754,31.232192313641036,1075
698,0.0051035284996032715,0.0005173927175847899,0.001736462116241455,0.00023886456351010575,"ElasticNet(alpha=1.0, copy_X=True, fit_intercept=True, l1_ratio=0.5,
           max_iter=1000, normalize=False, positive=False, precompute=False,
           random_state=None, selection='cyclic', tol=0.0001, warm_start=False)",5.922448979591836,100000.0,0.9,,,,,"{'model': ElasticNet(alpha=1.0, copy_X=True, fit_intercept=True, l1_ratio=0.5,
           max_iter=1000, normalize=False, positive=False, precompute=False,
           random_state=None, selection='cyclic', tol=0.0001, warm_start=False), 'model__alpha': 5.922448979591836, 'model__l1_ratio': 0.9, 'model__max_iter': 100000.0}",-45.519004245448016,-18.141520790589244,-37.97678979078923,-102.21015708333253,-50.961867977539754,31.232192313641036,1075
699,0.005282759666442871,0.00021696676911828948,0.0017737150192260742,2.9085845218090027e-05,"ElasticNet(alpha=1.0, copy_X=True, fit_intercept=True, l1_ratio=0.5,
           max_iter=1000, normalize=False, positive=False, precompute=False,
           random_state=None, selection='cyclic', tol=0.0001, warm_start=False)",5.922448979591836,100000.0,0.95,,,,,"{'model': ElasticNet(alpha=1.0, copy_X=True, fit_intercept=True, l1_ratio=0.5,
           max_iter=1000, normalize=False, positive=False, precompute=False,
           random_state=None, selection='cyclic', tol=0.0001, warm_start=False), 'model__alpha': 5.922448979591836, 'model__l1_ratio': 0.95, 'model__max_iter': 100000.0}",-45.519004245448016,-18.141520790589244,-37.97678979078923,-102.21015708333253,-50.961867977539754,31.232192313641036,1075
700,0.004461884498596191,6.12131286329239e-05,0.0013991594314575195,0.0001795272507252502,"ElasticNet(alpha=1.0, copy_X=True, fit_intercept=True, l1_ratio=0.5,
           max_iter=1000, normalize=False, positive=False, precompute=False,
           random_state=None, selection='cyclic', tol=0.0001, warm_start=False)",5.922448979591836,100000.0,1.0,,,,,"{'model': ElasticNet(alpha=1.0, copy_X=True, fit_intercept=True, l1_ratio=0.5,
           max_iter=1000, normalize=False, positive=False, precompute=False,
           random_state=None, selection='cyclic', tol=0.0001, warm_start=False), 'model__alpha': 5.922448979591836, 'model__l1_ratio': 1.0, 'model__max_iter': 100000.0}",-45.519004245448016,-18.141520790589244,-37.97678979078923,-102.21015708333253,-50.961867977539754,31.232192313641036,1075
701,0.004615664482116699,0.0008492349054703509,0.0014760494232177734,0.0004357373656900768,"ElasticNet(alpha=1.0, copy_X=True, fit_intercept=True, l1_ratio=0.5,
           max_iter=1000, normalize=False, positive=False, precompute=False,
           random_state=None, selection='cyclic', tol=0.0001, warm_start=False)",6.1263265306122445,100000.0,0.05,,,,,"{'model': ElasticNet(alpha=1.0, copy_X=True, fit_intercept=True, l1_ratio=0.5,
           max_iter=1000, normalize=False, positive=False, precompute=False,
           random_state=None, selection='cyclic', tol=0.0001, warm_start=False), 'model__alpha': 6.1263265306122445, 'model__l1_ratio': 0.05, 'model__max_iter': 100000.0}",-27.21681563170488,-10.172233990980484,-18.485629091524014,-57.090004713056516,-28.241170856816474,17.712718545497804,400
702,0.005832254886627197,0.0009198961442858439,0.0016711950302124023,0.00027767620714206265,"ElasticNet(alpha=1.0, copy_X=True, fit_intercept=True, l1_ratio=0.5,
           max_iter=1000, normalize=False, positive=False, precompute=False,
           random_state=None, selection='cyclic', tol=0.0001, warm_start=False)",6.1263265306122445,100000.0,0.1,,,,,"{'model': ElasticNet(alpha=1.0, copy_X=True, fit_intercept=True, l1_ratio=0.5,
           max_iter=1000, normalize=False, positive=False, precompute=False,
           random_state=None, selection='cyclic', tol=0.0001, warm_start=False), 'model__alpha': 6.1263265306122445, 'model__l1_ratio': 0.1, 'model__max_iter': 100000.0}",-29.256676537967742,-11.233472170453087,-19.690892207241177,-64.48299204815463,-31.16600824095416,20.264817046733302,483
703,0.005414485931396484,0.001006306910593902,0.0014500617980957031,0.00019994678154261817,"ElasticNet(alpha=1.0, copy_X=True, fit_intercept=True, l1_ratio=0.5,
           max_iter=1000, normalize=False, positive=False, precompute=False,
           random_state=None, selection='cyclic', tol=0.0001, warm_start=False)",6.1263265306122445,100000.0,0.15,,,,,"{'model': ElasticNet(alpha=1.0, copy_X=True, fit_intercept=True, l1_ratio=0.5,
           max_iter=1000, normalize=False, positive=False, precompute=False,
           random_state=None, selection='cyclic', tol=0.0001, warm_start=False), 'model__alpha': 6.1263265306122445, 'model__l1_ratio': 0.15, 'model__max_iter': 100000.0}",-31.526784793108718,-12.37137754803516,-21.030950754378768,-72.453061534446,-34.34554365749216,23.02319852159742,569
704,0.0045896172523498535,0.00023680896864633139,0.001601576805114746,0.00011731363108387135,"ElasticNet(alpha=1.0, copy_X=True, fit_intercept=True, l1_ratio=0.5,
           max_iter=1000, normalize=False, positive=False, precompute=False,
           random_state=None, selection='cyclic', tol=0.0001, warm_start=False)",6.1263265306122445,100000.0,0.2,,,,,"{'model': ElasticNet(alpha=1.0, copy_X=True, fit_intercept=True, l1_ratio=0.5,
           max_iter=1000, normalize=False, positive=False, precompute=False,
           random_state=None, selection='cyclic', tol=0.0001, warm_start=False), 'model__alpha': 6.1263265306122445, 'model__l1_ratio': 0.2, 'model__max_iter': 100000.0}",-33.87948687143251,-13.621566381984435,-22.533110329597267,-81.12284440434907,-37.78925199684082,26.02841418923489,628
705,0.0051975250244140625,0.0009714642434857996,0.0013400912284851074,0.0003717187413821592,"ElasticNet(alpha=1.0, copy_X=True, fit_intercept=True, l1_ratio=0.5,
           max_iter=1000, normalize=False, positive=False, precompute=False,
           random_state=None, selection='cyclic', tol=0.0001, warm_start=False)",6.1263265306122445,100000.0,0.25,,,,,"{'model': ElasticNet(alpha=1.0, copy_X=True, fit_intercept=True, l1_ratio=0.5,
           max_iter=1000, normalize=False, positive=False, precompute=False,
           random_state=None, selection='cyclic', tol=0.0001, warm_start=False), 'model__alpha': 6.1263265306122445, 'model__l1_ratio': 0.25, 'model__max_iter': 100000.0}",-36.364389235483344,-14.994981108013581,-24.38114457775325,-90.00268834609878,-41.435800816837244,29.04496525223982,679
706,0.005472719669342041,0.00022552604174283785,0.0015400052070617676,0.0002940110682653079,"ElasticNet(alpha=1.0, copy_X=True, fit_intercept=True, l1_ratio=0.5,
           max_iter=1000, normalize=False, positive=False, precompute=False,
           random_state=None, selection='cyclic', tol=0.0001, warm_start=False)",6.1263265306122445,100000.0,0.3,,,,,"{'model': ElasticNet(alpha=1.0, copy_X=True, fit_intercept=True, l1_ratio=0.5,
           max_iter=1000, normalize=False, positive=False, precompute=False,
           random_state=None, selection='cyclic', tol=0.0001, warm_start=False), 'model__alpha': 6.1263265306122445, 'model__l1_ratio': 0.3, 'model__max_iter': 100000.0}",-37.659613667289236,-16.170259831254203,-26.39961656340216,-100.18641101616662,-45.10397526952805,32.69750055859732,725
707,0.006373047828674316,0.0011905251028267389,0.001311182975769043,0.00029329587002129655,"ElasticNet(alpha=1.0, copy_X=True, fit_intercept=True, l1_ratio=0.5,
           max_iter=1000, normalize=False, positive=False, precompute=False,
           random_state=None, selection='cyclic', tol=0.0001, warm_start=False)",6.1263265306122445,100000.0,0.35,,,,,"{'model': ElasticNet(alpha=1.0, copy_X=True, fit_intercept=True, l1_ratio=0.5,
           max_iter=1000, normalize=False, positive=False, precompute=False,
           random_state=None, selection='cyclic', tol=0.0001, warm_start=False), 'model__alpha': 6.1263265306122445, 'model__l1_ratio': 0.35, 'model__max_iter': 100000.0}",-38.62766421009409,-16.70996981136794,-28.19067925419487,-104.29276622191786,-46.95526987439369,33.99935859890794,768
708,0.005435645580291748,0.0007785218619932967,0.0017976164817810059,0.0006231742062092869,"ElasticNet(alpha=1.0, copy_X=True, fit_intercept=True, l1_ratio=0.5,
           max_iter=1000, normalize=False, positive=False, precompute=False,
           random_state=None, selection='cyclic', tol=0.0001, warm_start=False)",6.1263265306122445,100000.0,0.39999999999999997,,,,,"{'model': ElasticNet(alpha=1.0, copy_X=True, fit_intercept=True, l1_ratio=0.5,
           max_iter=1000, normalize=False, positive=False, precompute=False,
           random_state=None, selection='cyclic', tol=0.0001, warm_start=False), 'model__alpha': 6.1263265306122445, 'model__l1_ratio': 0.39999999999999997, 'model__max_iter': 100000.0}",-39.629370521910474,-17.122838782222868,-29.542908186301947,-104.13370040931851,-47.60720447493845,33.59503657273062,804
709,0.0055789947509765625,0.0007567535650463177,0.0016452670097351074,0.00018477896523216663,"ElasticNet(alpha=1.0, copy_X=True, fit_intercept=True, l1_ratio=0.5,
           max_iter=1000, normalize=False, positive=False, precompute=False,
           random_state=None, selection='cyclic', tol=0.0001, warm_start=False)",6.1263265306122445,100000.0,0.44999999999999996,,,,,"{'model': ElasticNet(alpha=1.0, copy_X=True, fit_intercept=True, l1_ratio=0.5,
           max_iter=1000, normalize=False, positive=False, precompute=False,
           random_state=None, selection='cyclic', tol=0.0001, warm_start=False), 'model__alpha': 6.1263265306122445, 'model__l1_ratio': 0.44999999999999996, 'model__max_iter': 100000.0}",-40.46673862205666,-17.289769499702142,-31.14209136789409,-104.41421594711468,-48.328203859191895,33.4147806279392,877
710,0.00508040189743042,0.00039415405988810036,0.001489400863647461,0.0002003118355400728,"ElasticNet(alpha=1.0, copy_X=True, fit_intercept=True, l1_ratio=0.5,
           max_iter=1000, normalize=False, positive=False, precompute=False,
           random_state=None, selection='cyclic', tol=0.0001, warm_start=False)",6.1263265306122445,100000.0,0.49999999999999994,,,,,"{'model': ElasticNet(alpha=1.0, copy_X=True, fit_intercept=True, l1_ratio=0.5,
           max_iter=1000, normalize=False, positive=False, precompute=False,
           random_state=None, selection='cyclic', tol=0.0001, warm_start=False), 'model__alpha': 6.1263265306122445, 'model__l1_ratio': 0.49999999999999994, 'model__max_iter': 100000.0}",-41.27567398288301,-17.40528301795964,-32.14494309393507,-103.59338164597979,-48.60482043518938,32.87018766637352,904
711,0.0042743682861328125,0.0006305161099546212,0.001513361930847168,0.0004585640802670756,"ElasticNet(alpha=1.0, copy_X=True, fit_intercept=True, l1_ratio=0.5,
           max_iter=1000, normalize=False, positive=False, precompute=False,
           random_state=None, selection='cyclic', tol=0.0001, warm_start=False)",6.1263265306122445,100000.0,0.5499999999999999,,,,,"{'model': ElasticNet(alpha=1.0, copy_X=True, fit_intercept=True, l1_ratio=0.5,
           max_iter=1000, normalize=False, positive=False, precompute=False,
           random_state=None, selection='cyclic', tol=0.0001, warm_start=False), 'model__alpha': 6.1263265306122445, 'model__l1_ratio': 0.5499999999999999, 'model__max_iter': 100000.0}",-42.18166793926286,-17.53524076050949,-33.242023733179416,-102.70993682788867,-48.91721731521011,32.28608231219548,930
712,0.00490570068359375,0.0004712452834138077,0.0016148090362548828,0.00011514087046157707,"ElasticNet(alpha=1.0, copy_X=True, fit_intercept=True, l1_ratio=0.5,
           max_iter=1000, normalize=False, positive=False, precompute=False,
           random_state=None, selection='cyclic', tol=0.0001, warm_start=False)",6.1263265306122445,100000.0,0.6,,,,,"{'model': ElasticNet(alpha=1.0, copy_X=True, fit_intercept=True, l1_ratio=0.5,
           max_iter=1000, normalize=False, positive=False, precompute=False,
           random_state=None, selection='cyclic', tol=0.0001, warm_start=False), 'model__alpha': 6.1263265306122445, 'model__l1_ratio': 0.6, 'model__max_iter': 100000.0}",-43.202379333302474,-17.724445469083374,-34.37222980346335,-102.21015708333253,-49.37730292229543,31.845312702131597,962
713,0.006229400634765625,0.00152061471698467,0.001613020896911621,0.00027798095718517844,"ElasticNet(alpha=1.0, copy_X=True, fit_intercept=True, l1_ratio=0.5,
           max_iter=1000, normalize=False, positive=False, precompute=False,
           random_state=None, selection='cyclic', tol=0.0001, warm_start=False)",6.1263265306122445,100000.0,0.65,,,,,"{'model': ElasticNet(alpha=1.0, copy_X=True, fit_intercept=True, l1_ratio=0.5,
           max_iter=1000, normalize=False, positive=False, precompute=False,
           random_state=None, selection='cyclic', tol=0.0001, warm_start=False), 'model__alpha': 6.1263265306122445, 'model__l1_ratio': 0.65, 'model__max_iter': 100000.0}",-44.20276618388997,-17.955402667480715,-35.32279130940406,-102.21015708333253,-49.922779311026815,31.62973776209776,995
714,0.004695534706115723,0.0007732139941266314,0.001431286334991455,0.0002957246052348461,"ElasticNet(alpha=1.0, copy_X=True, fit_intercept=True, l1_ratio=0.5,
           max_iter=1000, normalize=False, positive=False, precompute=False,
           random_state=None, selection='cyclic', tol=0.0001, warm_start=False)",6.1263265306122445,100000.0,0.7,,,,,"{'model': ElasticNet(alpha=1.0, copy_X=True, fit_intercept=True, l1_ratio=0.5,
           max_iter=1000, normalize=False, positive=False, precompute=False,
           random_state=None, selection='cyclic', tol=0.0001, warm_start=False), 'model__alpha': 6.1263265306122445, 'model__l1_ratio': 0.7, 'model__max_iter': 100000.0}",-45.13136379603061,-18.1785672261612,-36.15946158897025,-102.21015708333253,-50.41988742362365,31.436694270573053,1026
715,0.0038480162620544434,0.0008503013260634076,0.001387178897857666,0.00030763505857141194,"ElasticNet(alpha=1.0, copy_X=True, fit_intercept=True, l1_ratio=0.5,
           max_iter=1000, normalize=False, positive=False, precompute=False,
           random_state=None, selection='cyclic', tol=0.0001, warm_start=False)",6.1263265306122445,100000.0,0.75,,,,,"{'model': ElasticNet(alpha=1.0, copy_X=True, fit_intercept=True, l1_ratio=0.5,
           max_iter=1000, normalize=False, positive=False, precompute=False,
           random_state=None, selection='cyclic', tol=0.0001, warm_start=False), 'model__alpha': 6.1263265306122445, 'model__l1_ratio': 0.75, 'model__max_iter': 100000.0}",-45.519004245448016,-18.228247560804814,-37.19780251102603,-102.21015708333253,-50.78880285015285,31.292297372824557,1053
716,0.0048653483390808105,0.00040704306055241557,0.0015631318092346191,0.00013933208841781228,"ElasticNet(alpha=1.0, copy_X=True, fit_intercept=True, l1_ratio=0.5,
           max_iter=1000, normalize=False, positive=False, precompute=False,
           random_state=None, selection='cyclic', tol=0.0001, warm_start=False)",6.1263265306122445,100000.0,0.7999999999999999,,,,,"{'model': ElasticNet(alpha=1.0, copy_X=True, fit_intercept=True, l1_ratio=0.5,
           max_iter=1000, normalize=False, positive=False, precompute=False,
           random_state=None, selection='cyclic', tol=0.0001, warm_start=False), 'model__alpha': 6.1263265306122445, 'model__l1_ratio': 0.7999999999999999, 'model__max_iter': 100000.0}",-45.519004245448016,-18.148510495376737,-37.97678979078923,-102.21015708333253,-50.963615403736625,31.2303561236151,1276
717,0.005401015281677246,0.00031260692296900363,0.0016857385635375977,0.00014884658258100268,"ElasticNet(alpha=1.0, copy_X=True, fit_intercept=True, l1_ratio=0.5,
           max_iter=1000, normalize=False, positive=False, precompute=False,
           random_state=None, selection='cyclic', tol=0.0001, warm_start=False)",6.1263265306122445,100000.0,0.85,,,,,"{'model': ElasticNet(alpha=1.0, copy_X=True, fit_intercept=True, l1_ratio=0.5,
           max_iter=1000, normalize=False, positive=False, precompute=False,
           random_state=None, selection='cyclic', tol=0.0001, warm_start=False), 'model__alpha': 6.1263265306122445, 'model__l1_ratio': 0.85, 'model__max_iter': 100000.0}",-45.519004245448016,-18.141520790589244,-37.97678979078923,-102.21015708333253,-50.961867977539754,31.232192313641036,1075
718,0.005823493003845215,0.00061094595746073,0.0015023350715637207,7.337104195753934e-05,"ElasticNet(alpha=1.0, copy_X=True, fit_intercept=True, l1_ratio=0.5,
           max_iter=1000, normalize=False, positive=False, precompute=False,
           random_state=None, selection='cyclic', tol=0.0001, warm_start=False)",6.1263265306122445,100000.0,0.9,,,,,"{'model': ElasticNet(alpha=1.0, copy_X=True, fit_intercept=True, l1_ratio=0.5,
           max_iter=1000, normalize=False, positive=False, precompute=False,
           random_state=None, selection='cyclic', tol=0.0001, warm_start=False), 'model__alpha': 6.1263265306122445, 'model__l1_ratio': 0.9, 'model__max_iter': 100000.0}",-45.519004245448016,-18.141520790589244,-37.97678979078923,-102.21015708333253,-50.961867977539754,31.232192313641036,1075
719,0.004529416561126709,0.00011245681164915535,0.0013818144798278809,0.0002840445135052207,"ElasticNet(alpha=1.0, copy_X=True, fit_intercept=True, l1_ratio=0.5,
           max_iter=1000, normalize=False, positive=False, precompute=False,
           random_state=None, selection='cyclic', tol=0.0001, warm_start=False)",6.1263265306122445,100000.0,0.95,,,,,"{'model': ElasticNet(alpha=1.0, copy_X=True, fit_intercept=True, l1_ratio=0.5,
           max_iter=1000, normalize=False, positive=False, precompute=False,
           random_state=None, selection='cyclic', tol=0.0001, warm_start=False), 'model__alpha': 6.1263265306122445, 'model__l1_ratio': 0.95, 'model__max_iter': 100000.0}",-45.519004245448016,-18.141520790589244,-37.97678979078923,-102.21015708333253,-50.961867977539754,31.232192313641036,1075
720,0.005041003227233887,0.00016552298928166397,0.0017251968383789062,0.0001212050742081621,"ElasticNet(alpha=1.0, copy_X=True, fit_intercept=True, l1_ratio=0.5,
           max_iter=1000, normalize=False, positive=False, precompute=False,
           random_state=None, selection='cyclic', tol=0.0001, warm_start=False)",6.1263265306122445,100000.0,1.0,,,,,"{'model': ElasticNet(alpha=1.0, copy_X=True, fit_intercept=True, l1_ratio=0.5,
           max_iter=1000, normalize=False, positive=False, precompute=False,
           random_state=None, selection='cyclic', tol=0.0001, warm_start=False), 'model__alpha': 6.1263265306122445, 'model__l1_ratio': 1.0, 'model__max_iter': 100000.0}",-45.519004245448016,-18.141520790589244,-37.97678979078923,-102.21015708333253,-50.961867977539754,31.232192313641036,1075
721,0.0059944987297058105,0.0006871533332065746,0.0015687942504882812,0.0003144697224453945,"ElasticNet(alpha=1.0, copy_X=True, fit_intercept=True, l1_ratio=0.5,
           max_iter=1000, normalize=False, positive=False, precompute=False,
           random_state=None, selection='cyclic', tol=0.0001, warm_start=False)",6.330204081632653,100000.0,0.05,,,,,"{'model': ElasticNet(alpha=1.0, copy_X=True, fit_intercept=True, l1_ratio=0.5,
           max_iter=1000, normalize=False, positive=False, precompute=False,
           random_state=None, selection='cyclic', tol=0.0001, warm_start=False), 'model__alpha': 6.330204081632653, 'model__l1_ratio': 0.05, 'model__max_iter': 100000.0}",-27.579139437857084,-10.34757188542422,-18.812982250914796,-58.16327042406738,-28.72574099956587,18.054796590910776,406
722,0.0050598978996276855,0.0005604478761539874,0.0016957521438598633,0.00013572086248771404,"ElasticNet(alpha=1.0, copy_X=True, fit_intercept=True, l1_ratio=0.5,
           max_iter=1000, normalize=False, positive=False, precompute=False,
           random_state=None, selection='cyclic', tol=0.0001, warm_start=False)",6.330204081632653,100000.0,0.1,,,,,"{'model': ElasticNet(alpha=1.0, copy_X=True, fit_intercept=True, l1_ratio=0.5,
           max_iter=1000, normalize=False, positive=False, precompute=False,
           random_state=None, selection='cyclic', tol=0.0001, warm_start=False), 'model__alpha': 6.330204081632653, 'model__l1_ratio': 0.1, 'model__max_iter': 100000.0}",-29.675697536717472,-11.439044545623254,-20.05797832518956,-65.72120481328598,-31.723481305204068,20.66144329738743,504
723,0.005611717700958252,0.0016404687110339663,0.001628577709197998,0.0003792920905065392,"ElasticNet(alpha=1.0, copy_X=True, fit_intercept=True, l1_ratio=0.5,
           max_iter=1000, normalize=False, positive=False, precompute=False,
           random_state=None, selection='cyclic', tol=0.0001, warm_start=False)",6.330204081632653,100000.0,0.15,,,,,"{'model': ElasticNet(alpha=1.0, copy_X=True, fit_intercept=True, l1_ratio=0.5,
           max_iter=1000, normalize=False, positive=False, precompute=False,
           random_state=None, selection='cyclic', tol=0.0001, warm_start=False), 'model__alpha': 6.330204081632653, 'model__l1_ratio': 0.15, 'model__max_iter': 100000.0}",-31.99334072970129,-12.615562132410892,-21.44601312774745,-73.94251503081499,-34.99935775516866,23.507089856169788,588
724,0.005385279655456543,0.00046000856863318034,0.0015746355056762695,0.0002868158908409107,"ElasticNet(alpha=1.0, copy_X=True, fit_intercept=True, l1_ratio=0.5,
           max_iter=1000, normalize=False, positive=False, precompute=False,
           random_state=None, selection='cyclic', tol=0.0001, warm_start=False)",6.330204081632653,100000.0,0.2,,,,,"{'model': ElasticNet(alpha=1.0, copy_X=True, fit_intercept=True, l1_ratio=0.5,
           max_iter=1000, normalize=False, positive=False, precompute=False,
           random_state=None, selection='cyclic', tol=0.0001, warm_start=False), 'model__alpha': 6.330204081632653, 'model__l1_ratio': 0.2, 'model__max_iter': 100000.0}",-34.40831728981373,-13.901234749575385,-23.003900487177795,-82.72132506776676,-38.508694398583415,26.54004289623725,638
725,0.005563139915466309,0.00045925225242764004,0.0016955733299255371,0.0001791936002814881,"ElasticNet(alpha=1.0, copy_X=True, fit_intercept=True, l1_ratio=0.5,
           max_iter=1000, normalize=False, positive=False, precompute=False,
           random_state=None, selection='cyclic', tol=0.0001, warm_start=False)",6.330204081632653,100000.0,0.25,,,,,"{'model': ElasticNet(alpha=1.0, copy_X=True, fit_intercept=True, l1_ratio=0.5,
           max_iter=1000, normalize=False, positive=False, precompute=False,
           random_state=None, selection='cyclic', tol=0.0001, warm_start=False), 'model__alpha': 6.330204081632653, 'model__l1_ratio': 0.25, 'model__max_iter': 100000.0}",-36.81429751156512,-15.307604434411552,-24.942095909261827,-91.90222261749403,-42.24155511818313,29.666251911737515,687
726,0.004386782646179199,0.0003910494081541631,0.00147169828414917,0.00012692082394475247,"ElasticNet(alpha=1.0, copy_X=True, fit_intercept=True, l1_ratio=0.5,
           max_iter=1000, normalize=False, positive=False, precompute=False,
           random_state=None, selection='cyclic', tol=0.0001, warm_start=False)",6.330204081632653,100000.0,0.3,,,,,"{'model': ElasticNet(alpha=1.0, copy_X=True, fit_intercept=True, l1_ratio=0.5,
           max_iter=1000, normalize=False, positive=False, precompute=False,
           random_state=None, selection='cyclic', tol=0.0001, warm_start=False), 'model__alpha': 6.330204081632653, 'model__l1_ratio': 0.3, 'model__max_iter': 100000.0}",-38.06060191985041,-16.36153831319176,-27.0051447299115,-102.00636845279847,-45.85841335393803,33.31257307655901,738
727,0.004377782344818115,0.0005251093125360508,0.0015224814414978027,0.00039967976665440923,"ElasticNet(alpha=1.0, copy_X=True, fit_intercept=True, l1_ratio=0.5,
           max_iter=1000, normalize=False, positive=False, precompute=False,
           random_state=None, selection='cyclic', tol=0.0001, warm_start=False)",6.330204081632653,100000.0,0.35,,,,,"{'model': ElasticNet(alpha=1.0, copy_X=True, fit_intercept=True, l1_ratio=0.5,
           max_iter=1000, normalize=False, positive=False, precompute=False,
           random_state=None, selection='cyclic', tol=0.0001, warm_start=False), 'model__alpha': 6.330204081632653, 'model__l1_ratio': 0.35, 'model__max_iter': 100000.0}",-38.99101416444986,-16.823630172233536,-28.649820561033412,-104.16804649077433,-47.158127847122785,33.836266628595574,776
728,0.005623221397399902,0.0015665130267495614,0.0013958215713500977,0.00042373328908762583,"ElasticNet(alpha=1.0, copy_X=True, fit_intercept=True, l1_ratio=0.5,
           max_iter=1000, normalize=False, positive=False, precompute=False,
           random_state=None, selection='cyclic', tol=0.0001, warm_start=False)",6.330204081632653,100000.0,0.39999999999999997,,,,,"{'model': ElasticNet(alpha=1.0, copy_X=True, fit_intercept=True, l1_ratio=0.5,
           max_iter=1000, normalize=False, positive=False, precompute=False,
           random_state=None, selection='cyclic', tol=0.0001, warm_start=False), 'model__alpha': 6.330204081632653, 'model__l1_ratio': 0.39999999999999997, 'model__max_iter': 100000.0}",-40.034252138967,-17.22976818408644,-30.064056293768534,-104.10421105048408,-47.85807191682652,33.46475872054736,829
729,0.005042135715484619,0.0003636535748199748,0.0017078518867492676,0.00019805764258016192,"ElasticNet(alpha=1.0, copy_X=True, fit_intercept=True, l1_ratio=0.5,
           max_iter=1000, normalize=False, positive=False, precompute=False,
           random_state=None, selection='cyclic', tol=0.0001, warm_start=False)",6.330204081632653,100000.0,0.44999999999999996,,,,,"{'model': ElasticNet(alpha=1.0, copy_X=True, fit_intercept=True, l1_ratio=0.5,
           max_iter=1000, normalize=False, positive=False, precompute=False,
           random_state=None, selection='cyclic', tol=0.0001, warm_start=False), 'model__alpha': 6.330204081632653, 'model__l1_ratio': 0.44999999999999996, 'model__max_iter': 100000.0}",-40.81314458673355,-17.33815936272841,-31.576506597457747,-104.24702710638154,-48.49370941332531,33.257644083378715,893
730,0.004822373390197754,0.0001436568886109029,0.001488029956817627,4.1502427817560387e-05,"ElasticNet(alpha=1.0, copy_X=True, fit_intercept=True, l1_ratio=0.5,
           max_iter=1000, normalize=False, positive=False, precompute=False,
           random_state=None, selection='cyclic', tol=0.0001, warm_start=False)",6.330204081632653,100000.0,0.49999999999999994,,,,,"{'model': ElasticNet(alpha=1.0, copy_X=True, fit_intercept=True, l1_ratio=0.5,
           max_iter=1000, normalize=False, positive=False, precompute=False,
           random_state=None, selection='cyclic', tol=0.0001, warm_start=False), 'model__alpha': 6.330204081632653, 'model__l1_ratio': 0.49999999999999994, 'model__max_iter': 100000.0}",-41.662657169157164,-17.459419485469155,-32.61884019693045,-103.25036659817756,-48.747820862433585,32.633706172727265,916
731,0.005460560321807861,0.0010142777425587684,0.001654207706451416,2.1121501115229895e-05,"ElasticNet(alpha=1.0, copy_X=True, fit_intercept=True, l1_ratio=0.5,
           max_iter=1000, normalize=False, positive=False, precompute=False,
           random_state=None, selection='cyclic', tol=0.0001, warm_start=False)",6.330204081632653,100000.0,0.5499999999999999,,,,,"{'model': ElasticNet(alpha=1.0, copy_X=True, fit_intercept=True, l1_ratio=0.5,
           max_iter=1000, normalize=False, positive=False, precompute=False,
           random_state=None, selection='cyclic', tol=0.0001, warm_start=False), 'model__alpha': 6.330204081632653, 'model__l1_ratio': 0.5499999999999999, 'model__max_iter': 100000.0}",-42.61612401741124,-17.60038759205037,-33.740557585635635,-102.44451823570628,-49.10039685770088,32.07731412563417,942
732,0.006093084812164307,0.001257647647351739,0.0014524459838867188,0.0003545122729753281,"ElasticNet(alpha=1.0, copy_X=True, fit_intercept=True, l1_ratio=0.5,
           max_iter=1000, normalize=False, positive=False, precompute=False,
           random_state=None, selection='cyclic', tol=0.0001, warm_start=False)",6.330204081632653,100000.0,0.6,,,,,"{'model': ElasticNet(alpha=1.0, copy_X=True, fit_intercept=True, l1_ratio=0.5,
           max_iter=1000, normalize=False, positive=False, precompute=False,
           random_state=None, selection='cyclic', tol=0.0001, warm_start=False), 'model__alpha': 6.330204081632653, 'model__l1_ratio': 0.6, 'model__max_iter': 100000.0}",-43.65918929324274,-17.80958740790971,-34.97553085806373,-102.21015708333253,-49.663616160637176,31.73173136854357,980
733,0.0054662227630615234,0.0008341191630905706,0.001604914665222168,0.00010968828865764462,"ElasticNet(alpha=1.0, copy_X=True, fit_intercept=True, l1_ratio=0.5,
           max_iter=1000, normalize=False, positive=False, precompute=False,
           random_state=None, selection='cyclic', tol=0.0001, warm_start=False)",6.330204081632653,100000.0,0.65,,,,,"{'model': ElasticNet(alpha=1.0, copy_X=True, fit_intercept=True, l1_ratio=0.5,
           max_iter=1000, normalize=False, positive=False, precompute=False,
           random_state=None, selection='cyclic', tol=0.0001, warm_start=False), 'model__alpha': 6.330204081632653, 'model__l1_ratio': 0.65, 'model__max_iter': 100000.0}",-44.66930777098716,-18.04675302570042,-35.7678298273254,-102.21015708333253,-50.17351192683638,31.53474677548661,1009
734,0.005342841148376465,0.0009840180972813261,0.0015716552734375,0.0006030929325156201,"ElasticNet(alpha=1.0, copy_X=True, fit_intercept=True, l1_ratio=0.5,
           max_iter=1000, normalize=False, positive=False, precompute=False,
           random_state=None, selection='cyclic', tol=0.0001, warm_start=False)",6.330204081632653,100000.0,0.7,,,,,"{'model': ElasticNet(alpha=1.0, copy_X=True, fit_intercept=True, l1_ratio=0.5,
           max_iter=1000, normalize=False, positive=False, precompute=False,
           random_state=None, selection='cyclic', tol=0.0001, warm_start=False), 'model__alpha': 6.330204081632653, 'model__l1_ratio': 0.7, 'model__max_iter': 100000.0}",-45.43796726227065,-18.259570985787885,-36.68000534116576,-102.21015708333253,-50.646925168139205,31.344519809654507,1038
735,0.004813730716705322,0.0002144531964026366,0.0016134977340698242,5.913850183835222e-05,"ElasticNet(alpha=1.0, copy_X=True, fit_intercept=True, l1_ratio=0.5,
           max_iter=1000, normalize=False, positive=False, precompute=False,
           random_state=None, selection='cyclic', tol=0.0001, warm_start=False)",6.330204081632653,100000.0,0.75,,,,,"{'model': ElasticNet(alpha=1.0, copy_X=True, fit_intercept=True, l1_ratio=0.5,
           max_iter=1000, normalize=False, positive=False, precompute=False,
           random_state=None, selection='cyclic', tol=0.0001, warm_start=False), 'model__alpha': 6.330204081632653, 'model__l1_ratio': 0.75, 'model__max_iter': 100000.0}",-45.519004245448016,-18.18727416237874,-37.61167737193437,-102.21015708333253,-50.88202821577342,31.258550803266566,1065
736,0.005786299705505371,0.0006049334920384931,0.0015047788619995117,0.0004099595681894837,"ElasticNet(alpha=1.0, copy_X=True, fit_intercept=True, l1_ratio=0.5,
           max_iter=1000, normalize=False, positive=False, precompute=False,
           random_state=None, selection='cyclic', tol=0.0001, warm_start=False)",6.330204081632653,100000.0,0.7999999999999999,,,,,"{'model': ElasticNet(alpha=1.0, copy_X=True, fit_intercept=True, l1_ratio=0.5,
           max_iter=1000, normalize=False, positive=False, precompute=False,
           random_state=None, selection='cyclic', tol=0.0001, warm_start=False), 'model__alpha': 6.330204081632653, 'model__l1_ratio': 0.7999999999999999, 'model__max_iter': 100000.0}",-45.519004245448016,-18.141520790589244,-37.97678979078923,-102.21015708333253,-50.961867977539754,31.232192313641036,1075
737,0.005299270153045654,0.0007036368960885614,0.0016164183616638184,6.169800555117456e-05,"ElasticNet(alpha=1.0, copy_X=True, fit_intercept=True, l1_ratio=0.5,
           max_iter=1000, normalize=False, positive=False, precompute=False,
           random_state=None, selection='cyclic', tol=0.0001, warm_start=False)",6.330204081632653,100000.0,0.85,,,,,"{'model': ElasticNet(alpha=1.0, copy_X=True, fit_intercept=True, l1_ratio=0.5,
           max_iter=1000, normalize=False, positive=False, precompute=False,
           random_state=None, selection='cyclic', tol=0.0001, warm_start=False), 'model__alpha': 6.330204081632653, 'model__l1_ratio': 0.85, 'model__max_iter': 100000.0}",-45.519004245448016,-18.141520790589244,-37.97678979078923,-102.21015708333253,-50.961867977539754,31.232192313641036,1075
738,0.005084693431854248,0.00026998245427309006,0.0016559362411499023,0.00015518343707204263,"ElasticNet(alpha=1.0, copy_X=True, fit_intercept=True, l1_ratio=0.5,
           max_iter=1000, normalize=False, positive=False, precompute=False,
           random_state=None, selection='cyclic', tol=0.0001, warm_start=False)",6.330204081632653,100000.0,0.9,,,,,"{'model': ElasticNet(alpha=1.0, copy_X=True, fit_intercept=True, l1_ratio=0.5,
           max_iter=1000, normalize=False, positive=False, precompute=False,
           random_state=None, selection='cyclic', tol=0.0001, warm_start=False), 'model__alpha': 6.330204081632653, 'model__l1_ratio': 0.9, 'model__max_iter': 100000.0}",-45.519004245448016,-18.141520790589244,-37.97678979078923,-102.21015708333253,-50.961867977539754,31.232192313641036,1075
739,0.005349993705749512,0.00043077290796723,0.0015897750854492188,0.00011591373365999777,"ElasticNet(alpha=1.0, copy_X=True, fit_intercept=True, l1_ratio=0.5,
           max_iter=1000, normalize=False, positive=False, precompute=False,
           random_state=None, selection='cyclic', tol=0.0001, warm_start=False)",6.330204081632653,100000.0,0.95,,,,,"{'model': ElasticNet(alpha=1.0, copy_X=True, fit_intercept=True, l1_ratio=0.5,
           max_iter=1000, normalize=False, positive=False, precompute=False,
           random_state=None, selection='cyclic', tol=0.0001, warm_start=False), 'model__alpha': 6.330204081632653, 'model__l1_ratio': 0.95, 'model__max_iter': 100000.0}",-45.519004245448016,-18.141520790589244,-37.97678979078923,-102.21015708333253,-50.961867977539754,31.232192313641036,1075
740,0.005056977272033691,0.0006301100955849148,0.0013829469680786133,0.0003822494710925171,"ElasticNet(alpha=1.0, copy_X=True, fit_intercept=True, l1_ratio=0.5,
           max_iter=1000, normalize=False, positive=False, precompute=False,
           random_state=None, selection='cyclic', tol=0.0001, warm_start=False)",6.330204081632653,100000.0,1.0,,,,,"{'model': ElasticNet(alpha=1.0, copy_X=True, fit_intercept=True, l1_ratio=0.5,
           max_iter=1000, normalize=False, positive=False, precompute=False,
           random_state=None, selection='cyclic', tol=0.0001, warm_start=False), 'model__alpha': 6.330204081632653, 'model__l1_ratio': 1.0, 'model__max_iter': 100000.0}",-45.519004245448016,-18.141520790589244,-37.97678979078923,-102.21015708333253,-50.961867977539754,31.232192313641036,1075
741,0.005486786365509033,0.0007596992510830916,0.0015249848365783691,3.92979981901301e-05,"ElasticNet(alpha=1.0, copy_X=True, fit_intercept=True, l1_ratio=0.5,
           max_iter=1000, normalize=False, positive=False, precompute=False,
           random_state=None, selection='cyclic', tol=0.0001, warm_start=False)",6.534081632653061,100000.0,0.05,,,,,"{'model': ElasticNet(alpha=1.0, copy_X=True, fit_intercept=True, l1_ratio=0.5,
           max_iter=1000, normalize=False, positive=False, precompute=False,
           random_state=None, selection='cyclic', tol=0.0001, warm_start=False), 'model__alpha': 6.534081632653061, 'model__l1_ratio': 0.05, 'model__max_iter': 100000.0}",-27.9310905630795,-10.517934739506366,-19.13234199397733,-59.204773261069604,-29.1965351394082,18.386637822817438,424
742,0.005128622055053711,0.0007776897748213742,0.0014494061470031738,0.00021296781283107423,"ElasticNet(alpha=1.0, copy_X=True, fit_intercept=True, l1_ratio=0.5,
           max_iter=1000, normalize=False, positive=False, precompute=False,
           random_state=None, selection='cyclic', tol=0.0001, warm_start=False)",6.534081632653061,100000.0,0.1,,,,,"{'model': ElasticNet(alpha=1.0, copy_X=True, fit_intercept=True, l1_ratio=0.5,
           max_iter=1000, normalize=False, positive=False, precompute=False,
           random_state=None, selection='cyclic', tol=0.0001, warm_start=False), 'model__alpha': 6.534081632653061, 'model__l1_ratio': 0.1, 'model__max_iter': 100000.0}",-30.083176265557476,-11.63907960503836,-20.416566394146212,-66.92454661171651,-32.26584221911464,21.046724771043436,521
743,0.004991650581359863,0.00028985622927618437,0.0014940500259399414,0.00032625814180185043,"ElasticNet(alpha=1.0, copy_X=True, fit_intercept=True, l1_ratio=0.5,
           max_iter=1000, normalize=False, positive=False, precompute=False,
           random_state=None, selection='cyclic', tol=0.0001, warm_start=False)",6.534081632653061,100000.0,0.15,,,,,"{'model': ElasticNet(alpha=1.0, copy_X=True, fit_intercept=True, l1_ratio=0.5,
           max_iter=1000, normalize=False, positive=False, precompute=False,
           random_state=None, selection='cyclic', tol=0.0001, warm_start=False), 'model__alpha': 6.534081632653061, 'model__l1_ratio': 0.15, 'model__max_iter': 100000.0}",-32.444734184660675,-12.853562636923607,-21.85203548444264,-75.39198326878808,-35.63557889370375,23.977903955681953,598
744,0.004711508750915527,0.0006954001436904657,0.001585543155670166,0.0004821368798552851,"ElasticNet(alpha=1.0, copy_X=True, fit_intercept=True, l1_ratio=0.5,
           max_iter=1000, normalize=False, positive=False, precompute=False,
           random_state=None, selection='cyclic', tol=0.0001, warm_start=False)",6.534081632653061,100000.0,0.2,,,,,"{'model': ElasticNet(alpha=1.0, copy_X=True, fit_intercept=True, l1_ratio=0.5,
           max_iter=1000, normalize=False, positive=False, precompute=False,
           random_state=None, selection='cyclic', tol=0.0001, warm_start=False), 'model__alpha': 6.534081632653061, 'model__l1_ratio': 0.2, 'model__max_iter': 100000.0}",-34.92412783856832,-14.174556010723215,-23.465124924655864,-84.27559895375197,-39.209851931924845,27.03678723533575,650
745,0.0047231316566467285,0.0005535471871927777,0.001508474349975586,0.00025385774253451604,"ElasticNet(alpha=1.0, copy_X=True, fit_intercept=True, l1_ratio=0.5,
           max_iter=1000, normalize=False, positive=False, precompute=False,
           random_state=None, selection='cyclic', tol=0.0001, warm_start=False)",6.534081632653061,100000.0,0.25,,,,,"{'model': ElasticNet(alpha=1.0, copy_X=True, fit_intercept=True, l1_ratio=0.5,
           max_iter=1000, normalize=False, positive=False, precompute=False,
           random_state=None, selection='cyclic', tol=0.0001, warm_start=False), 'model__alpha': 6.534081632653061, 'model__l1_ratio': 0.25, 'model__max_iter': 100000.0}",-37.20295126881084,-15.612917785521166,-25.481553151749374,-93.7521155324815,-43.01238443464072,30.27511620008605,697
746,0.004920005798339844,0.0010271041257088537,0.0013075470924377441,0.0003992699916121849,"ElasticNet(alpha=1.0, copy_X=True, fit_intercept=True, l1_ratio=0.5,
           max_iter=1000, normalize=False, positive=False, precompute=False,
           random_state=None, selection='cyclic', tol=0.0001, warm_start=False)",6.534081632653061,100000.0,0.3,,,,,"{'model': ElasticNet(alpha=1.0, copy_X=True, fit_intercept=True, l1_ratio=0.5,
           max_iter=1000, normalize=False, positive=False, precompute=False,
           random_state=None, selection='cyclic', tol=0.0001, warm_start=False), 'model__alpha': 6.534081632653061, 'model__l1_ratio': 0.3, 'model__max_iter': 100000.0}",-38.38011716140141,-16.545455430771984,-27.595539405001198,-102.99436711721405,-46.37886977859716,33.58623488091031,752
747,0.005815029144287109,0.0015158056638603715,0.0014914870262145996,0.00033228440115172335,"ElasticNet(alpha=1.0, copy_X=True, fit_intercept=True, l1_ratio=0.5,
           max_iter=1000, normalize=False, positive=False, precompute=False,
           random_state=None, selection='cyclic', tol=0.0001, warm_start=False)",6.534081632653061,100000.0,0.35,,,,,"{'model': ElasticNet(alpha=1.0, copy_X=True, fit_intercept=True, l1_ratio=0.5,
           max_iter=1000, normalize=False, positive=False, precompute=False,
           random_state=None, selection='cyclic', tol=0.0001, warm_start=False), 'model__alpha': 6.534081632653061, 'model__l1_ratio': 0.35, 'model__max_iter': 100000.0}",-39.345935999022984,-16.933808817598415,-29.095696435988888,-104.04857640836501,-47.356004415243824,33.67921372191758,788
748,0.005294442176818848,0.0008546923734581426,0.001616835594177246,0.00016843572360397132,"ElasticNet(alpha=1.0, copy_X=True, fit_intercept=True, l1_ratio=0.5,
           max_iter=1000, normalize=False, positive=False, precompute=False,
           random_state=None, selection='cyclic', tol=0.0001, warm_start=False)",6.534081632653061,100000.0,0.39999999999999997,,,,,"{'model': ElasticNet(alpha=1.0, copy_X=True, fit_intercept=True, l1_ratio=0.5,
           max_iter=1000, normalize=False, positive=False, precompute=False,
           random_state=None, selection='cyclic', tol=0.0001, warm_start=False), 'model__alpha': 6.534081632653061, 'model__l1_ratio': 0.39999999999999997, 'model__max_iter': 100000.0}",-40.35785458498996,-17.272701865973627,-30.589646420369316,-104.07922324722084,-48.07485652963844,33.356208248768226,854
749,0.004806935787200928,0.0002911103726088305,0.0015600919723510742,2.625339339098876e-05,"ElasticNet(alpha=1.0, copy_X=True, fit_intercept=True, l1_ratio=0.5,
           max_iter=1000, normalize=False, positive=False, precompute=False,
           random_state=None, selection='cyclic', tol=0.0001, warm_start=False)",6.534081632653061,100000.0,0.44999999999999996,,,,,"{'model': ElasticNet(alpha=1.0, copy_X=True, fit_intercept=True, l1_ratio=0.5,
           max_iter=1000, normalize=False, positive=False, precompute=False,
           random_state=None, selection='cyclic', tol=0.0001, warm_start=False), 'model__alpha': 6.534081632653061, 'model__l1_ratio': 0.44999999999999996, 'model__max_iter': 100000.0}",-41.15374918463131,-17.386077156072467,-31.990624915434367,-103.89779812821658,-48.60706234608868,33.02829563243422,906
750,0.004866182804107666,0.0008880549032615233,0.001556992530822754,0.0003867464451058789,"ElasticNet(alpha=1.0, copy_X=True, fit_intercept=True, l1_ratio=0.5,
           max_iter=1000, normalize=False, positive=False, precompute=False,
           random_state=None, selection='cyclic', tol=0.0001, warm_start=False)",6.534081632653061,100000.0,0.49999999999999994,,,,,"{'model': ElasticNet(alpha=1.0, copy_X=True, fit_intercept=True, l1_ratio=0.5,
           max_iter=1000, normalize=False, positive=False, precompute=False,
           random_state=None, selection='cyclic', tol=0.0001, warm_start=False), 'model__alpha': 6.534081632653061, 'model__l1_ratio': 0.49999999999999994, 'model__max_iter': 100000.0}",-42.04399165701903,-17.513137411940885,-33.0927346906097,-102.92671453110815,-48.89414457266944,32.407157295742245,928
751,0.005256235599517822,0.0007852243127155532,0.001566469669342041,0.00011913241947832852,"ElasticNet(alpha=1.0, copy_X=True, fit_intercept=True, l1_ratio=0.5,
           max_iter=1000, normalize=False, positive=False, precompute=False,
           random_state=None, selection='cyclic', tol=0.0001, warm_start=False)",6.534081632653061,100000.0,0.5499999999999999,,,,,"{'model': ElasticNet(alpha=1.0, copy_X=True, fit_intercept=True, l1_ratio=0.5,
           max_iter=1000, normalize=False, positive=False, precompute=False,
           random_state=None, selection='cyclic', tol=0.0001, warm_start=False), 'model__alpha': 6.534081632653061, 'model__l1_ratio': 0.5499999999999999, 'model__max_iter': 100000.0}",-43.0452409553013,-17.67550504807539,-34.239330279457,-102.21939753258731,-49.294868453855244,31.88462401371455,959
752,0.005088686943054199,0.00035616338410176656,0.0016033649444580078,0.00020718444202658524,"ElasticNet(alpha=1.0, copy_X=True, fit_intercept=True, l1_ratio=0.5,
           max_iter=1000, normalize=False, positive=False, precompute=False,
           random_state=None, selection='cyclic', tol=0.0001, warm_start=False)",6.534081632653061,100000.0,0.6,,,,,"{'model': ElasticNet(alpha=1.0, copy_X=True, fit_intercept=True, l1_ratio=0.5,
           max_iter=1000, normalize=False, positive=False, precompute=False,
           random_state=None, selection='cyclic', tol=0.0001, warm_start=False), 'model__alpha': 6.534081632653061, 'model__l1_ratio': 0.6, 'model__max_iter': 100000.0}",-44.084731603151,-17.89341285614561,-35.40350675101527,-102.21015708333253,-49.897952073411105,31.641506763068772,994
753,0.005135774612426758,0.0024326034214486006,0.001230478286743164,0.0002863929682591361,"ElasticNet(alpha=1.0, copy_X=True, fit_intercept=True, l1_ratio=0.5,
           max_iter=1000, normalize=False, positive=False, precompute=False,
           random_state=None, selection='cyclic', tol=0.0001, warm_start=False)",6.534081632653061,100000.0,0.65,,,,,"{'model': ElasticNet(alpha=1.0, copy_X=True, fit_intercept=True, l1_ratio=0.5,
           max_iter=1000, normalize=False, positive=False, precompute=False,
           random_state=None, selection='cyclic', tol=0.0001, warm_start=False), 'model__alpha': 6.534081632653061, 'model__l1_ratio': 0.65, 'model__max_iter': 100000.0}",-45.046860624831034,-18.117829575707013,-36.209226934312454,-102.21015708333253,-50.39601855454576,31.45021852971329,1023
754,0.005134403705596924,0.0008300747567383879,0.0014569759368896484,0.0003001287469708501,"ElasticNet(alpha=1.0, copy_X=True, fit_intercept=True, l1_ratio=0.5,
           max_iter=1000, normalize=False, positive=False, precompute=False,
           random_state=None, selection='cyclic', tol=0.0001, warm_start=False)",6.534081632653061,100000.0,0.7,,,,,"{'model': ElasticNet(alpha=1.0, copy_X=True, fit_intercept=True, l1_ratio=0.5,
           max_iter=1000, normalize=False, positive=False, precompute=False,
           random_state=None, selection='cyclic', tol=0.0001, warm_start=False), 'model__alpha': 6.534081632653061, 'model__l1_ratio': 0.7, 'model__max_iter': 100000.0}",-45.519004245448016,-18.22373167439606,-37.198388349421855,-102.21015708333253,-50.787820338149615,31.293408537704714,1052
755,0.0057302117347717285,0.00110407530882369,0.0014657378196716309,0.0003370200894696746,"ElasticNet(alpha=1.0, copy_X=True, fit_intercept=True, l1_ratio=0.5,
           max_iter=1000, normalize=False, positive=False, precompute=False,
           random_state=None, selection='cyclic', tol=0.0001, warm_start=False)",6.534081632653061,100000.0,0.75,,,,,"{'model': ElasticNet(alpha=1.0, copy_X=True, fit_intercept=True, l1_ratio=0.5,
           max_iter=1000, normalize=False, positive=False, precompute=False,
           random_state=None, selection='cyclic', tol=0.0001, warm_start=False), 'model__alpha': 6.534081632653061, 'model__l1_ratio': 0.75, 'model__max_iter': 100000.0}",-45.519004245448016,-18.148065592489665,-37.97678979078923,-102.21015708333253,-50.96350417801486,31.230472993734715,1275
756,0.004750251770019531,0.0009215909423950869,0.0015320181846618652,0.0003518652510951702,"ElasticNet(alpha=1.0, copy_X=True, fit_intercept=True, l1_ratio=0.5,
           max_iter=1000, normalize=False, positive=False, precompute=False,
           random_state=None, selection='cyclic', tol=0.0001, warm_start=False)",6.534081632653061,100000.0,0.7999999999999999,,,,,"{'model': ElasticNet(alpha=1.0, copy_X=True, fit_intercept=True, l1_ratio=0.5,
           max_iter=1000, normalize=False, positive=False, precompute=False,
           random_state=None, selection='cyclic', tol=0.0001, warm_start=False), 'model__alpha': 6.534081632653061, 'model__l1_ratio': 0.7999999999999999, 'model__max_iter': 100000.0}",-45.519004245448016,-18.141520790589244,-37.97678979078923,-102.21015708333253,-50.961867977539754,31.232192313641036,1075
757,0.004660964012145996,0.0002101383878110972,0.0016710162162780762,0.00021498174159406894,"ElasticNet(alpha=1.0, copy_X=True, fit_intercept=True, l1_ratio=0.5,
           max_iter=1000, normalize=False, positive=False, precompute=False,
           random_state=None, selection='cyclic', tol=0.0001, warm_start=False)",6.534081632653061,100000.0,0.85,,,,,"{'model': ElasticNet(alpha=1.0, copy_X=True, fit_intercept=True, l1_ratio=0.5,
           max_iter=1000, normalize=False, positive=False, precompute=False,
           random_state=None, selection='cyclic', tol=0.0001, warm_start=False), 'model__alpha': 6.534081632653061, 'model__l1_ratio': 0.85, 'model__max_iter': 100000.0}",-45.519004245448016,-18.141520790589244,-37.97678979078923,-102.21015708333253,-50.961867977539754,31.232192313641036,1075
758,0.004642069339752197,0.0006311642164688692,0.0017424225807189941,0.0007557525306366336,"ElasticNet(alpha=1.0, copy_X=True, fit_intercept=True, l1_ratio=0.5,
           max_iter=1000, normalize=False, positive=False, precompute=False,
           random_state=None, selection='cyclic', tol=0.0001, warm_start=False)",6.534081632653061,100000.0,0.9,,,,,"{'model': ElasticNet(alpha=1.0, copy_X=True, fit_intercept=True, l1_ratio=0.5,
           max_iter=1000, normalize=False, positive=False, precompute=False,
           random_state=None, selection='cyclic', tol=0.0001, warm_start=False), 'model__alpha': 6.534081632653061, 'model__l1_ratio': 0.9, 'model__max_iter': 100000.0}",-45.519004245448016,-18.141520790589244,-37.97678979078923,-102.21015708333253,-50.961867977539754,31.232192313641036,1075
759,0.004768848419189453,0.00034114053886056324,0.001501917839050293,0.0003135945999328809,"ElasticNet(alpha=1.0, copy_X=True, fit_intercept=True, l1_ratio=0.5,
           max_iter=1000, normalize=False, positive=False, precompute=False,
           random_state=None, selection='cyclic', tol=0.0001, warm_start=False)",6.534081632653061,100000.0,0.95,,,,,"{'model': ElasticNet(alpha=1.0, copy_X=True, fit_intercept=True, l1_ratio=0.5,
           max_iter=1000, normalize=False, positive=False, precompute=False,
           random_state=None, selection='cyclic', tol=0.0001, warm_start=False), 'model__alpha': 6.534081632653061, 'model__l1_ratio': 0.95, 'model__max_iter': 100000.0}",-45.519004245448016,-18.141520790589244,-37.97678979078923,-102.21015708333253,-50.961867977539754,31.232192313641036,1075
760,0.004832148551940918,0.0005409752366293192,0.001457810401916504,0.0001749321080560377,"ElasticNet(alpha=1.0, copy_X=True, fit_intercept=True, l1_ratio=0.5,
           max_iter=1000, normalize=False, positive=False, precompute=False,
           random_state=None, selection='cyclic', tol=0.0001, warm_start=False)",6.534081632653061,100000.0,1.0,,,,,"{'model': ElasticNet(alpha=1.0, copy_X=True, fit_intercept=True, l1_ratio=0.5,
           max_iter=1000, normalize=False, positive=False, precompute=False,
           random_state=None, selection='cyclic', tol=0.0001, warm_start=False), 'model__alpha': 6.534081632653061, 'model__l1_ratio': 1.0, 'model__max_iter': 100000.0}",-45.519004245448016,-18.141520790589244,-37.97678979078923,-102.21015708333253,-50.961867977539754,31.232192313641036,1075
761,0.004961252212524414,0.00045685908475914496,0.001587986946105957,4.5173085823634314e-05,"ElasticNet(alpha=1.0, copy_X=True, fit_intercept=True, l1_ratio=0.5,
           max_iter=1000, normalize=False, positive=False, precompute=False,
           random_state=None, selection='cyclic', tol=0.0001, warm_start=False)",6.737959183673469,100000.0,0.05,,,,,"{'model': ElasticNet(alpha=1.0, copy_X=True, fit_intercept=True, l1_ratio=0.5,
           max_iter=1000, normalize=False, positive=False, precompute=False,
           random_state=None, selection='cyclic', tol=0.0001, warm_start=False), 'model__alpha': 6.737959183673469, 'model__l1_ratio': 0.05, 'model__max_iter': 100000.0}",-28.27308170436713,-10.683500814946887,-19.443947550901512,-60.21574485009478,-29.654068730077576,18.70863566609051,439
762,0.004888653755187988,0.0004596638635665856,0.0016523003578186035,0.00022002840475411872,"ElasticNet(alpha=1.0, copy_X=True, fit_intercept=True, l1_ratio=0.5,
           max_iter=1000, normalize=False, positive=False, precompute=False,
           random_state=None, selection='cyclic', tol=0.0001, warm_start=False)",6.737959183673469,100000.0,0.1,,,,,"{'model': ElasticNet(alpha=1.0, copy_X=True, fit_intercept=True, l1_ratio=0.5,
           max_iter=1000, normalize=False, positive=False, precompute=False,
           random_state=None, selection='cyclic', tol=0.0001, warm_start=False), 'model__alpha': 6.737959183673469, 'model__l1_ratio': 0.1, 'model__max_iter': 100000.0}",-30.479549179095844,-11.833760258621407,-20.76688732072718,-68.09419451703698,-32.79359781887035,21.42103816527122,535
763,0.005358755588531494,0.0002513201769072924,0.0015909671783447266,0.0001255910459286928,"ElasticNet(alpha=1.0, copy_X=True, fit_intercept=True, l1_ratio=0.5,
           max_iter=1000, normalize=False, positive=False, precompute=False,
           random_state=None, selection='cyclic', tol=0.0001, warm_start=False)",6.737959183673469,100000.0,0.15,,,,,"{'model': ElasticNet(alpha=1.0, copy_X=True, fit_intercept=True, l1_ratio=0.5,
           max_iter=1000, normalize=False, positive=False, precompute=False,
           random_state=None, selection='cyclic', tol=0.0001, warm_start=False), 'model__alpha': 6.737959183673469, 'model__l1_ratio': 0.15, 'model__max_iter': 100000.0}",-32.879754848156715,-13.085562839933887,-22.249234872520997,-76.80270192698246,-36.25431362189852,24.436103845694994,607
764,0.0046651363372802734,0.00027547990095893443,0.0015988945960998535,0.0001760305398018468,"ElasticNet(alpha=1.0, copy_X=True, fit_intercept=True, l1_ratio=0.5,
           max_iter=1000, normalize=False, positive=False, precompute=False,
           random_state=None, selection='cyclic', tol=0.0001, warm_start=False)",6.737959183673469,100000.0,0.2,,,,,"{'model': ElasticNet(alpha=1.0, copy_X=True, fit_intercept=True, l1_ratio=0.5,
           max_iter=1000, normalize=False, positive=False, precompute=False,
           random_state=None, selection='cyclic', tol=0.0001, warm_start=False), 'model__alpha': 6.737959183673469, 'model__l1_ratio': 0.2, 'model__max_iter': 100000.0}",-35.4272689494028,-14.441719749417,-23.919897017102034,-85.7870737669585,-39.893989870720084,27.51870473932185,660
765,0.004981040954589844,0.0003549082183388182,0.0014964938163757324,0.0001760311856365372,"ElasticNet(alpha=1.0, copy_X=True, fit_intercept=True, l1_ratio=0.5,
           max_iter=1000, normalize=False, positive=False, precompute=False,
           random_state=None, selection='cyclic', tol=0.0001, warm_start=False)",6.737959183673469,100000.0,0.25,,,,,"{'model': ElasticNet(alpha=1.0, copy_X=True, fit_intercept=True, l1_ratio=0.5,
           max_iter=1000, normalize=False, positive=False, precompute=False,
           random_state=None, selection='cyclic', tol=0.0001, warm_start=False), 'model__alpha': 6.737959183673469, 'model__l1_ratio': 0.25, 'model__max_iter': 100000.0}",-37.57435053603648,-15.911087756258446,-26.010780711869348,-95.55385422515036,-43.76251830732866,30.868520647730424,708
766,0.004929065704345703,0.000291371159209721,0.001585245132446289,5.05635725776175e-05,"ElasticNet(alpha=1.0, copy_X=True, fit_intercept=True, l1_ratio=0.5,
           max_iter=1000, normalize=False, positive=False, precompute=False,
           random_state=None, selection='cyclic', tol=0.0001, warm_start=False)",6.737959183673469,100000.0,0.3,,,,,"{'model': ElasticNet(alpha=1.0, copy_X=True, fit_intercept=True, l1_ratio=0.5,
           max_iter=1000, normalize=False, positive=False, precompute=False,
           random_state=None, selection='cyclic', tol=0.0001, warm_start=False), 'model__alpha': 6.737959183673469, 'model__l1_ratio': 0.3, 'model__max_iter': 100000.0}",-38.69181423372856,-16.67506432941977,-28.073996798670706,-103.7506537098477,-46.79788226791668,33.79088102400185,762
767,0.0047792792320251465,0.00034872029933716704,0.001660466194152832,0.00011232963010408383,"ElasticNet(alpha=1.0, copy_X=True, fit_intercept=True, l1_ratio=0.5,
           max_iter=1000, normalize=False, positive=False, precompute=False,
           random_state=None, selection='cyclic', tol=0.0001, warm_start=False)",6.737959183673469,100000.0,0.35,,,,,"{'model': ElasticNet(alpha=1.0, copy_X=True, fit_intercept=True, l1_ratio=0.5,
           max_iter=1000, normalize=False, positive=False, precompute=False,
           random_state=None, selection='cyclic', tol=0.0001, warm_start=False), 'model__alpha': 6.737959183673469, 'model__l1_ratio': 0.35, 'model__max_iter': 100000.0}",-39.69271219379198,-17.04067908754281,-29.536966698425328,-103.93437183400195,-47.55118245344052,33.52693836474906,798
768,0.005019545555114746,0.0006990475125106241,0.00186079740524292,0.0005002357125462724,"ElasticNet(alpha=1.0, copy_X=True, fit_intercept=True, l1_ratio=0.5,
           max_iter=1000, normalize=False, positive=False, precompute=False,
           random_state=None, selection='cyclic', tol=0.0001, warm_start=False)",6.737959183673469,100000.0,0.39999999999999997,,,,,"{'model': ElasticNet(alpha=1.0, copy_X=True, fit_intercept=True, l1_ratio=0.5,
           max_iter=1000, normalize=False, positive=False, precompute=False,
           random_state=None, selection='cyclic', tol=0.0001, warm_start=False), 'model__alpha': 6.737959183673469, 'model__l1_ratio': 0.39999999999999997, 'model__max_iter': 100000.0}",-40.657842462242904,-17.315119926639174,-31.10956290725364,-104.05868780331546,-48.2853032748628,33.25284534443933,874
769,0.005389034748077393,0.0010860566413530674,0.0016820430755615234,0.00017161327257605633,"ElasticNet(alpha=1.0, copy_X=True, fit_intercept=True, l1_ratio=0.5,
           max_iter=1000, normalize=False, positive=False, precompute=False,
           random_state=None, selection='cyclic', tol=0.0001, warm_start=False)",6.737959183673469,100000.0,0.44999999999999996,,,,,"{'model': ElasticNet(alpha=1.0, copy_X=True, fit_intercept=True, l1_ratio=0.5,
           max_iter=1000, normalize=False, positive=False, precompute=False,
           random_state=None, selection='cyclic', tol=0.0001, warm_start=False), 'model__alpha': 6.737959183673469, 'model__l1_ratio': 0.44999999999999996, 'model__max_iter': 100000.0}",-41.48867540352229,-17.433502867628714,-32.40335356251412,-103.56667613096411,-48.72305199115731,32.80826021962948,912
770,0.005434751510620117,0.000698580941091993,0.001583397388458252,0.0002424373114123147,"ElasticNet(alpha=1.0, copy_X=True, fit_intercept=True, l1_ratio=0.5,
           max_iter=1000, normalize=False, positive=False, precompute=False,
           random_state=None, selection='cyclic', tol=0.0001, warm_start=False)",6.737959183673469,100000.0,0.49999999999999994,,,,,"{'model': ElasticNet(alpha=1.0, copy_X=True, fit_intercept=True, l1_ratio=0.5,
           max_iter=1000, normalize=False, positive=False, precompute=False,
           random_state=None, selection='cyclic', tol=0.0001, warm_start=False), 'model__alpha': 6.737959183673469, 'model__l1_ratio': 0.49999999999999994, 'model__max_iter': 100000.0}",-42.41974598489686,-17.56640976605185,-33.56605246247165,-102.65119330508647,-49.05085037962671,32.2025514303818,936
771,0.004463613033294678,0.0006564036163496545,0.0013598203659057617,0.00025350894593870296,"ElasticNet(alpha=1.0, copy_X=True, fit_intercept=True, l1_ratio=0.5,
           max_iter=1000, normalize=False, positive=False, precompute=False,
           random_state=None, selection='cyclic', tol=0.0001, warm_start=False)",6.737959183673469,100000.0,0.5499999999999999,,,,,"{'model': ElasticNet(alpha=1.0, copy_X=True, fit_intercept=True, l1_ratio=0.5,
           max_iter=1000, normalize=False, positive=False, precompute=False,
           random_state=None, selection='cyclic', tol=0.0001, warm_start=False), 'model__alpha': 6.737959183673469, 'model__l1_ratio': 0.5499999999999999, 'model__max_iter': 100000.0}",-43.46904619905137,-17.74932294338092,-34.75170888487464,-102.21015708333253,-49.54505877765986,31.7818443718076,972
772,0.004850924015045166,0.000804441463555433,0.0014184117317199707,0.0003650330690478351,"ElasticNet(alpha=1.0, copy_X=True, fit_intercept=True, l1_ratio=0.5,
           max_iter=1000, normalize=False, positive=False, precompute=False,
           random_state=None, selection='cyclic', tol=0.0001, warm_start=False)",6.737959183673469,100000.0,0.6,,,,,"{'model': ElasticNet(alpha=1.0, copy_X=True, fit_intercept=True, l1_ratio=0.5,
           max_iter=1000, normalize=False, positive=False, precompute=False,
           random_state=None, selection='cyclic', tol=0.0001, warm_start=False), 'model__alpha': 6.737959183673469, 'model__l1_ratio': 0.6, 'model__max_iter': 100000.0}",-44.49863470204754,-17.975960106342995,-35.7801252871577,-102.21015708333253,-50.116219294720196,31.55889519243893,1007
773,0.005430996417999268,0.0013426366359136823,0.0016430020332336426,0.0001378208261874569,"ElasticNet(alpha=1.0, copy_X=True, fit_intercept=True, l1_ratio=0.5,
           max_iter=1000, normalize=False, positive=False, precompute=False,
           random_state=None, selection='cyclic', tol=0.0001, warm_start=False)",6.737959183673469,100000.0,0.65,,,,,"{'model': ElasticNet(alpha=1.0, copy_X=True, fit_intercept=True, l1_ratio=0.5,
           max_iter=1000, normalize=False, positive=False, precompute=False,
           random_state=None, selection='cyclic', tol=0.0001, warm_start=False), 'model__alpha': 6.737959183673469, 'model__l1_ratio': 0.65, 'model__max_iter': 100000.0}",-45.37482735173939,-18.188549291013967,-36.646613893581645,-102.21015708333253,-50.605036904916886,31.369211668388182,1036
774,0.00536423921585083,0.001035175216460331,0.0014247298240661621,0.00028467744308665124,"ElasticNet(alpha=1.0, copy_X=True, fit_intercept=True, l1_ratio=0.5,
           max_iter=1000, normalize=False, positive=False, precompute=False,
           random_state=None, selection='cyclic', tol=0.0001, warm_start=False)",6.737959183673469,100000.0,0.7,,,,,"{'model': ElasticNet(alpha=1.0, copy_X=True, fit_intercept=True, l1_ratio=0.5,
           max_iter=1000, normalize=False, positive=False, precompute=False,
           random_state=None, selection='cyclic', tol=0.0001, warm_start=False), 'model__alpha': 6.737959183673469, 'model__l1_ratio': 0.7, 'model__max_iter': 100000.0}",-45.519004245448016,-18.189474566734592,-37.60001597263986,-102.21015708333253,-50.879662967038755,31.259213562146225,1064
775,0.004589438438415527,0.00020842158226133442,0.0014937520027160645,0.0002942144375068975,"ElasticNet(alpha=1.0, copy_X=True, fit_intercept=True, l1_ratio=0.5,
           max_iter=1000, normalize=False, positive=False, precompute=False,
           random_state=None, selection='cyclic', tol=0.0001, warm_start=False)",6.737959183673469,100000.0,0.75,,,,,"{'model': ElasticNet(alpha=1.0, copy_X=True, fit_intercept=True, l1_ratio=0.5,
           max_iter=1000, normalize=False, positive=False, precompute=False,
           random_state=None, selection='cyclic', tol=0.0001, warm_start=False), 'model__alpha': 6.737959183673469, 'model__l1_ratio': 0.75, 'model__max_iter': 100000.0}",-45.519004245448016,-18.141520790589244,-37.97678979078923,-102.21015708333253,-50.961867977539754,31.232192313641036,1075
776,0.0048732757568359375,0.0002696194216590967,0.0016227364540100098,0.00013778432002900344,"ElasticNet(alpha=1.0, copy_X=True, fit_intercept=True, l1_ratio=0.5,
           max_iter=1000, normalize=False, positive=False, precompute=False,
           random_state=None, selection='cyclic', tol=0.0001, warm_start=False)",6.737959183673469,100000.0,0.7999999999999999,,,,,"{'model': ElasticNet(alpha=1.0, copy_X=True, fit_intercept=True, l1_ratio=0.5,
           max_iter=1000, normalize=False, positive=False, precompute=False,
           random_state=None, selection='cyclic', tol=0.0001, warm_start=False), 'model__alpha': 6.737959183673469, 'model__l1_ratio': 0.7999999999999999, 'model__max_iter': 100000.0}",-45.519004245448016,-18.141520790589244,-37.97678979078923,-102.21015708333253,-50.961867977539754,31.232192313641036,1075
777,0.004906058311462402,0.0002071992227211524,0.001659095287322998,9.250062855010317e-05,"ElasticNet(alpha=1.0, copy_X=True, fit_intercept=True, l1_ratio=0.5,
           max_iter=1000, normalize=False, positive=False, precompute=False,
           random_state=None, selection='cyclic', tol=0.0001, warm_start=False)",6.737959183673469,100000.0,0.85,,,,,"{'model': ElasticNet(alpha=1.0, copy_X=True, fit_intercept=True, l1_ratio=0.5,
           max_iter=1000, normalize=False, positive=False, precompute=False,
           random_state=None, selection='cyclic', tol=0.0001, warm_start=False), 'model__alpha': 6.737959183673469, 'model__l1_ratio': 0.85, 'model__max_iter': 100000.0}",-45.519004245448016,-18.141520790589244,-37.97678979078923,-102.21015708333253,-50.961867977539754,31.232192313641036,1075
778,0.005084991455078125,0.0002372424800791152,0.0017505288124084473,0.0001331530277395596,"ElasticNet(alpha=1.0, copy_X=True, fit_intercept=True, l1_ratio=0.5,
           max_iter=1000, normalize=False, positive=False, precompute=False,
           random_state=None, selection='cyclic', tol=0.0001, warm_start=False)",6.737959183673469,100000.0,0.9,,,,,"{'model': ElasticNet(alpha=1.0, copy_X=True, fit_intercept=True, l1_ratio=0.5,
           max_iter=1000, normalize=False, positive=False, precompute=False,
           random_state=None, selection='cyclic', tol=0.0001, warm_start=False), 'model__alpha': 6.737959183673469, 'model__l1_ratio': 0.9, 'model__max_iter': 100000.0}",-45.519004245448016,-18.141520790589244,-37.97678979078923,-102.21015708333253,-50.961867977539754,31.232192313641036,1075
779,0.005576193332672119,0.001277924644579643,0.0015485882759094238,0.00011162323688156059,"ElasticNet(alpha=1.0, copy_X=True, fit_intercept=True, l1_ratio=0.5,
           max_iter=1000, normalize=False, positive=False, precompute=False,
           random_state=None, selection='cyclic', tol=0.0001, warm_start=False)",6.737959183673469,100000.0,0.95,,,,,"{'model': ElasticNet(alpha=1.0, copy_X=True, fit_intercept=True, l1_ratio=0.5,
           max_iter=1000, normalize=False, positive=False, precompute=False,
           random_state=None, selection='cyclic', tol=0.0001, warm_start=False), 'model__alpha': 6.737959183673469, 'model__l1_ratio': 0.95, 'model__max_iter': 100000.0}",-45.519004245448016,-18.141520790589244,-37.97678979078923,-102.21015708333253,-50.961867977539754,31.232192313641036,1075
780,0.004970550537109375,0.00028613909842286755,0.0016205906867980957,0.00010249813742412315,"ElasticNet(alpha=1.0, copy_X=True, fit_intercept=True, l1_ratio=0.5,
           max_iter=1000, normalize=False, positive=False, precompute=False,
           random_state=None, selection='cyclic', tol=0.0001, warm_start=False)",6.737959183673469,100000.0,1.0,,,,,"{'model': ElasticNet(alpha=1.0, copy_X=True, fit_intercept=True, l1_ratio=0.5,
           max_iter=1000, normalize=False, positive=False, precompute=False,
           random_state=None, selection='cyclic', tol=0.0001, warm_start=False), 'model__alpha': 6.737959183673469, 'model__l1_ratio': 1.0, 'model__max_iter': 100000.0}",-45.519004245448016,-18.141520790589244,-37.97678979078923,-102.21015708333253,-50.961867977539754,31.232192313641036,1075
781,0.0051767826080322266,0.000364050415204719,0.0015599727630615234,0.0003061560072629288,"ElasticNet(alpha=1.0, copy_X=True, fit_intercept=True, l1_ratio=0.5,
           max_iter=1000, normalize=False, positive=False, precompute=False,
           random_state=None, selection='cyclic', tol=0.0001, warm_start=False)",6.941836734693878,100000.0,0.05,,,,,"{'model': ElasticNet(alpha=1.0, copy_X=True, fit_intercept=True, l1_ratio=0.5,
           max_iter=1000, normalize=False, positive=False, precompute=False,
           random_state=None, selection='cyclic', tol=0.0001, warm_start=False), 'model__alpha': 6.941836734693878, 'model__l1_ratio': 0.05, 'model__max_iter': 100000.0}",-28.60550594826052,-10.844442878914709,-19.747823340728434,-61.19716608571685,-30.09873456340513,19.021115150380705,453
782,0.005246281623840332,0.0009226946481492212,0.0013816356658935547,0.00031178218285500824,"ElasticNet(alpha=1.0, copy_X=True, fit_intercept=True, l1_ratio=0.5,
           max_iter=1000, normalize=False, positive=False, precompute=False,
           random_state=None, selection='cyclic', tol=0.0001, warm_start=False)",6.941836734693878,100000.0,0.1,,,,,"{'model': ElasticNet(alpha=1.0, copy_X=True, fit_intercept=True, l1_ratio=0.5,
           max_iter=1000, normalize=False, positive=False, precompute=False,
           random_state=None, selection='cyclic', tol=0.0001, warm_start=False), 'model__alpha': 6.941836734693878, 'model__l1_ratio': 0.1, 'model__max_iter': 100000.0}",-30.865233600963,-12.023265121831773,-21.109169256635802,-69.23130140600357,-33.307242346358535,21.78475441466947,547
783,0.004604339599609375,0.00018486305386487066,0.0015326738357543945,7.13963135346844e-06,"ElasticNet(alpha=1.0, copy_X=True, fit_intercept=True, l1_ratio=0.5,
           max_iter=1000, normalize=False, positive=False, precompute=False,
           random_state=None, selection='cyclic', tol=0.0001, warm_start=False)",6.941836734693878,100000.0,0.15,,,,,"{'model': ElasticNet(alpha=1.0, copy_X=True, fit_intercept=True, l1_ratio=0.5,
           max_iter=1000, normalize=False, positive=False, precompute=False,
           random_state=None, selection='cyclic', tol=0.0001, warm_start=False), 'model__alpha': 6.941836734693878, 'model__l1_ratio': 0.15, 'model__max_iter': 100000.0}",-33.3036789790996,-13.311744054630035,-22.63782833331477,-78.17589278471716,-36.85728603794039,24.881925725940594,614
784,0.0048122406005859375,0.0003724290904458077,0.0016280412673950195,0.00037354007850085843,"ElasticNet(alpha=1.0, copy_X=True, fit_intercept=True, l1_ratio=0.5,
           max_iter=1000, normalize=False, positive=False, precompute=False,
           random_state=None, selection='cyclic', tol=0.0001, warm_start=False)",6.941836734693878,100000.0,0.2,,,,,"{'model': ElasticNet(alpha=1.0, copy_X=True, fit_intercept=True, l1_ratio=0.5,
           max_iter=1000, normalize=False, positive=False, precompute=False,
           random_state=None, selection='cyclic', tol=0.0001, warm_start=False), 'model__alpha': 6.941836734693878, 'model__l1_ratio': 0.2, 'model__max_iter': 100000.0}",-35.9057127920357,-14.702873861606474,-24.38605133927742,-87.25723601047412,-40.56296850084843,27.984289309363543,668
785,0.004537999629974365,0.00039509092892499266,0.0014412403106689453,0.0002853975457414189,"ElasticNet(alpha=1.0, copy_X=True, fit_intercept=True, l1_ratio=0.5,
           max_iter=1000, normalize=False, positive=False, precompute=False,
           random_state=None, selection='cyclic', tol=0.0001, warm_start=False)",6.941836734693878,100000.0,0.25,,,,,"{'model': ElasticNet(alpha=1.0, copy_X=True, fit_intercept=True, l1_ratio=0.5,
           max_iter=1000, normalize=False, positive=False, precompute=False,
           random_state=None, selection='cyclic', tol=0.0001, warm_start=False), 'model__alpha': 6.941836734693878, 'model__l1_ratio': 0.25, 'model__max_iter': 100000.0}",-37.92902234015206,-16.176254943652232,-26.52994237148592,-97.3089389336822,-44.4860396472431,31.452815868896785,715
786,0.005613744258880615,0.0009140728342504683,0.0015082955360412598,0.00023562839388638397,"ElasticNet(alpha=1.0, copy_X=True, fit_intercept=True, l1_ratio=0.5,
           max_iter=1000, normalize=False, positive=False, precompute=False,
           random_state=None, selection='cyclic', tol=0.0001, warm_start=False)",6.941836734693878,100000.0,0.3,,,,,"{'model': ElasticNet(alpha=1.0, copy_X=True, fit_intercept=True, l1_ratio=0.5,
           max_iter=1000, normalize=False, positive=False, precompute=False,
           random_state=None, selection='cyclic', tol=0.0001, warm_start=False), 'model__alpha': 6.941836734693878, 'model__l1_ratio': 0.3, 'model__max_iter': 100000.0}",-38.99597225498306,-16.760151409980942,-28.509630977870522,-104.11946646996398,-47.09630527819962,33.848940162328965,775
787,0.004710197448730469,0.0003206101873652962,0.0014845728874206543,2.625603207599133e-05,"ElasticNet(alpha=1.0, copy_X=True, fit_intercept=True, l1_ratio=0.5,
           max_iter=1000, normalize=False, positive=False, precompute=False,
           random_state=None, selection='cyclic', tol=0.0001, warm_start=False)",6.941836734693878,100000.0,0.35,,,,,"{'model': ElasticNet(alpha=1.0, copy_X=True, fit_intercept=True, l1_ratio=0.5,
           max_iter=1000, normalize=False, positive=False, precompute=False,
           random_state=None, selection='cyclic', tol=0.0001, warm_start=False), 'model__alpha': 6.941836734693878, 'model__l1_ratio': 0.35, 'model__max_iter': 100000.0}",-40.03161266669959,-17.144401916722362,-29.973512860275616,-103.86309434963464,-47.75315544833305,33.39520530613021,817
788,0.004907727241516113,0.00035581065463290363,0.0015900135040283203,0.00033527268831820995,"ElasticNet(alpha=1.0, copy_X=True, fit_intercept=True, l1_ratio=0.5,
           max_iter=1000, normalize=False, positive=False, precompute=False,
           random_state=None, selection='cyclic', tol=0.0001, warm_start=False)",6.941836734693878,100000.0,0.39999999999999997,,,,,"{'model': ElasticNet(alpha=1.0, copy_X=True, fit_intercept=True, l1_ratio=0.5,
           max_iter=1000, normalize=False, positive=False, precompute=False,
           random_state=None, selection='cyclic', tol=0.0001, warm_start=False), 'model__alpha': 6.941836734693878, 'model__l1_ratio': 0.39999999999999997, 'model__max_iter': 100000.0}",-40.952266166685234,-17.357008204320287,-31.62368178493532,-104.0626571363341,-48.49890332306873,33.16200085843539,894
789,0.0057373046875,0.0015501931552565058,0.0014397501945495605,0.0003531303676999511,"ElasticNet(alpha=1.0, copy_X=True, fit_intercept=True, l1_ratio=0.5,
           max_iter=1000, normalize=False, positive=False, precompute=False,
           random_state=None, selection='cyclic', tol=0.0001, warm_start=False)",6.941836734693878,100000.0,0.44999999999999996,,,,,"{'model': ElasticNet(alpha=1.0, copy_X=True, fit_intercept=True, l1_ratio=0.5,
           max_iter=1000, normalize=False, positive=False, precompute=False,
           random_state=None, selection='cyclic', tol=0.0001, warm_start=False), 'model__alpha': 6.941836734693878, 'model__l1_ratio': 0.44999999999999996, 'model__max_iter': 100000.0}",-41.81801260564894,-17.480417585315863,-32.814310307171816,-103.27031007322701,-48.84576264284091,32.604497267079736,926
790,0.004833996295928955,0.0003382010771828445,0.0016248226165771484,0.00012167841151351404,"ElasticNet(alpha=1.0, copy_X=True, fit_intercept=True, l1_ratio=0.5,
           max_iter=1000, normalize=False, positive=False, precompute=False,
           random_state=None, selection='cyclic', tol=0.0001, warm_start=False)",6.941836734693878,100000.0,0.49999999999999994,,,,,"{'model': ElasticNet(alpha=1.0, copy_X=True, fit_intercept=True, l1_ratio=0.5,
           max_iter=1000, normalize=False, positive=False, precompute=False,
           random_state=None, selection='cyclic', tol=0.0001, warm_start=False), 'model__alpha': 6.941836734693878, 'model__l1_ratio': 0.49999999999999994, 'model__max_iter': 100000.0}",-42.789990646921055,-17.61921367685714,-34.00931627083509,-102.43817036369414,-49.21417273957685,32.02925669236493,951
791,0.004643797874450684,0.0009177445361958116,0.001384437084197998,0.0002878390376393346,"ElasticNet(alpha=1.0, copy_X=True, fit_intercept=True, l1_ratio=0.5,
           max_iter=1000, normalize=False, positive=False, precompute=False,
           random_state=None, selection='cyclic', tol=0.0001, warm_start=False)",6.941836734693878,100000.0,0.5499999999999999,,,,,"{'model': ElasticNet(alpha=1.0, copy_X=True, fit_intercept=True, l1_ratio=0.5,
           max_iter=1000, normalize=False, positive=False, precompute=False,
           random_state=None, selection='cyclic', tol=0.0001, warm_start=False), 'model__alpha': 6.941836734693878, 'model__l1_ratio': 0.5499999999999999, 'model__max_iter': 100000.0}",-43.86266506537391,-17.821877711248693,-35.2756092633278,-102.21015708333253,-49.79257728082074,31.684517207243132,988
792,0.005540192127227783,0.0003287523941547355,0.001512289047241211,0.0003266571638453535,"ElasticNet(alpha=1.0, copy_X=True, fit_intercept=True, l1_ratio=0.5,
           max_iter=1000, normalize=False, positive=False, precompute=False,
           random_state=None, selection='cyclic', tol=0.0001, warm_start=False)",6.941836734693878,100000.0,0.6,,,,,"{'model': ElasticNet(alpha=1.0, copy_X=True, fit_intercept=True, l1_ratio=0.5,
           max_iter=1000, normalize=False, positive=False, precompute=False,
           random_state=None, selection='cyclic', tol=0.0001, warm_start=False), 'model__alpha': 6.941836734693878, 'model__l1_ratio': 0.6, 'model__max_iter': 100000.0}",-44.87906902575095,-18.051657400667832,-36.15180493493893,-102.21015708333253,-50.32317211117257,31.480850438241845,1016
793,0.006364405155181885,0.002526567204905536,0.0016175508499145508,0.0007359632338428779,"ElasticNet(alpha=1.0, copy_X=True, fit_intercept=True, l1_ratio=0.5,
           max_iter=1000, normalize=False, positive=False, precompute=False,
           random_state=None, selection='cyclic', tol=0.0001, warm_start=False)",6.941836734693878,100000.0,0.65,,,,,"{'model': ElasticNet(alpha=1.0, copy_X=True, fit_intercept=True, l1_ratio=0.5,
           max_iter=1000, normalize=False, positive=False, precompute=False,
           random_state=None, selection='cyclic', tol=0.0001, warm_start=False), 'model__alpha': 6.941836734693878, 'model__l1_ratio': 0.65, 'model__max_iter': 100000.0}",-45.519004245448016,-18.237288260082536,-37.07966697941222,-102.21015708333253,-50.761529142068824,31.302815294784878,1050
794,0.004687190055847168,0.0002823442012912455,0.0014922022819519043,1.1672014026763454e-05,"ElasticNet(alpha=1.0, copy_X=True, fit_intercept=True, l1_ratio=0.5,
           max_iter=1000, normalize=False, positive=False, precompute=False,
           random_state=None, selection='cyclic', tol=0.0001, warm_start=False)",6.941836734693878,100000.0,0.7,,,,,"{'model': ElasticNet(alpha=1.0, copy_X=True, fit_intercept=True, l1_ratio=0.5,
           max_iter=1000, normalize=False, positive=False, precompute=False,
           random_state=None, selection='cyclic', tol=0.0001, warm_start=False), 'model__alpha': 6.941836734693878, 'model__l1_ratio': 0.7, 'model__max_iter': 100000.0}",-45.519004245448016,-18.15667417993746,-37.898447440184235,-102.21015708333253,-50.94607073722556,31.23637542953679,1074
795,0.004245400428771973,0.0005246614544136055,0.0012524127960205078,0.0002938412989737085,"ElasticNet(alpha=1.0, copy_X=True, fit_intercept=True, l1_ratio=0.5,
           max_iter=1000, normalize=False, positive=False, precompute=False,
           random_state=None, selection='cyclic', tol=0.0001, warm_start=False)",6.941836734693878,100000.0,0.75,,,,,"{'model': ElasticNet(alpha=1.0, copy_X=True, fit_intercept=True, l1_ratio=0.5,
           max_iter=1000, normalize=False, positive=False, precompute=False,
           random_state=None, selection='cyclic', tol=0.0001, warm_start=False), 'model__alpha': 6.941836734693878, 'model__l1_ratio': 0.75, 'model__max_iter': 100000.0}",-45.519004245448016,-18.141520790589244,-37.97678979078923,-102.21015708333253,-50.961867977539754,31.232192313641036,1075
796,0.005226016044616699,0.0002620429795552585,0.0015023350715637207,0.0003175160127059922,"ElasticNet(alpha=1.0, copy_X=True, fit_intercept=True, l1_ratio=0.5,
           max_iter=1000, normalize=False, positive=False, precompute=False,
           random_state=None, selection='cyclic', tol=0.0001, warm_start=False)",6.941836734693878,100000.0,0.7999999999999999,,,,,"{'model': ElasticNet(alpha=1.0, copy_X=True, fit_intercept=True, l1_ratio=0.5,
           max_iter=1000, normalize=False, positive=False, precompute=False,
           random_state=None, selection='cyclic', tol=0.0001, warm_start=False), 'model__alpha': 6.941836734693878, 'model__l1_ratio': 0.7999999999999999, 'model__max_iter': 100000.0}",-45.519004245448016,-18.141520790589244,-37.97678979078923,-102.21015708333253,-50.961867977539754,31.232192313641036,1075
797,0.005113720893859863,0.0005700619013243296,0.0017094016075134277,0.0006673737081302586,"ElasticNet(alpha=1.0, copy_X=True, fit_intercept=True, l1_ratio=0.5,
           max_iter=1000, normalize=False, positive=False, precompute=False,
           random_state=None, selection='cyclic', tol=0.0001, warm_start=False)",6.941836734693878,100000.0,0.85,,,,,"{'model': ElasticNet(alpha=1.0, copy_X=True, fit_intercept=True, l1_ratio=0.5,
           max_iter=1000, normalize=False, positive=False, precompute=False,
           random_state=None, selection='cyclic', tol=0.0001, warm_start=False), 'model__alpha': 6.941836734693878, 'model__l1_ratio': 0.85, 'model__max_iter': 100000.0}",-45.519004245448016,-18.141520790589244,-37.97678979078923,-102.21015708333253,-50.961867977539754,31.232192313641036,1075
798,0.004651665687561035,0.0001802080564878514,0.0016042590141296387,0.0004321637924156487,"ElasticNet(alpha=1.0, copy_X=True, fit_intercept=True, l1_ratio=0.5,
           max_iter=1000, normalize=False, positive=False, precompute=False,
           random_state=None, selection='cyclic', tol=0.0001, warm_start=False)",6.941836734693878,100000.0,0.9,,,,,"{'model': ElasticNet(alpha=1.0, copy_X=True, fit_intercept=True, l1_ratio=0.5,
           max_iter=1000, normalize=False, positive=False, precompute=False,
           random_state=None, selection='cyclic', tol=0.0001, warm_start=False), 'model__alpha': 6.941836734693878, 'model__l1_ratio': 0.9, 'model__max_iter': 100000.0}",-45.519004245448016,-18.141520790589244,-37.97678979078923,-102.21015708333253,-50.961867977539754,31.232192313641036,1075
799,0.0044730305671691895,0.00042732828753404257,0.00150299072265625,0.00016608801913490866,"ElasticNet(alpha=1.0, copy_X=True, fit_intercept=True, l1_ratio=0.5,
           max_iter=1000, normalize=False, positive=False, precompute=False,
           random_state=None, selection='cyclic', tol=0.0001, warm_start=False)",6.941836734693878,100000.0,0.95,,,,,"{'model': ElasticNet(alpha=1.0, copy_X=True, fit_intercept=True, l1_ratio=0.5,
           max_iter=1000, normalize=False, positive=False, precompute=False,
           random_state=None, selection='cyclic', tol=0.0001, warm_start=False), 'model__alpha': 6.941836734693878, 'model__l1_ratio': 0.95, 'model__max_iter': 100000.0}",-45.519004245448016,-18.141520790589244,-37.97678979078923,-102.21015708333253,-50.961867977539754,31.232192313641036,1075
800,0.0050754547119140625,0.0004555436969192373,0.001675426959991455,0.00010784460289767245,"ElasticNet(alpha=1.0, copy_X=True, fit_intercept=True, l1_ratio=0.5,
           max_iter=1000, normalize=False, positive=False, precompute=False,
           random_state=None, selection='cyclic', tol=0.0001, warm_start=False)",6.941836734693878,100000.0,1.0,,,,,"{'model': ElasticNet(alpha=1.0, copy_X=True, fit_intercept=True, l1_ratio=0.5,
           max_iter=1000, normalize=False, positive=False, precompute=False,
           random_state=None, selection='cyclic', tol=0.0001, warm_start=False), 'model__alpha': 6.941836734693878, 'model__l1_ratio': 1.0, 'model__max_iter': 100000.0}",-45.519004245448016,-18.141520790589244,-37.97678979078923,-102.21015708333253,-50.961867977539754,31.232192313641036,1075
801,0.005082368850708008,0.0006781467897995314,0.0015044808387756348,0.00027672204032958654,"ElasticNet(alpha=1.0, copy_X=True, fit_intercept=True, l1_ratio=0.5,
           max_iter=1000, normalize=False, positive=False, precompute=False,
           random_state=None, selection='cyclic', tol=0.0001, warm_start=False)",7.145714285714286,100000.0,0.05,,,,,"{'model': ElasticNet(alpha=1.0, copy_X=True, fit_intercept=True, l1_ratio=0.5,
           max_iter=1000, normalize=False, positive=False, precompute=False,
           random_state=None, selection='cyclic', tol=0.0001, warm_start=False), 'model__alpha': 7.145714285714286, 'model__l1_ratio': 0.05, 'model__max_iter': 100000.0}",-28.928737742175404,-11.000928007615409,-20.043059649695568,-62.15022566850357,-30.53073776699749,19.32461694809763,464
802,0.005591213703155518,0.0005386605835698079,0.0014705061912536621,0.0004504527204336476,"ElasticNet(alpha=1.0, copy_X=True, fit_intercept=True, l1_ratio=0.5,
           max_iter=1000, normalize=False, positive=False, precompute=False,
           random_state=None, selection='cyclic', tol=0.0001, warm_start=False)",7.145714285714286,100000.0,0.1,,,,,"{'model': ElasticNet(alpha=1.0, copy_X=True, fit_intercept=True, l1_ratio=0.5,
           max_iter=1000, normalize=False, positive=False, precompute=False,
           random_state=None, selection='cyclic', tol=0.0001, warm_start=False), 'model__alpha': 7.145714285714286, 'model__l1_ratio': 0.1, 'model__max_iter': 100000.0}",-31.240628517825964,-12.207768109306075,-21.44363686910321,-70.33705015670921,-33.80727091323612,22.13826095765552,558
803,0.005499064922332764,0.0011055999781679079,0.0016982555389404297,0.0001999349830457042,"ElasticNet(alpha=1.0, copy_X=True, fit_intercept=True, l1_ratio=0.5,
           max_iter=1000, normalize=False, positive=False, precompute=False,
           random_state=None, selection='cyclic', tol=0.0001, warm_start=False)",7.145714285714286,100000.0,0.15,,,,,"{'model': ElasticNet(alpha=1.0, copy_X=True, fit_intercept=True, l1_ratio=0.5,
           max_iter=1000, normalize=False, positive=False, precompute=False,
           random_state=None, selection='cyclic', tol=0.0001, warm_start=False), 'model__alpha': 7.145714285714286, 'model__l1_ratio': 0.15, 'model__max_iter': 100000.0}",-33.716892141577894,-13.529927471044177,-23.018031871749145,-79.51275793960161,-37.444402355993205,25.316314642335946,624
804,0.0055297017097473145,0.0011573050431658123,0.0013393163681030273,0.0004020465619954221,"ElasticNet(alpha=1.0, copy_X=True, fit_intercept=True, l1_ratio=0.5,
           max_iter=1000, normalize=False, positive=False, precompute=False,
           random_state=None, selection='cyclic', tol=0.0001, warm_start=False)",7.145714285714286,100000.0,0.2,,,,,"{'model': ElasticNet(alpha=1.0, copy_X=True, fit_intercept=True, l1_ratio=0.5,
           max_iter=1000, normalize=False, positive=False, precompute=False,
           random_state=None, selection='cyclic', tol=0.0001, warm_start=False), 'model__alpha': 7.145714285714286, 'model__l1_ratio': 0.2, 'model__max_iter': 100000.0}",-36.364184862987564,-14.958167186909275,-24.84344207953715,-88.68749240890678,-41.21332163458519,28.436847178692325,675
805,0.0044280290603637695,0.0007030541963390062,0.0014564990997314453,0.0003076360113185598,"ElasticNet(alpha=1.0, copy_X=True, fit_intercept=True, l1_ratio=0.5,
           max_iter=1000, normalize=False, positive=False, precompute=False,
           random_state=None, selection='cyclic', tol=0.0001, warm_start=False)",7.145714285714286,100000.0,0.25,,,,,"{'model': ElasticNet(alpha=1.0, copy_X=True, fit_intercept=True, l1_ratio=0.5,
           max_iter=1000, normalize=False, positive=False, precompute=False,
           random_state=None, selection='cyclic', tol=0.0001, warm_start=False), 'model__alpha': 7.145714285714286, 'model__l1_ratio': 0.25, 'model__max_iter': 100000.0}",-38.254521184113564,-16.324968363807432,-27.025561304410804,-99.01875525274878,-45.155951526270144,32.04983621547816,726
806,0.0047571659088134766,0.00014843935756639624,0.0015687346458435059,7.239378557769869e-05,"ElasticNet(alpha=1.0, copy_X=True, fit_intercept=True, l1_ratio=0.5,
           max_iter=1000, normalize=False, positive=False, precompute=False,
           random_state=None, selection='cyclic', tol=0.0001, warm_start=False)",7.145714285714286,100000.0,0.3,,,,,"{'model': ElasticNet(alpha=1.0, copy_X=True, fit_intercept=True, l1_ratio=0.5,
           max_iter=1000, normalize=False, positive=False, precompute=False,
           random_state=None, selection='cyclic', tol=0.0001, warm_start=False), 'model__alpha': 7.145714285714286, 'model__l1_ratio': 0.3, 'model__max_iter': 100000.0}",-39.29285707855545,-16.842674668004992,-28.93802069701008,-104.06987986760511,-47.285858077793904,33.733306050079484,782
807,0.003948628902435303,0.0006938379105657109,0.0012406706809997559,0.0003289962747365018,"ElasticNet(alpha=1.0, copy_X=True, fit_intercept=True, l1_ratio=0.5,
           max_iter=1000, normalize=False, positive=False, precompute=False,
           random_state=None, selection='cyclic', tol=0.0001, warm_start=False)",7.145714285714286,100000.0,0.35,,,,,"{'model': ElasticNet(alpha=1.0, copy_X=True, fit_intercept=True, l1_ratio=0.5,
           max_iter=1000, normalize=False, positive=False, precompute=False,
           random_state=None, selection='cyclic', tol=0.0001, warm_start=False), 'model__alpha': 7.145714285714286, 'model__l1_ratio': 0.35, 'model__max_iter': 100000.0}",-40.362895529994304,-17.245126998704063,-30.405238665247985,-103.83257592333554,-47.96145927932048,33.28300541239077,843
808,0.0050550103187561035,0.00027845689521602236,0.0018552541732788086,0.00045546855667069136,"ElasticNet(alpha=1.0, copy_X=True, fit_intercept=True, l1_ratio=0.5,
           max_iter=1000, normalize=False, positive=False, precompute=False,
           random_state=None, selection='cyclic', tol=0.0001, warm_start=False)",7.145714285714286,100000.0,0.39999999999999997,,,,,"{'model': ElasticNet(alpha=1.0, copy_X=True, fit_intercept=True, l1_ratio=0.5,
           max_iter=1000, normalize=False, positive=False, precompute=False,
           random_state=None, selection='cyclic', tol=0.0001, warm_start=False), 'model__alpha': 7.145714285714286, 'model__l1_ratio': 0.39999999999999997, 'model__max_iter': 100000.0}",-41.24125058980328,-17.398358519430637,-32.09486305990824,-104.01530885009973,-48.68744525481047,33.056538829847355,909
809,0.004340052604675293,0.0006104195569021219,0.001406550407409668,0.00032820612317598,"ElasticNet(alpha=1.0, copy_X=True, fit_intercept=True, l1_ratio=0.5,
           max_iter=1000, normalize=False, positive=False, precompute=False,
           random_state=None, selection='cyclic', tol=0.0001, warm_start=False)",7.145714285714286,100000.0,0.44999999999999996,,,,,"{'model': ElasticNet(alpha=1.0, copy_X=True, fit_intercept=True, l1_ratio=0.5,
           max_iter=1000, normalize=False, positive=False, precompute=False,
           random_state=None, selection='cyclic', tol=0.0001, warm_start=False), 'model__alpha': 7.145714285714286, 'model__l1_ratio': 0.44999999999999996, 'model__max_iter': 100000.0}",-42.14186266699219,-17.5268132145664,-33.22315999949192,-102.99985473740747,-48.97292265461449,32.41329045870457,934
810,0.0045149922370910645,0.00024747299401167017,0.0015231966972351074,0.00045676760583218884,"ElasticNet(alpha=1.0, copy_X=True, fit_intercept=True, l1_ratio=0.5,
           max_iter=1000, normalize=False, positive=False, precompute=False,
           random_state=None, selection='cyclic', tol=0.0001, warm_start=False)",7.145714285714286,100000.0,0.49999999999999994,,,,,"{'model': ElasticNet(alpha=1.0, copy_X=True, fit_intercept=True, l1_ratio=0.5,
           max_iter=1000, normalize=False, positive=False, precompute=False,
           random_state=None, selection='cyclic', tol=0.0001, warm_start=False), 'model__alpha': 7.145714285714286, 'model__l1_ratio': 0.49999999999999994, 'model__max_iter': 100000.0}",-43.154791604310255,-17.679781291564087,-34.43864645554504,-102.2399045279943,-49.37828096985342,31.863265002041327,963
811,0.0045670270919799805,0.0002492598971020516,0.0014232397079467773,0.0003182297957297388,"ElasticNet(alpha=1.0, copy_X=True, fit_intercept=True, l1_ratio=0.5,
           max_iter=1000, normalize=False, positive=False, precompute=False,
           random_state=None, selection='cyclic', tol=0.0001, warm_start=False)",7.145714285714286,100000.0,0.5499999999999999,,,,,"{'model': ElasticNet(alpha=1.0, copy_X=True, fit_intercept=True, l1_ratio=0.5,
           max_iter=1000, normalize=False, positive=False, precompute=False,
           random_state=None, selection='cyclic', tol=0.0001, warm_start=False), 'model__alpha': 7.145714285714286, 'model__l1_ratio': 0.5499999999999999, 'model__max_iter': 100000.0}",-44.22478933649548,-17.893203752608237,-35.706116187858605,-102.21015708333253,-50.00856659007371,31.600691238621582,1000
812,0.005060255527496338,0.0002692176194298694,0.0016105175018310547,0.0006067558446591988,"ElasticNet(alpha=1.0, copy_X=True, fit_intercept=True, l1_ratio=0.5,
           max_iter=1000, normalize=False, positive=False, precompute=False,
           random_state=None, selection='cyclic', tol=0.0001, warm_start=False)",7.145714285714286,100000.0,0.6,,,,,"{'model': ElasticNet(alpha=1.0, copy_X=True, fit_intercept=True, l1_ratio=0.5,
           max_iter=1000, normalize=False, positive=False, precompute=False,
           random_state=None, selection='cyclic', tol=0.0001, warm_start=False), 'model__alpha': 7.145714285714286, 'model__l1_ratio': 0.6, 'model__max_iter': 100000.0}",-45.19270813070385,-18.11305134640498,-36.518390643765585,-102.21015708333253,-50.50857680105173,31.41061620536797,1031
813,0.00453639030456543,0.00036327461872997195,0.0014390349388122559,0.000331597149486049,"ElasticNet(alpha=1.0, copy_X=True, fit_intercept=True, l1_ratio=0.5,
           max_iter=1000, normalize=False, positive=False, precompute=False,
           random_state=None, selection='cyclic', tol=0.0001, warm_start=False)",7.145714285714286,100000.0,0.65,,,,,"{'model': ElasticNet(alpha=1.0, copy_X=True, fit_intercept=True, l1_ratio=0.5,
           max_iter=1000, normalize=False, positive=False, precompute=False,
           random_state=None, selection='cyclic', tol=0.0001, warm_start=False), 'model__alpha': 7.145714285714286, 'model__l1_ratio': 0.65, 'model__max_iter': 100000.0}",-45.519004245448016,-18.199126451845757,-37.508120722214265,-102.21015708333253,-50.85910212571014,31.266476480751077,1060
814,0.0049741268157958984,0.0004728765813106884,0.0016298294067382812,0.00019692588067683926,"ElasticNet(alpha=1.0, copy_X=True, fit_intercept=True, l1_ratio=0.5,
           max_iter=1000, normalize=False, positive=False, precompute=False,
           random_state=None, selection='cyclic', tol=0.0001, warm_start=False)",7.145714285714286,100000.0,0.7,,,,,"{'model': ElasticNet(alpha=1.0, copy_X=True, fit_intercept=True, l1_ratio=0.5,
           max_iter=1000, normalize=False, positive=False, precompute=False,
           random_state=None, selection='cyclic', tol=0.0001, warm_start=False), 'model__alpha': 7.145714285714286, 'model__l1_ratio': 0.7, 'model__max_iter': 100000.0}",-45.519004245448016,-18.141520790589244,-37.97678979078923,-102.21015708333253,-50.961867977539754,31.232192313641036,1075
815,0.004607796669006348,0.0002362466168726745,0.0014184117317199707,0.00033354880108283616,"ElasticNet(alpha=1.0, copy_X=True, fit_intercept=True, l1_ratio=0.5,
           max_iter=1000, normalize=False, positive=False, precompute=False,
           random_state=None, selection='cyclic', tol=0.0001, warm_start=False)",7.145714285714286,100000.0,0.75,,,,,"{'model': ElasticNet(alpha=1.0, copy_X=True, fit_intercept=True, l1_ratio=0.5,
           max_iter=1000, normalize=False, positive=False, precompute=False,
           random_state=None, selection='cyclic', tol=0.0001, warm_start=False), 'model__alpha': 7.145714285714286, 'model__l1_ratio': 0.75, 'model__max_iter': 100000.0}",-45.519004245448016,-18.141520790589244,-37.97678979078923,-102.21015708333253,-50.961867977539754,31.232192313641036,1075
816,0.00500255823135376,0.0001526116724219768,0.0015831589698791504,0.0002122129188750155,"ElasticNet(alpha=1.0, copy_X=True, fit_intercept=True, l1_ratio=0.5,
           max_iter=1000, normalize=False, positive=False, precompute=False,
           random_state=None, selection='cyclic', tol=0.0001, warm_start=False)",7.145714285714286,100000.0,0.7999999999999999,,,,,"{'model': ElasticNet(alpha=1.0, copy_X=True, fit_intercept=True, l1_ratio=0.5,
           max_iter=1000, normalize=False, positive=False, precompute=False,
           random_state=None, selection='cyclic', tol=0.0001, warm_start=False), 'model__alpha': 7.145714285714286, 'model__l1_ratio': 0.7999999999999999, 'model__max_iter': 100000.0}",-45.519004245448016,-18.141520790589244,-37.97678979078923,-102.21015708333253,-50.961867977539754,31.232192313641036,1075
817,0.004292726516723633,0.0005537988377126303,0.0013740062713623047,0.00029801278096022537,"ElasticNet(alpha=1.0, copy_X=True, fit_intercept=True, l1_ratio=0.5,
           max_iter=1000, normalize=False, positive=False, precompute=False,
           random_state=None, selection='cyclic', tol=0.0001, warm_start=False)",7.145714285714286,100000.0,0.85,,,,,"{'model': ElasticNet(alpha=1.0, copy_X=True, fit_intercept=True, l1_ratio=0.5,
           max_iter=1000, normalize=False, positive=False, precompute=False,
           random_state=None, selection='cyclic', tol=0.0001, warm_start=False), 'model__alpha': 7.145714285714286, 'model__l1_ratio': 0.85, 'model__max_iter': 100000.0}",-45.519004245448016,-18.141520790589244,-37.97678979078923,-102.21015708333253,-50.961867977539754,31.232192313641036,1075
818,0.005064189434051514,0.0005561282490338592,0.001340031623840332,0.0002651232019974402,"ElasticNet(alpha=1.0, copy_X=True, fit_intercept=True, l1_ratio=0.5,
           max_iter=1000, normalize=False, positive=False, precompute=False,
           random_state=None, selection='cyclic', tol=0.0001, warm_start=False)",7.145714285714286,100000.0,0.9,,,,,"{'model': ElasticNet(alpha=1.0, copy_X=True, fit_intercept=True, l1_ratio=0.5,
           max_iter=1000, normalize=False, positive=False, precompute=False,
           random_state=None, selection='cyclic', tol=0.0001, warm_start=False), 'model__alpha': 7.145714285714286, 'model__l1_ratio': 0.9, 'model__max_iter': 100000.0}",-45.519004245448016,-18.141520790589244,-37.97678979078923,-102.21015708333253,-50.961867977539754,31.232192313641036,1075
819,0.005793273448944092,0.0013610762110981684,0.0015041828155517578,0.00023864193229493973,"ElasticNet(alpha=1.0, copy_X=True, fit_intercept=True, l1_ratio=0.5,
           max_iter=1000, normalize=False, positive=False, precompute=False,
           random_state=None, selection='cyclic', tol=0.0001, warm_start=False)",7.145714285714286,100000.0,0.95,,,,,"{'model': ElasticNet(alpha=1.0, copy_X=True, fit_intercept=True, l1_ratio=0.5,
           max_iter=1000, normalize=False, positive=False, precompute=False,
           random_state=None, selection='cyclic', tol=0.0001, warm_start=False), 'model__alpha': 7.145714285714286, 'model__l1_ratio': 0.95, 'model__max_iter': 100000.0}",-45.519004245448016,-18.141520790589244,-37.97678979078923,-102.21015708333253,-50.961867977539754,31.232192313641036,1075
820,0.005294740200042725,0.001185885209229481,0.0014865994453430176,0.000368126600385014,"ElasticNet(alpha=1.0, copy_X=True, fit_intercept=True, l1_ratio=0.5,
           max_iter=1000, normalize=False, positive=False, precompute=False,
           random_state=None, selection='cyclic', tol=0.0001, warm_start=False)",7.145714285714286,100000.0,1.0,,,,,"{'model': ElasticNet(alpha=1.0, copy_X=True, fit_intercept=True, l1_ratio=0.5,
           max_iter=1000, normalize=False, positive=False, precompute=False,
           random_state=None, selection='cyclic', tol=0.0001, warm_start=False), 'model__alpha': 7.145714285714286, 'model__l1_ratio': 1.0, 'model__max_iter': 100000.0}",-45.519004245448016,-18.141520790589244,-37.97678979078923,-102.21015708333253,-50.961867977539754,31.232192313641036,1075
821,0.004575669765472412,0.00041954318179444476,0.0014712810516357422,0.0003591313943298339,"ElasticNet(alpha=1.0, copy_X=True, fit_intercept=True, l1_ratio=0.5,
           max_iter=1000, normalize=False, positive=False, precompute=False,
           random_state=None, selection='cyclic', tol=0.0001, warm_start=False)",7.349591836734694,100000.0,0.05,,,,,"{'model': ElasticNet(alpha=1.0, copy_X=True, fit_intercept=True, l1_ratio=0.5,
           max_iter=1000, normalize=False, positive=False, precompute=False,
           random_state=None, selection='cyclic', tol=0.0001, warm_start=False), 'model__alpha': 7.349591836734694, 'model__l1_ratio': 0.05, 'model__max_iter': 100000.0}",-29.243133826199713,-11.153117483955503,-20.33126726231998,-63.075981381482514,-30.950874988489424,19.619289685820373,477
822,0.004587709903717041,0.00014889095905465418,0.001374363899230957,0.00024304716098873044,"ElasticNet(alpha=1.0, copy_X=True, fit_intercept=True, l1_ratio=0.5,
           max_iter=1000, normalize=False, positive=False, precompute=False,
           random_state=None, selection='cyclic', tol=0.0001, warm_start=False)",7.349591836734694,100000.0,0.1,,,,,"{'model': ElasticNet(alpha=1.0, copy_X=True, fit_intercept=True, l1_ratio=0.5,
           max_iter=1000, normalize=False, positive=False, precompute=False,
           random_state=None, selection='cyclic', tol=0.0001, warm_start=False), 'model__alpha': 7.349591836734694, 'model__l1_ratio': 0.1, 'model__max_iter': 100000.0}",-31.606115360566363,-12.38743815164111,-21.770510762800903,-71.41240158033139,-34.29411646383494,22.481857654282102,567
823,0.005448102951049805,0.0009539185747627154,0.0013808608055114746,0.00028538232729144355,"ElasticNet(alpha=1.0, copy_X=True, fit_intercept=True, l1_ratio=0.5,
           max_iter=1000, normalize=False, positive=False, precompute=False,
           random_state=None, selection='cyclic', tol=0.0001, warm_start=False)",7.349591836734694,100000.0,0.15,,,,,"{'model': ElasticNet(alpha=1.0, copy_X=True, fit_intercept=True, l1_ratio=0.5,
           max_iter=1000, normalize=False, positive=False, precompute=False,
           random_state=None, selection='cyclic', tol=0.0001, warm_start=False), 'model__alpha': 7.349591836734694, 'model__l1_ratio': 0.15, 'model__max_iter': 100000.0}",-34.11976453125531,-13.738213845939715,-23.390059606693892,-80.81447538707756,-38.01562834274162,25.740139756149812,631
824,0.004870414733886719,0.00044693529292314963,0.0014861822128295898,0.0001843657512404919,"ElasticNet(alpha=1.0, copy_X=True, fit_intercept=True, l1_ratio=0.5,
           max_iter=1000, normalize=False, positive=False, precompute=False,
           random_state=None, selection='cyclic', tol=0.0001, warm_start=False)",7.349591836734694,100000.0,0.2,,,,,"{'model': ElasticNet(alpha=1.0, copy_X=True, fit_intercept=True, l1_ratio=0.5,
           max_iter=1000, normalize=False, positive=False, precompute=False,
           random_state=None, selection='cyclic', tol=0.0001, warm_start=False), 'model__alpha': 7.349591836734694, 'model__l1_ratio': 0.2, 'model__max_iter': 100000.0}",-36.81126037618028,-15.207748573716525,-25.291886838126636,-90.07921214711408,-41.84752698378438,28.876575495578845,681
825,0.004543006420135498,0.00047122382318892425,0.001424252986907959,0.0003211043505041101,"ElasticNet(alpha=1.0, copy_X=True, fit_intercept=True, l1_ratio=0.5,
           max_iter=1000, normalize=False, positive=False, precompute=False,
           random_state=None, selection='cyclic', tol=0.0001, warm_start=False)",7.349591836734694,100000.0,0.25,,,,,"{'model': ElasticNet(alpha=1.0, copy_X=True, fit_intercept=True, l1_ratio=0.5,
           max_iter=1000, normalize=False, positive=False, precompute=False,
           random_state=None, selection='cyclic', tol=0.0001, warm_start=False), 'model__alpha': 7.349591836734694, 'model__l1_ratio': 0.25, 'model__max_iter': 100000.0}",-38.570824979872775,-16.466299683739248,-27.506520930264205,-100.6149809222958,-45.78965662904301,32.603910914800736,737
826,0.005199313163757324,0.0005737372698414058,0.0015958547592163086,0.0003620600042469999,"ElasticNet(alpha=1.0, copy_X=True, fit_intercept=True, l1_ratio=0.5,
           max_iter=1000, normalize=False, positive=False, precompute=False,
           random_state=None, selection='cyclic', tol=0.0001, warm_start=False)",7.349591836734694,100000.0,0.3,,,,,"{'model': ElasticNet(alpha=1.0, copy_X=True, fit_intercept=True, l1_ratio=0.5,
           max_iter=1000, normalize=False, positive=False, precompute=False,
           random_state=None, selection='cyclic', tol=0.0001, warm_start=False), 'model__alpha': 7.349591836734694, 'model__l1_ratio': 0.3, 'model__max_iter': 100000.0}",-39.582722113643065,-16.922763746067737,-29.312332397696256,-104.02330270615442,-47.46028024089037,33.62781347725787,793
827,0.0048787593841552734,0.00024479069580347787,0.0014296174049377441,0.0002497117581763483,"ElasticNet(alpha=1.0, copy_X=True, fit_intercept=True, l1_ratio=0.5,
           max_iter=1000, normalize=False, positive=False, precompute=False,
           random_state=None, selection='cyclic', tol=0.0001, warm_start=False)",7.349591836734694,100000.0,0.35,,,,,"{'model': ElasticNet(alpha=1.0, copy_X=True, fit_intercept=True, l1_ratio=0.5,
           max_iter=1000, normalize=False, positive=False, precompute=False,
           random_state=None, selection='cyclic', tol=0.0001, warm_start=False), 'model__alpha': 7.349591836734694, 'model__l1_ratio': 0.35, 'model__max_iter': 100000.0}",-40.68680772835886,-17.320058230565238,-30.832067639966734,-103.80565766787055,-48.161147816690345,33.17999044215067,860
828,0.005209863185882568,0.0005129191983277238,0.0016612410545349121,0.00018828060070307423,"ElasticNet(alpha=1.0, copy_X=True, fit_intercept=True, l1_ratio=0.5,
           max_iter=1000, normalize=False, positive=False, precompute=False,
           random_state=None, selection='cyclic', tol=0.0001, warm_start=False)",7.349591836734694,100000.0,0.39999999999999997,,,,,"{'model': ElasticNet(alpha=1.0, copy_X=True, fit_intercept=True, l1_ratio=0.5,
           max_iter=1000, normalize=False, positive=False, precompute=False,
           random_state=None, selection='cyclic', tol=0.0001, warm_start=False), 'model__alpha': 7.349591836734694, 'model__l1_ratio': 0.39999999999999997, 'model__max_iter': 100000.0}",-41.52491839192219,-17.439165120897677,-32.44885982728037,-103.73462250031051,-48.78689146010269,32.869441064546514,919
829,0.004538476467132568,0.0004386644438455156,0.0014263391494750977,0.00032376068923319046,"ElasticNet(alpha=1.0, copy_X=True, fit_intercept=True, l1_ratio=0.5,
           max_iter=1000, normalize=False, positive=False, precompute=False,
           random_state=None, selection='cyclic', tol=0.0001, warm_start=False)",7.349591836734694,100000.0,0.44999999999999996,,,,,"{'model': ElasticNet(alpha=1.0, copy_X=True, fit_intercept=True, l1_ratio=0.5,
           max_iter=1000, normalize=False, positive=False, precompute=False,
           random_state=None, selection='cyclic', tol=0.0001, warm_start=False), 'model__alpha': 7.349591836734694, 'model__l1_ratio': 0.44999999999999996, 'model__max_iter': 100000.0}",-42.46032704187902,-17.572677188457714,-33.629609478544175,-102.74331783259618,-49.10148288536927,32.229628693305955,943
830,0.004337310791015625,0.000502457327311049,0.0013689398765563965,0.0002498805502303112,"ElasticNet(alpha=1.0, copy_X=True, fit_intercept=True, l1_ratio=0.5,
           max_iter=1000, normalize=False, positive=False, precompute=False,
           random_state=None, selection='cyclic', tol=0.0001, warm_start=False)",7.349591836734694,100000.0,0.49999999999999994,,,,,"{'model': ElasticNet(alpha=1.0, copy_X=True, fit_intercept=True, l1_ratio=0.5,
           max_iter=1000, normalize=False, positive=False, precompute=False,
           random_state=None, selection='cyclic', tol=0.0001, warm_start=False), 'model__alpha': 7.349591836734694, 'model__l1_ratio': 0.49999999999999994, 'model__max_iter': 100000.0}",-43.51423727392216,-17.74251320203126,-34.86547854541293,-102.21015708333253,-49.58309652617472,31.768182120479338,976
831,0.0060280561447143555,0.0021803272330740892,0.001547396183013916,7.127486935611632e-05,"ElasticNet(alpha=1.0, copy_X=True, fit_intercept=True, l1_ratio=0.5,
           max_iter=1000, normalize=False, positive=False, precompute=False,
           random_state=None, selection='cyclic', tol=0.0001, warm_start=False)",7.349591836734694,100000.0,0.5499999999999999,,,,,"{'model': ElasticNet(alpha=1.0, copy_X=True, fit_intercept=True, l1_ratio=0.5,
           max_iter=1000, normalize=False, positive=False, precompute=False,
           random_state=None, selection='cyclic', tol=0.0001, warm_start=False), 'model__alpha': 7.349591836734694, 'model__l1_ratio': 0.5499999999999999, 'model__max_iter': 100000.0}",-44.57787825007333,-17.96333363475458,-36.01872962490954,-102.21015708333253,-50.192524648267494,31.531633152581684,1011
832,0.005029261112213135,0.0005631311672752309,0.0014274120330810547,0.00038609038283367135,"ElasticNet(alpha=1.0, copy_X=True, fit_intercept=True, l1_ratio=0.5,
           max_iter=1000, normalize=False, positive=False, precompute=False,
           random_state=None, selection='cyclic', tol=0.0001, warm_start=False)",7.349591836734694,100000.0,0.6,,,,,"{'model': ElasticNet(alpha=1.0, copy_X=True, fit_intercept=True, l1_ratio=0.5,
           max_iter=1000, normalize=False, positive=False, precompute=False,
           random_state=None, selection='cyclic', tol=0.0001, warm_start=False), 'model__alpha': 7.349591836734694, 'model__l1_ratio': 0.6, 'model__max_iter': 100000.0}",-45.437471450868955,-18.17390084674232,-36.87976599890287,-102.21015708333253,-50.67532384496167,31.344593025760176,1042
833,0.004702746868133545,0.0002583679987032296,0.0015606880187988281,9.477116026941635e-05,"ElasticNet(alpha=1.0, copy_X=True, fit_intercept=True, l1_ratio=0.5,
           max_iter=1000, normalize=False, positive=False, precompute=False,
           random_state=None, selection='cyclic', tol=0.0001, warm_start=False)",7.349591836734694,100000.0,0.65,,,,,"{'model': ElasticNet(alpha=1.0, copy_X=True, fit_intercept=True, l1_ratio=0.5,
           max_iter=1000, normalize=False, positive=False, precompute=False,
           random_state=None, selection='cyclic', tol=0.0001, warm_start=False), 'model__alpha': 7.349591836734694, 'model__l1_ratio': 0.65, 'model__max_iter': 100000.0}",-45.519004245448016,-18.17151522858169,-37.764101871539616,-102.21015708333253,-50.916194607225464,31.24656709640198,1069
834,0.004455447196960449,0.0005210346219424542,0.0014279484748840332,0.0002970566991239391,"ElasticNet(alpha=1.0, copy_X=True, fit_intercept=True, l1_ratio=0.5,
           max_iter=1000, normalize=False, positive=False, precompute=False,
           random_state=None, selection='cyclic', tol=0.0001, warm_start=False)",7.349591836734694,100000.0,0.7,,,,,"{'model': ElasticNet(alpha=1.0, copy_X=True, fit_intercept=True, l1_ratio=0.5,
           max_iter=1000, normalize=False, positive=False, precompute=False,
           random_state=None, selection='cyclic', tol=0.0001, warm_start=False), 'model__alpha': 7.349591836734694, 'model__l1_ratio': 0.7, 'model__max_iter': 100000.0}",-45.519004245448016,-18.141520790589244,-37.97678979078923,-102.21015708333253,-50.961867977539754,31.232192313641036,1075
835,0.004187405109405518,0.0007062403497558349,0.0015195608139038086,0.00018772299060945108,"ElasticNet(alpha=1.0, copy_X=True, fit_intercept=True, l1_ratio=0.5,
           max_iter=1000, normalize=False, positive=False, precompute=False,
           random_state=None, selection='cyclic', tol=0.0001, warm_start=False)",7.349591836734694,100000.0,0.75,,,,,"{'model': ElasticNet(alpha=1.0, copy_X=True, fit_intercept=True, l1_ratio=0.5,
           max_iter=1000, normalize=False, positive=False, precompute=False,
           random_state=None, selection='cyclic', tol=0.0001, warm_start=False), 'model__alpha': 7.349591836734694, 'model__l1_ratio': 0.75, 'model__max_iter': 100000.0}",-45.519004245448016,-18.141520790589244,-37.97678979078923,-102.21015708333253,-50.961867977539754,31.232192313641036,1075
836,0.004250228404998779,0.0006964939293198151,0.0013971328735351562,0.0002865335571845021,"ElasticNet(alpha=1.0, copy_X=True, fit_intercept=True, l1_ratio=0.5,
           max_iter=1000, normalize=False, positive=False, precompute=False,
           random_state=None, selection='cyclic', tol=0.0001, warm_start=False)",7.349591836734694,100000.0,0.7999999999999999,,,,,"{'model': ElasticNet(alpha=1.0, copy_X=True, fit_intercept=True, l1_ratio=0.5,
           max_iter=1000, normalize=False, positive=False, precompute=False,
           random_state=None, selection='cyclic', tol=0.0001, warm_start=False), 'model__alpha': 7.349591836734694, 'model__l1_ratio': 0.7999999999999999, 'model__max_iter': 100000.0}",-45.519004245448016,-18.141520790589244,-37.97678979078923,-102.21015708333253,-50.961867977539754,31.232192313641036,1075
837,0.004639625549316406,0.00022846241858383377,0.0014911890029907227,0.0002214188928477523,"ElasticNet(alpha=1.0, copy_X=True, fit_intercept=True, l1_ratio=0.5,
           max_iter=1000, normalize=False, positive=False, precompute=False,
           random_state=None, selection='cyclic', tol=0.0001, warm_start=False)",7.349591836734694,100000.0,0.85,,,,,"{'model': ElasticNet(alpha=1.0, copy_X=True, fit_intercept=True, l1_ratio=0.5,
           max_iter=1000, normalize=False, positive=False, precompute=False,
           random_state=None, selection='cyclic', tol=0.0001, warm_start=False), 'model__alpha': 7.349591836734694, 'model__l1_ratio': 0.85, 'model__max_iter': 100000.0}",-45.519004245448016,-18.141520790589244,-37.97678979078923,-102.21015708333253,-50.961867977539754,31.232192313641036,1075
838,0.00421750545501709,0.00043949522717132914,0.0013901591300964355,0.0002195524043908781,"ElasticNet(alpha=1.0, copy_X=True, fit_intercept=True, l1_ratio=0.5,
           max_iter=1000, normalize=False, positive=False, precompute=False,
           random_state=None, selection='cyclic', tol=0.0001, warm_start=False)",7.349591836734694,100000.0,0.9,,,,,"{'model': ElasticNet(alpha=1.0, copy_X=True, fit_intercept=True, l1_ratio=0.5,
           max_iter=1000, normalize=False, positive=False, precompute=False,
           random_state=None, selection='cyclic', tol=0.0001, warm_start=False), 'model__alpha': 7.349591836734694, 'model__l1_ratio': 0.9, 'model__max_iter': 100000.0}",-45.519004245448016,-18.141520790589244,-37.97678979078923,-102.21015708333253,-50.961867977539754,31.232192313641036,1075
839,0.004793941974639893,0.0003131041634800942,0.0015990734100341797,0.00013702961349285102,"ElasticNet(alpha=1.0, copy_X=True, fit_intercept=True, l1_ratio=0.5,
           max_iter=1000, normalize=False, positive=False, precompute=False,
           random_state=None, selection='cyclic', tol=0.0001, warm_start=False)",7.349591836734694,100000.0,0.95,,,,,"{'model': ElasticNet(alpha=1.0, copy_X=True, fit_intercept=True, l1_ratio=0.5,
           max_iter=1000, normalize=False, positive=False, precompute=False,
           random_state=None, selection='cyclic', tol=0.0001, warm_start=False), 'model__alpha': 7.349591836734694, 'model__l1_ratio': 0.95, 'model__max_iter': 100000.0}",-45.519004245448016,-18.141520790589244,-37.97678979078923,-102.21015708333253,-50.961867977539754,31.232192313641036,1075
840,0.004392266273498535,0.0006137662624020447,0.0013793706893920898,0.00029570981013066623,"ElasticNet(alpha=1.0, copy_X=True, fit_intercept=True, l1_ratio=0.5,
           max_iter=1000, normalize=False, positive=False, precompute=False,
           random_state=None, selection='cyclic', tol=0.0001, warm_start=False)",7.349591836734694,100000.0,1.0,,,,,"{'model': ElasticNet(alpha=1.0, copy_X=True, fit_intercept=True, l1_ratio=0.5,
           max_iter=1000, normalize=False, positive=False, precompute=False,
           random_state=None, selection='cyclic', tol=0.0001, warm_start=False), 'model__alpha': 7.349591836734694, 'model__l1_ratio': 1.0, 'model__max_iter': 100000.0}",-45.519004245448016,-18.141520790589244,-37.97678979078923,-102.21015708333253,-50.961867977539754,31.232192313641036,1075
841,0.0043906569480896,0.0006426037844802806,0.0015578866004943848,0.00011263901194968675,"ElasticNet(alpha=1.0, copy_X=True, fit_intercept=True, l1_ratio=0.5,
           max_iter=1000, normalize=False, positive=False, precompute=False,
           random_state=None, selection='cyclic', tol=0.0001, warm_start=False)",7.553469387755102,100000.0,0.05,,,,,"{'model': ElasticNet(alpha=1.0, copy_X=True, fit_intercept=True, l1_ratio=0.5,
           max_iter=1000, normalize=False, positive=False, precompute=False,
           random_state=None, selection='cyclic', tol=0.0001, warm_start=False), 'model__alpha': 7.553469387755102, 'model__l1_ratio': 0.05, 'model__max_iter': 100000.0}",-29.549034125661805,-11.301166769183471,-20.61265665459737,-63.97545327031835,-31.35957770494025,19.905461362894133,494
842,0.004541635513305664,9.544890618958246e-05,0.0015093088150024414,2.581011887776816e-05,"ElasticNet(alpha=1.0, copy_X=True, fit_intercept=True, l1_ratio=0.5,
           max_iter=1000, normalize=False, positive=False, precompute=False,
           random_state=None, selection='cyclic', tol=0.0001, warm_start=False)",7.553469387755102,100000.0,0.1,,,,,"{'model': ElasticNet(alpha=1.0, copy_X=True, fit_intercept=True, l1_ratio=0.5,
           max_iter=1000, normalize=False, positive=False, precompute=False,
           random_state=None, selection='cyclic', tol=0.0001, warm_start=False), 'model__alpha': 7.553469387755102, 'model__l1_ratio': 0.1, 'model__max_iter': 100000.0}",-31.96205876942184,-12.562439011428806,-22.09000999120361,-72.45849714697314,-34.76825122975685,22.815922349333587,584
843,0.005461394786834717,0.000720148130635854,0.0016463994979858398,0.00062980072819496,"ElasticNet(alpha=1.0, copy_X=True, fit_intercept=True, l1_ratio=0.5,
           max_iter=1000, normalize=False, positive=False, precompute=False,
           random_state=None, selection='cyclic', tol=0.0001, warm_start=False)",7.553469387755102,100000.0,0.15,,,,,"{'model': ElasticNet(alpha=1.0, copy_X=True, fit_intercept=True, l1_ratio=0.5,
           max_iter=1000, normalize=False, positive=False, precompute=False,
           random_state=None, selection='cyclic', tol=0.0001, warm_start=False), 'model__alpha': 7.553469387755102, 'model__l1_ratio': 0.15, 'model__max_iter': 100000.0}",-34.51265155697292,-13.941368491571792,-23.75412307564408,-82.08225312862027,-38.57259906320226,26.152714585260288,640
844,0.004514038562774658,1.2641103929592847e-05,0.0014519095420837402,0.00015132081576060662,"ElasticNet(alpha=1.0, copy_X=True, fit_intercept=True, l1_ratio=0.5,
           max_iter=1000, normalize=False, positive=False, precompute=False,
           random_state=None, selection='cyclic', tol=0.0001, warm_start=False)",7.553469387755102,100000.0,0.2,,,,,"{'model': ElasticNet(alpha=1.0, copy_X=True, fit_intercept=True, l1_ratio=0.5,
           max_iter=1000, normalize=False, positive=False, precompute=False,
           random_state=None, selection='cyclic', tol=0.0001, warm_start=False), 'model__alpha': 7.553469387755102, 'model__l1_ratio': 0.2, 'model__max_iter': 100000.0}",-37.24733258841211,-15.44929224006754,-25.73156385563756,-91.43372451030298,-42.46547829860505,29.304506408726397,693
845,0.004819154739379883,0.0004671054732712309,0.0014917850494384766,0.00023307370325873828,"ElasticNet(alpha=1.0, copy_X=True, fit_intercept=True, l1_ratio=0.5,
           max_iter=1000, normalize=False, positive=False, precompute=False,
           random_state=None, selection='cyclic', tol=0.0001, warm_start=False)",7.553469387755102,100000.0,0.25,,,,,"{'model': ElasticNet(alpha=1.0, copy_X=True, fit_intercept=True, l1_ratio=0.5,
           max_iter=1000, normalize=False, positive=False, precompute=False,
           random_state=None, selection='cyclic', tol=0.0001, warm_start=False), 'model__alpha': 7.553469387755102, 'model__l1_ratio': 0.25, 'model__max_iter': 100000.0}",-38.852766186834074,-16.602557556924335,-27.97795441299826,-101.97932876275286,-46.35315172987738,33.06536361763275,750
846,0.004724860191345215,0.0010620991173687852,0.001417994499206543,0.00016695842993240322,"ElasticNet(alpha=1.0, copy_X=True, fit_intercept=True, l1_ratio=0.5,
           max_iter=1000, normalize=False, positive=False, precompute=False,
           random_state=None, selection='cyclic', tol=0.0001, warm_start=False)",7.553469387755102,100000.0,0.3,,,,,"{'model': ElasticNet(alpha=1.0, copy_X=True, fit_intercept=True, l1_ratio=0.5,
           max_iter=1000, normalize=False, positive=False, precompute=False,
           random_state=None, selection='cyclic', tol=0.0001, warm_start=False), 'model__alpha': 7.553469387755102, 'model__l1_ratio': 0.3, 'model__max_iter': 100000.0}",-39.86580909078115,-17.001620837805653,-29.68154457599859,-103.94034123648413,-47.622328935267376,33.50888545398687,806
847,0.006174445152282715,0.0019035615390759484,0.0025933384895324707,0.002110223242726911,"ElasticNet(alpha=1.0, copy_X=True, fit_intercept=True, l1_ratio=0.5,
           max_iter=1000, normalize=False, positive=False, precompute=False,
           random_state=None, selection='cyclic', tol=0.0001, warm_start=False)",7.553469387755102,100000.0,0.35,,,,,"{'model': ElasticNet(alpha=1.0, copy_X=True, fit_intercept=True, l1_ratio=0.5,
           max_iter=1000, normalize=False, positive=False, precompute=False,
           random_state=None, selection='cyclic', tol=0.0001, warm_start=False), 'model__alpha': 7.553469387755102, 'model__l1_ratio': 0.35, 'model__max_iter': 100000.0}",-40.938978560671025,-17.355988812174566,-31.262988909404253,-103.78219239322134,-48.3350371688678,33.09170958967377,878
848,0.004763185977935791,0.0008500011459093678,0.0014171004295349121,0.00029872803196938965,"ElasticNet(alpha=1.0, copy_X=True, fit_intercept=True, l1_ratio=0.5,
           max_iter=1000, normalize=False, positive=False, precompute=False,
           random_state=None, selection='cyclic', tol=0.0001, warm_start=False)",7.553469387755102,100000.0,0.39999999999999997,,,,,"{'model': ElasticNet(alpha=1.0, copy_X=True, fit_intercept=True, l1_ratio=0.5,
           max_iter=1000, normalize=False, positive=False, precompute=False,
           random_state=None, selection='cyclic', tol=0.0001, warm_start=False), 'model__alpha': 7.553469387755102, 'model__l1_ratio': 0.39999999999999997, 'model__max_iter': 100000.0}",-41.80339002134724,-17.479424352200017,-32.79992708722523,-103.46723494772861,-48.887494102125274,32.689483397858965,927
849,0.004851579666137695,0.0003612513558536695,0.001394808292388916,0.0002751445631741904,"ElasticNet(alpha=1.0, copy_X=True, fit_intercept=True, l1_ratio=0.5,
           max_iter=1000, normalize=False, positive=False, precompute=False,
           random_state=None, selection='cyclic', tol=0.0001, warm_start=False)",7.553469387755102,100000.0,0.44999999999999996,,,,,"{'model': ElasticNet(alpha=1.0, copy_X=True, fit_intercept=True, l1_ratio=0.5,
           max_iter=1000, normalize=False, positive=False, precompute=False,
           random_state=None, selection='cyclic', tol=0.0001, warm_start=False), 'model__alpha': 7.553469387755102, 'model__l1_ratio': 0.44999999999999996, 'model__max_iter': 100000.0}",-42.77350663378194,-17.618001499547614,-34.03340254878993,-102.53896383402343,-49.24096862903573,32.069403150388816,954
850,0.004035234451293945,0.0007355714909150193,0.0013722777366638184,0.0003061215348700786,"ElasticNet(alpha=1.0, copy_X=True, fit_intercept=True, l1_ratio=0.5,
           max_iter=1000, normalize=False, positive=False, precompute=False,
           random_state=None, selection='cyclic', tol=0.0001, warm_start=False)",7.553469387755102,100000.0,0.49999999999999994,,,,,"{'model': ElasticNet(alpha=1.0, copy_X=True, fit_intercept=True, l1_ratio=0.5,
           max_iter=1000, normalize=False, positive=False, precompute=False,
           random_state=None, selection='cyclic', tol=0.0001, warm_start=False), 'model__alpha': 7.553469387755102, 'model__l1_ratio': 0.49999999999999994, 'model__max_iter': 100000.0}",-43.868393851867495,-17.80409141624259,-35.30695059031361,-102.21015708333253,-49.79739823543906,31.68515084866731,989
851,0.0046195387840271,0.0009192119925215718,0.001630544662475586,0.0004140177927563845,"ElasticNet(alpha=1.0, copy_X=True, fit_intercept=True, l1_ratio=0.5,
           max_iter=1000, normalize=False, positive=False, precompute=False,
           random_state=None, selection='cyclic', tol=0.0001, warm_start=False)",7.553469387755102,100000.0,0.5499999999999999,,,,,"{'model': ElasticNet(alpha=1.0, copy_X=True, fit_intercept=True, l1_ratio=0.5,
           max_iter=1000, normalize=False, positive=False, precompute=False,
           random_state=None, selection='cyclic', tol=0.0001, warm_start=False), 'model__alpha': 7.553469387755102, 'model__l1_ratio': 0.5499999999999999, 'model__max_iter': 100000.0}",-44.916921485202266,-18.032298330260502,-36.32598824712736,-102.21015708333253,-50.37134128648067,31.46465938125201,1020
852,0.00467371940612793,0.00034757786136076647,0.0015202164649963379,0.00010649004935826203,"ElasticNet(alpha=1.0, copy_X=True, fit_intercept=True, l1_ratio=0.5,
           max_iter=1000, normalize=False, positive=False, precompute=False,
           random_state=None, selection='cyclic', tol=0.0001, warm_start=False)",7.553469387755102,100000.0,0.6,,,,,"{'model': ElasticNet(alpha=1.0, copy_X=True, fit_intercept=True, l1_ratio=0.5,
           max_iter=1000, normalize=False, positive=False, precompute=False,
           random_state=None, selection='cyclic', tol=0.0001, warm_start=False), 'model__alpha': 7.553469387755102, 'model__l1_ratio': 0.6, 'model__max_iter': 100000.0}",-45.519004245448016,-18.223429182906766,-37.23584544474088,-102.21015708333253,-50.797108989107045,31.289424687347612,1054
853,0.004209995269775391,0.00043957051158692036,0.0013556480407714844,0.00023745957860756852,"ElasticNet(alpha=1.0, copy_X=True, fit_intercept=True, l1_ratio=0.5,
           max_iter=1000, normalize=False, positive=False, precompute=False,
           random_state=None, selection='cyclic', tol=0.0001, warm_start=False)",7.553469387755102,100000.0,0.65,,,,,"{'model': ElasticNet(alpha=1.0, copy_X=True, fit_intercept=True, l1_ratio=0.5,
           max_iter=1000, normalize=False, positive=False, precompute=False,
           random_state=None, selection='cyclic', tol=0.0001, warm_start=False), 'model__alpha': 7.553469387755102, 'model__l1_ratio': 0.65, 'model__max_iter': 100000.0}",-45.519004245448016,-18.145036771283134,-37.97678979078923,-102.21015708333253,-50.962746972713234,31.231268645071363,1272
854,0.005124568939208984,0.0018688759577789027,0.0013462305068969727,0.00021076300160151052,"ElasticNet(alpha=1.0, copy_X=True, fit_intercept=True, l1_ratio=0.5,
           max_iter=1000, normalize=False, positive=False, precompute=False,
           random_state=None, selection='cyclic', tol=0.0001, warm_start=False)",7.553469387755102,100000.0,0.7,,,,,"{'model': ElasticNet(alpha=1.0, copy_X=True, fit_intercept=True, l1_ratio=0.5,
           max_iter=1000, normalize=False, positive=False, precompute=False,
           random_state=None, selection='cyclic', tol=0.0001, warm_start=False), 'model__alpha': 7.553469387755102, 'model__l1_ratio': 0.7, 'model__max_iter': 100000.0}",-45.519004245448016,-18.141520790589244,-37.97678979078923,-102.21015708333253,-50.961867977539754,31.232192313641036,1075
855,0.005128741264343262,0.0001323492113040826,0.0018787384033203125,0.0002881173361187846,"ElasticNet(alpha=1.0, copy_X=True, fit_intercept=True, l1_ratio=0.5,
           max_iter=1000, normalize=False, positive=False, precompute=False,
           random_state=None, selection='cyclic', tol=0.0001, warm_start=False)",7.553469387755102,100000.0,0.75,,,,,"{'model': ElasticNet(alpha=1.0, copy_X=True, fit_intercept=True, l1_ratio=0.5,
           max_iter=1000, normalize=False, positive=False, precompute=False,
           random_state=None, selection='cyclic', tol=0.0001, warm_start=False), 'model__alpha': 7.553469387755102, 'model__l1_ratio': 0.75, 'model__max_iter': 100000.0}",-45.519004245448016,-18.141520790589244,-37.97678979078923,-102.21015708333253,-50.961867977539754,31.232192313641036,1075
856,0.004962503910064697,0.0010469084334621074,0.0012642741203308105,0.0003338967026938778,"ElasticNet(alpha=1.0, copy_X=True, fit_intercept=True, l1_ratio=0.5,
           max_iter=1000, normalize=False, positive=False, precompute=False,
           random_state=None, selection='cyclic', tol=0.0001, warm_start=False)",7.553469387755102,100000.0,0.7999999999999999,,,,,"{'model': ElasticNet(alpha=1.0, copy_X=True, fit_intercept=True, l1_ratio=0.5,
           max_iter=1000, normalize=False, positive=False, precompute=False,
           random_state=None, selection='cyclic', tol=0.0001, warm_start=False), 'model__alpha': 7.553469387755102, 'model__l1_ratio': 0.7999999999999999, 'model__max_iter': 100000.0}",-45.519004245448016,-18.141520790589244,-37.97678979078923,-102.21015708333253,-50.961867977539754,31.232192313641036,1075
857,0.004775941371917725,0.00027096192190513183,0.0015947222709655762,8.371588532845949e-05,"ElasticNet(alpha=1.0, copy_X=True, fit_intercept=True, l1_ratio=0.5,
           max_iter=1000, normalize=False, positive=False, precompute=False,
           random_state=None, selection='cyclic', tol=0.0001, warm_start=False)",7.553469387755102,100000.0,0.85,,,,,"{'model': ElasticNet(alpha=1.0, copy_X=True, fit_intercept=True, l1_ratio=0.5,
           max_iter=1000, normalize=False, positive=False, precompute=False,
           random_state=None, selection='cyclic', tol=0.0001, warm_start=False), 'model__alpha': 7.553469387755102, 'model__l1_ratio': 0.85, 'model__max_iter': 100000.0}",-45.519004245448016,-18.141520790589244,-37.97678979078923,-102.21015708333253,-50.961867977539754,31.232192313641036,1075
858,0.006170868873596191,0.0024265707569798983,0.0016016364097595215,0.000191463433104987,"ElasticNet(alpha=1.0, copy_X=True, fit_intercept=True, l1_ratio=0.5,
           max_iter=1000, normalize=False, positive=False, precompute=False,
           random_state=None, selection='cyclic', tol=0.0001, warm_start=False)",7.553469387755102,100000.0,0.9,,,,,"{'model': ElasticNet(alpha=1.0, copy_X=True, fit_intercept=True, l1_ratio=0.5,
           max_iter=1000, normalize=False, positive=False, precompute=False,
           random_state=None, selection='cyclic', tol=0.0001, warm_start=False), 'model__alpha': 7.553469387755102, 'model__l1_ratio': 0.9, 'model__max_iter': 100000.0}",-45.519004245448016,-18.141520790589244,-37.97678979078923,-102.21015708333253,-50.961867977539754,31.232192313641036,1075
859,0.005367755889892578,0.00015750610557506157,0.0016077756881713867,0.00018701817627604894,"ElasticNet(alpha=1.0, copy_X=True, fit_intercept=True, l1_ratio=0.5,
           max_iter=1000, normalize=False, positive=False, precompute=False,
           random_state=None, selection='cyclic', tol=0.0001, warm_start=False)",7.553469387755102,100000.0,0.95,,,,,"{'model': ElasticNet(alpha=1.0, copy_X=True, fit_intercept=True, l1_ratio=0.5,
           max_iter=1000, normalize=False, positive=False, precompute=False,
           random_state=None, selection='cyclic', tol=0.0001, warm_start=False), 'model__alpha': 7.553469387755102, 'model__l1_ratio': 0.95, 'model__max_iter': 100000.0}",-45.519004245448016,-18.141520790589244,-37.97678979078923,-102.21015708333253,-50.961867977539754,31.232192313641036,1075
860,0.004806995391845703,0.0005066476989528319,0.0016165971755981445,0.0003163058279313198,"ElasticNet(alpha=1.0, copy_X=True, fit_intercept=True, l1_ratio=0.5,
           max_iter=1000, normalize=False, positive=False, precompute=False,
           random_state=None, selection='cyclic', tol=0.0001, warm_start=False)",7.553469387755102,100000.0,1.0,,,,,"{'model': ElasticNet(alpha=1.0, copy_X=True, fit_intercept=True, l1_ratio=0.5,
           max_iter=1000, normalize=False, positive=False, precompute=False,
           random_state=None, selection='cyclic', tol=0.0001, warm_start=False), 'model__alpha': 7.553469387755102, 'model__l1_ratio': 1.0, 'model__max_iter': 100000.0}",-45.519004245448016,-18.141520790589244,-37.97678979078923,-102.21015708333253,-50.961867977539754,31.232192313641036,1075
861,0.004429757595062256,3.577763527342384e-05,0.0017035603523254395,0.0003740493222711867,"ElasticNet(alpha=1.0, copy_X=True, fit_intercept=True, l1_ratio=0.5,
           max_iter=1000, normalize=False, positive=False, precompute=False,
           random_state=None, selection='cyclic', tol=0.0001, warm_start=False)",7.75734693877551,100000.0,0.05,,,,,"{'model': ElasticNet(alpha=1.0, copy_X=True, fit_intercept=True, l1_ratio=0.5,
           max_iter=1000, normalize=False, positive=False, precompute=False,
           random_state=None, selection='cyclic', tol=0.0001, warm_start=False), 'model__alpha': 7.75734693877551, 'model__l1_ratio': 0.05, 'model__max_iter': 100000.0}",-29.84676260476716,-11.445225532229989,-20.887438310758967,-64.84962346695632,-31.757262478678108,20.18344797044154,507
862,0.005108475685119629,0.00021674612570003868,0.0017598271369934082,0.00010655821932560632,"ElasticNet(alpha=1.0, copy_X=True, fit_intercept=True, l1_ratio=0.5,
           max_iter=1000, normalize=False, positive=False, precompute=False,
           random_state=None, selection='cyclic', tol=0.0001, warm_start=False)",7.75734693877551,100000.0,0.1,,,,,"{'model': ElasticNet(alpha=1.0, copy_X=True, fit_intercept=True, l1_ratio=0.5,
           max_iter=1000, normalize=False, positive=False, precompute=False,
           random_state=None, selection='cyclic', tol=0.0001, warm_start=False), 'model__alpha': 7.75734693877551, 'model__l1_ratio': 0.1, 'model__max_iter': 100000.0}",-32.30880733890602,-12.73292917893175,-22.40234241168114,-73.47636389678719,-35.230110706576525,23.14079035259485,593
863,0.005273997783660889,0.0009790023458160408,0.0016502141952514648,5.0435110403934015e-05,"ElasticNet(alpha=1.0, copy_X=True, fit_intercept=True, l1_ratio=0.5,
           max_iter=1000, normalize=False, positive=False, precompute=False,
           random_state=None, selection='cyclic', tol=0.0001, warm_start=False)",7.75734693877551,100000.0,0.15,,,,,"{'model': ElasticNet(alpha=1.0, copy_X=True, fit_intercept=True, l1_ratio=0.5,
           max_iter=1000, normalize=False, positive=False, precompute=False,
           random_state=None, selection='cyclic', tol=0.0001, warm_start=False), 'model__alpha': 7.75734693877551, 'model__l1_ratio': 0.15, 'model__max_iter': 100000.0}",-34.89589440581339,-14.139719605100755,-24.11043067127891,-83.22936281475472,-39.09385187423695,26.517813829283014,647
864,0.004615962505340576,0.0002232740269156662,0.0014578700065612793,0.00010255011612109874,"ElasticNet(alpha=1.0, copy_X=True, fit_intercept=True, l1_ratio=0.5,
           max_iter=1000, normalize=False, positive=False, precompute=False,
           random_state=None, selection='cyclic', tol=0.0001, warm_start=False)",7.75734693877551,100000.0,0.2,,,,,"{'model': ElasticNet(alpha=1.0, copy_X=True, fit_intercept=True, l1_ratio=0.5,
           max_iter=1000, normalize=False, positive=False, precompute=False,
           random_state=None, selection='cyclic', tol=0.0001, warm_start=False), 'model__alpha': 7.75734693877551, 'model__l1_ratio': 0.2, 'model__max_iter': 100000.0}",-37.67277667941734,-15.672088182589496,-26.16265399320994,-92.75231735857113,-43.06495905344698,29.723587001712012,698
865,0.004492700099945068,0.0002309237714692571,0.0014635324478149414,0.0002458760592908611,"ElasticNet(alpha=1.0, copy_X=True, fit_intercept=True, l1_ratio=0.5,
           max_iter=1000, normalize=False, positive=False, precompute=False,
           random_state=None, selection='cyclic', tol=0.0001, warm_start=False)",7.75734693877551,100000.0,0.25,,,,,"{'model': ElasticNet(alpha=1.0, copy_X=True, fit_intercept=True, l1_ratio=0.5,
           max_iter=1000, normalize=False, positive=False, precompute=False,
           random_state=None, selection='cyclic', tol=0.0001, warm_start=False), 'model__alpha': 7.75734693877551, 'model__l1_ratio': 0.25, 'model__max_iter': 100000.0}",-39.10079940356069,-16.73401678310741,-28.426815261635106,-102.78877692378352,-46.762602093021684,33.29997185081457,761
866,0.005169332027435303,0.0007561307264712874,0.0017148852348327637,0.0005527039785866664,"ElasticNet(alpha=1.0, copy_X=True, fit_intercept=True, l1_ratio=0.5,
           max_iter=1000, normalize=False, positive=False, precompute=False,
           random_state=None, selection='cyclic', tol=0.0001, warm_start=False)",7.75734693877551,100000.0,0.3,,,,,"{'model': ElasticNet(alpha=1.0, copy_X=True, fit_intercept=True, l1_ratio=0.5,
           max_iter=1000, normalize=False, positive=False, precompute=False,
           random_state=None, selection='cyclic', tol=0.0001, warm_start=False), 'model__alpha': 7.75734693877551, 'model__l1_ratio': 0.3, 'model__max_iter': 100000.0}",-40.142348762904206,-17.08451221164515,-30.04583936702379,-103.84113887484862,-47.77845980410544,33.38374762813863,819
867,0.005035042762756348,0.00015471698784338318,0.001713573932647705,7.880669533229697e-05,"ElasticNet(alpha=1.0, copy_X=True, fit_intercept=True, l1_ratio=0.5,
           max_iter=1000, normalize=False, positive=False, precompute=False,
           random_state=None, selection='cyclic', tol=0.0001, warm_start=False)",7.75734693877551,100000.0,0.35,,,,,"{'model': ElasticNet(alpha=1.0, copy_X=True, fit_intercept=True, l1_ratio=0.5,
           max_iter=1000, normalize=False, positive=False, precompute=False,
           random_state=None, selection='cyclic', tol=0.0001, warm_start=False), 'model__alpha': 7.75734693877551, 'model__l1_ratio': 0.35, 'model__max_iter': 100000.0}",-41.18291972231036,-17.391376203135056,-31.692222171679933,-103.76205658159537,-48.507143669680175,33.00637145821461,896
868,0.004333138465881348,0.0002717619118060794,0.0014782547950744629,0.00036576158486031836,"ElasticNet(alpha=1.0, copy_X=True, fit_intercept=True, l1_ratio=0.5,
           max_iter=1000, normalize=False, positive=False, precompute=False,
           random_state=None, selection='cyclic', tol=0.0001, warm_start=False)",7.75734693877551,100000.0,0.39999999999999997,,,,,"{'model': ElasticNet(alpha=1.0, copy_X=True, fit_intercept=True, l1_ratio=0.5,
           max_iter=1000, normalize=False, positive=False, precompute=False,
           random_state=None, selection='cyclic', tol=0.0001, warm_start=False), 'model__alpha': 7.75734693877551, 'model__l1_ratio': 0.39999999999999997, 'model__max_iter': 100000.0}",-42.0767836838454,-17.519134355368926,-33.14789636525618,-103.21239563525765,-48.98905250993204,32.516335804737395,935
869,0.005797743797302246,0.0017869493538244182,0.0014257431030273438,0.00040376036787023484,"ElasticNet(alpha=1.0, copy_X=True, fit_intercept=True, l1_ratio=0.5,
           max_iter=1000, normalize=False, positive=False, precompute=False,
           random_state=None, selection='cyclic', tol=0.0001, warm_start=False)",7.75734693877551,100000.0,0.44999999999999996,,,,,"{'model': ElasticNet(alpha=1.0, copy_X=True, fit_intercept=True, l1_ratio=0.5,
           max_iter=1000, normalize=False, positive=False, precompute=False,
           random_state=None, selection='cyclic', tol=0.0001, warm_start=False), 'model__alpha': 7.75734693877551, 'model__l1_ratio': 0.44999999999999996, 'model__max_iter': 100000.0}",-43.08150166608032,-17.662780287209426,-34.42210060311511,-102.37401800822211,-49.38510014115674,31.92866150713634,964
870,0.004938840866088867,0.00012567271498488354,0.0015489459037780762,0.0002756417490415376,"ElasticNet(alpha=1.0, copy_X=True, fit_intercept=True, l1_ratio=0.5,
           max_iter=1000, normalize=False, positive=False, precompute=False,
           random_state=None, selection='cyclic', tol=0.0001, warm_start=False)",7.75734693877551,100000.0,0.49999999999999994,,,,,"{'model': ElasticNet(alpha=1.0, copy_X=True, fit_intercept=True, l1_ratio=0.5,
           max_iter=1000, normalize=False, positive=False, precompute=False,
           random_state=None, selection='cyclic', tol=0.0001, warm_start=False), 'model__alpha': 7.75734693877551, 'model__l1_ratio': 0.49999999999999994, 'model__max_iter': 100000.0}",-44.18131030721189,-17.8645478550199,-35.74543916087752,-102.21015708333253,-50.00036360161046,31.60552736926305,999
871,0.0048272013664245605,0.0006556814874842991,0.001600503921508789,0.00017787504070831877,"ElasticNet(alpha=1.0, copy_X=True, fit_intercept=True, l1_ratio=0.5,
           max_iter=1000, normalize=False, positive=False, precompute=False,
           random_state=None, selection='cyclic', tol=0.0001, warm_start=False)",7.75734693877551,100000.0,0.5499999999999999,,,,,"{'model': ElasticNet(alpha=1.0, copy_X=True, fit_intercept=True, l1_ratio=0.5,
           max_iter=1000, normalize=False, positive=False, precompute=False,
           random_state=None, selection='cyclic', tol=0.0001, warm_start=False), 'model__alpha': 7.75734693877551, 'model__l1_ratio': 0.5499999999999999, 'model__max_iter': 100000.0}",-45.17679637026278,-18.085906537674216,-36.62789369162155,-102.21015708333253,-50.52518842072277,31.40614228560937,1032
872,0.0045244693756103516,5.571755986817952e-05,0.0015445351600646973,7.271422217763149e-05,"ElasticNet(alpha=1.0, copy_X=True, fit_intercept=True, l1_ratio=0.5,
           max_iter=1000, normalize=False, positive=False, precompute=False,
           random_state=None, selection='cyclic', tol=0.0001, warm_start=False)",7.75734693877551,100000.0,0.6,,,,,"{'model': ElasticNet(alpha=1.0, copy_X=True, fit_intercept=True, l1_ratio=0.5,
           max_iter=1000, normalize=False, positive=False, precompute=False,
           random_state=None, selection='cyclic', tol=0.0001, warm_start=False), 'model__alpha': 7.75734693877551, 'model__l1_ratio': 0.6, 'model__max_iter': 100000.0}",-45.519004245448016,-18.19053485039375,-37.586570463424934,-102.21015708333253,-50.87656666064981,31.260364901660413,1063
873,0.0037165284156799316,0.0006578229646101839,0.0012352466583251953,0.00027119508149656433,"ElasticNet(alpha=1.0, copy_X=True, fit_intercept=True, l1_ratio=0.5,
           max_iter=1000, normalize=False, positive=False, precompute=False,
           random_state=None, selection='cyclic', tol=0.0001, warm_start=False)",7.75734693877551,100000.0,0.65,,,,,"{'model': ElasticNet(alpha=1.0, copy_X=True, fit_intercept=True, l1_ratio=0.5,
           max_iter=1000, normalize=False, positive=False, precompute=False,
           random_state=None, selection='cyclic', tol=0.0001, warm_start=False), 'model__alpha': 7.75734693877551, 'model__l1_ratio': 0.65, 'model__max_iter': 100000.0}",-45.519004245448016,-18.141520790589244,-37.97678979078923,-102.21015708333253,-50.961867977539754,31.232192313641036,1075
874,0.005067229270935059,0.00039584199855539854,0.0018431544303894043,0.00010962347495501997,"ElasticNet(alpha=1.0, copy_X=True, fit_intercept=True, l1_ratio=0.5,
           max_iter=1000, normalize=False, positive=False, precompute=False,
           random_state=None, selection='cyclic', tol=0.0001, warm_start=False)",7.75734693877551,100000.0,0.7,,,,,"{'model': ElasticNet(alpha=1.0, copy_X=True, fit_intercept=True, l1_ratio=0.5,
           max_iter=1000, normalize=False, positive=False, precompute=False,
           random_state=None, selection='cyclic', tol=0.0001, warm_start=False), 'model__alpha': 7.75734693877551, 'model__l1_ratio': 0.7, 'model__max_iter': 100000.0}",-45.519004245448016,-18.141520790589244,-37.97678979078923,-102.21015708333253,-50.961867977539754,31.232192313641036,1075
875,0.005072474479675293,0.0013457150626509638,0.0016159415245056152,0.0002064885473366209,"ElasticNet(alpha=1.0, copy_X=True, fit_intercept=True, l1_ratio=0.5,
           max_iter=1000, normalize=False, positive=False, precompute=False,
           random_state=None, selection='cyclic', tol=0.0001, warm_start=False)",7.75734693877551,100000.0,0.75,,,,,"{'model': ElasticNet(alpha=1.0, copy_X=True, fit_intercept=True, l1_ratio=0.5,
           max_iter=1000, normalize=False, positive=False, precompute=False,
           random_state=None, selection='cyclic', tol=0.0001, warm_start=False), 'model__alpha': 7.75734693877551, 'model__l1_ratio': 0.75, 'model__max_iter': 100000.0}",-45.519004245448016,-18.141520790589244,-37.97678979078923,-102.21015708333253,-50.961867977539754,31.232192313641036,1075
876,0.004574954509735107,4.6734108735702154e-05,0.0015335679054260254,9.29713814758841e-05,"ElasticNet(alpha=1.0, copy_X=True, fit_intercept=True, l1_ratio=0.5,
           max_iter=1000, normalize=False, positive=False, precompute=False,
           random_state=None, selection='cyclic', tol=0.0001, warm_start=False)",7.75734693877551,100000.0,0.7999999999999999,,,,,"{'model': ElasticNet(alpha=1.0, copy_X=True, fit_intercept=True, l1_ratio=0.5,
           max_iter=1000, normalize=False, positive=False, precompute=False,
           random_state=None, selection='cyclic', tol=0.0001, warm_start=False), 'model__alpha': 7.75734693877551, 'model__l1_ratio': 0.7999999999999999, 'model__max_iter': 100000.0}",-45.519004245448016,-18.141520790589244,-37.97678979078923,-102.21015708333253,-50.961867977539754,31.232192313641036,1075
877,0.004281938076019287,0.0003775302067400487,0.0016932487487792969,0.0005624207362157872,"ElasticNet(alpha=1.0, copy_X=True, fit_intercept=True, l1_ratio=0.5,
           max_iter=1000, normalize=False, positive=False, precompute=False,
           random_state=None, selection='cyclic', tol=0.0001, warm_start=False)",7.75734693877551,100000.0,0.85,,,,,"{'model': ElasticNet(alpha=1.0, copy_X=True, fit_intercept=True, l1_ratio=0.5,
           max_iter=1000, normalize=False, positive=False, precompute=False,
           random_state=None, selection='cyclic', tol=0.0001, warm_start=False), 'model__alpha': 7.75734693877551, 'model__l1_ratio': 0.85, 'model__max_iter': 100000.0}",-45.519004245448016,-18.141520790589244,-37.97678979078923,-102.21015708333253,-50.961867977539754,31.232192313641036,1075
878,0.005280137062072754,0.00021072409334894999,0.0017657279968261719,0.0007157849698327453,"ElasticNet(alpha=1.0, copy_X=True, fit_intercept=True, l1_ratio=0.5,
           max_iter=1000, normalize=False, positive=False, precompute=False,
           random_state=None, selection='cyclic', tol=0.0001, warm_start=False)",7.75734693877551,100000.0,0.9,,,,,"{'model': ElasticNet(alpha=1.0, copy_X=True, fit_intercept=True, l1_ratio=0.5,
           max_iter=1000, normalize=False, positive=False, precompute=False,
           random_state=None, selection='cyclic', tol=0.0001, warm_start=False), 'model__alpha': 7.75734693877551, 'model__l1_ratio': 0.9, 'model__max_iter': 100000.0}",-45.519004245448016,-18.141520790589244,-37.97678979078923,-102.21015708333253,-50.961867977539754,31.232192313641036,1075
879,0.0052032470703125,0.0007971225068712152,0.0014845728874206543,0.0003330651390224124,"ElasticNet(alpha=1.0, copy_X=True, fit_intercept=True, l1_ratio=0.5,
           max_iter=1000, normalize=False, positive=False, precompute=False,
           random_state=None, selection='cyclic', tol=0.0001, warm_start=False)",7.75734693877551,100000.0,0.95,,,,,"{'model': ElasticNet(alpha=1.0, copy_X=True, fit_intercept=True, l1_ratio=0.5,
           max_iter=1000, normalize=False, positive=False, precompute=False,
           random_state=None, selection='cyclic', tol=0.0001, warm_start=False), 'model__alpha': 7.75734693877551, 'model__l1_ratio': 0.95, 'model__max_iter': 100000.0}",-45.519004245448016,-18.141520790589244,-37.97678979078923,-102.21015708333253,-50.961867977539754,31.232192313641036,1075
880,0.004890263080596924,0.0004407170618872283,0.0016264915466308594,0.00016474559923894264,"ElasticNet(alpha=1.0, copy_X=True, fit_intercept=True, l1_ratio=0.5,
           max_iter=1000, normalize=False, positive=False, precompute=False,
           random_state=None, selection='cyclic', tol=0.0001, warm_start=False)",7.75734693877551,100000.0,1.0,,,,,"{'model': ElasticNet(alpha=1.0, copy_X=True, fit_intercept=True, l1_ratio=0.5,
           max_iter=1000, normalize=False, positive=False, precompute=False,
           random_state=None, selection='cyclic', tol=0.0001, warm_start=False), 'model__alpha': 7.75734693877551, 'model__l1_ratio': 1.0, 'model__max_iter': 100000.0}",-45.519004245448016,-18.141520790589244,-37.97678979078923,-102.21015708333253,-50.961867977539754,31.232192313641036,1075
881,0.006085216999053955,0.0013739859931705604,0.0015165209770202637,0.00044252114452985995,"ElasticNet(alpha=1.0, copy_X=True, fit_intercept=True, l1_ratio=0.5,
           max_iter=1000, normalize=False, positive=False, precompute=False,
           random_state=None, selection='cyclic', tol=0.0001, warm_start=False)",7.961224489795918,100000.0,0.05,,,,,"{'model': ElasticNet(alpha=1.0, copy_X=True, fit_intercept=True, l1_ratio=0.5,
           max_iter=1000, normalize=False, positive=False, precompute=False,
           random_state=None, selection='cyclic', tol=0.0001, warm_start=False), 'model__alpha': 7.961224489795918, 'model__l1_ratio': 0.05, 'model__max_iter': 100000.0}",-30.13662808170092,-11.585437718458708,-21.155816466794764,-65.6994363946922,-32.14432966541165,20.453554175651888,517
882,0.005243778228759766,0.00029919617618269067,0.0018904805183410645,0.0004744837134851969,"ElasticNet(alpha=1.0, copy_X=True, fit_intercept=True, l1_ratio=0.5,
           max_iter=1000, normalize=False, positive=False, precompute=False,
           random_state=None, selection='cyclic', tol=0.0001, warm_start=False)",7.961224489795918,100000.0,0.1,,,,,"{'model': ElasticNet(alpha=1.0, copy_X=True, fit_intercept=True, l1_ratio=0.5,
           max_iter=1000, normalize=False, positive=False, precompute=False,
           random_state=None, selection='cyclic', tol=0.0001, warm_start=False), 'model__alpha': 7.961224489795918, 'model__l1_ratio': 0.1, 'model__max_iter': 100000.0}",-32.64669431396502,-12.89906183131939,-22.707713684930514,-74.46699470354221,-35.680116133439284,23.456786105245662,599
883,0.00474095344543457,7.402407358173921e-05,0.0016973018646240234,0.00010652949253692823,"ElasticNet(alpha=1.0, copy_X=True, fit_intercept=True, l1_ratio=0.5,
           max_iter=1000, normalize=False, positive=False, precompute=False,
           random_state=None, selection='cyclic', tol=0.0001, warm_start=False)",7.961224489795918,100000.0,0.15,,,,,"{'model': ElasticNet(alpha=1.0, copy_X=True, fit_intercept=True, l1_ratio=0.5,
           max_iter=1000, normalize=False, positive=False, precompute=False,
           random_state=None, selection='cyclic', tol=0.0001, warm_start=False), 'model__alpha': 7.961224489795918, 'model__l1_ratio': 0.15, 'model__max_iter': 100000.0}",-35.26982059628634,-14.333409795405425,-24.459187190403725,-84.30217882959522,-39.59114910292268,26.854607265467923,653
884,0.004465818405151367,0.00011385267290877061,0.0013519525527954102,0.00019559832475968958,"ElasticNet(alpha=1.0, copy_X=True, fit_intercept=True, l1_ratio=0.5,
           max_iter=1000, normalize=False, positive=False, precompute=False,
           random_state=None, selection='cyclic', tol=0.0001, warm_start=False)",7.961224489795918,100000.0,0.2,,,,,"{'model': ElasticNet(alpha=1.0, copy_X=True, fit_intercept=True, l1_ratio=0.5,
           max_iter=1000, normalize=False, positive=False, precompute=False,
           random_state=None, selection='cyclic', tol=0.0001, warm_start=False), 'model__alpha': 7.961224489795918, 'model__l1_ratio': 0.2, 'model__max_iter': 100000.0}",-38.044673743465566,-15.889492741358081,-26.581000531610787,-94.03632219565779,-43.63787230302306,30.13385581298748,706
885,0.0050643086433410645,0.0004000558391051374,0.0017380714416503906,9.373625875444948e-05,"ElasticNet(alpha=1.0, copy_X=True, fit_intercept=True, l1_ratio=0.5,
           max_iter=1000, normalize=False, positive=False, precompute=False,
           random_state=None, selection='cyclic', tol=0.0001, warm_start=False)",7.961224489795918,100000.0,0.25,,,,,"{'model': ElasticNet(alpha=1.0, copy_X=True, fit_intercept=True, l1_ratio=0.5,
           max_iter=1000, normalize=False, positive=False, precompute=False,
           random_state=None, selection='cyclic', tol=0.0001, warm_start=False), 'model__alpha': 7.961224489795918, 'model__l1_ratio': 0.25, 'model__max_iter': 100000.0}",-39.34286142679981,-16.81200078755031,-28.819783480779765,-103.29913696486712,-47.068445664999246,33.42918419591787,773
886,0.005270242691040039,0.00019909243341883633,0.0017099976539611816,0.0003132552656875424,"ElasticNet(alpha=1.0, copy_X=True, fit_intercept=True, l1_ratio=0.5,
           max_iter=1000, normalize=False, positive=False, precompute=False,
           random_state=None, selection='cyclic', tol=0.0001, warm_start=False)",7.961224489795918,100000.0,0.3,,,,,"{'model': ElasticNet(alpha=1.0, copy_X=True, fit_intercept=True, l1_ratio=0.5,
           max_iter=1000, normalize=False, positive=False, precompute=False,
           random_state=None, selection='cyclic', tol=0.0001, warm_start=False), 'model__alpha': 7.961224489795918, 'model__l1_ratio': 0.3, 'model__max_iter': 100000.0}",-40.41256154952124,-17.165082431668957,-30.405218072376456,-103.74612555711315,-47.93224690266995,33.26240320341735,840
887,0.004973948001861572,0.0004006769240594332,0.0016247034072875977,0.00011369060629834621,"ElasticNet(alpha=1.0, copy_X=True, fit_intercept=True, l1_ratio=0.5,
           max_iter=1000, normalize=False, positive=False, precompute=False,
           random_state=None, selection='cyclic', tol=0.0001, warm_start=False)",7.961224489795918,100000.0,0.35,,,,,"{'model': ElasticNet(alpha=1.0, copy_X=True, fit_intercept=True, l1_ratio=0.5,
           max_iter=1000, normalize=False, positive=False, precompute=False,
           random_state=None, selection='cyclic', tol=0.0001, warm_start=False), 'model__alpha': 7.961224489795918, 'model__l1_ratio': 0.35, 'model__max_iter': 100000.0}",-41.42206651925609,-17.426223000414723,-32.11548140749095,-103.74612243497833,-48.67747334053502,32.92467640630762,908
888,0.005015075206756592,0.0005548554442953366,0.0016045570373535156,0.000421340710213235,"ElasticNet(alpha=1.0, copy_X=True, fit_intercept=True, l1_ratio=0.5,
           max_iter=1000, normalize=False, positive=False, precompute=False,
           random_state=None, selection='cyclic', tol=0.0001, warm_start=False)",7.961224489795918,100000.0,0.39999999999999997,,,,,"{'model': ElasticNet(alpha=1.0, copy_X=True, fit_intercept=True, l1_ratio=0.5,
           max_iter=1000, normalize=False, positive=False, precompute=False,
           random_state=None, selection='cyclic', tol=0.0001, warm_start=False), 'model__alpha': 7.961224489795918, 'model__l1_ratio': 0.39999999999999997, 'model__max_iter': 100000.0}",-42.34521531283081,-17.558294816490065,-33.49262479291109,-102.99280059429279,-49.09723387913119,32.35942817865774,941
889,0.006050705909729004,0.0012591743424185161,0.0017492175102233887,0.0006529406829169502,"ElasticNet(alpha=1.0, copy_X=True, fit_intercept=True, l1_ratio=0.5,
           max_iter=1000, normalize=False, positive=False, precompute=False,
           random_state=None, selection='cyclic', tol=0.0001, warm_start=False)",7.961224489795918,100000.0,0.44999999999999996,,,,,"{'model': ElasticNet(alpha=1.0, copy_X=True, fit_intercept=True, l1_ratio=0.5,
           max_iter=1000, normalize=False, positive=False, precompute=False,
           random_state=None, selection='cyclic', tol=0.0001, warm_start=False), 'model__alpha': 7.961224489795918, 'model__l1_ratio': 0.44999999999999996, 'model__max_iter': 100000.0}",-43.384411556991715,-17.710392210342906,-34.783097894786835,-102.22684381339023,-49.52618636887792,31.798915502800167,970
890,0.005016505718231201,0.00042652248778333616,0.0016187429428100586,0.00013486153828856784,"ElasticNet(alpha=1.0, copy_X=True, fit_intercept=True, l1_ratio=0.5,
           max_iter=1000, normalize=False, positive=False, precompute=False,
           random_state=None, selection='cyclic', tol=0.0001, warm_start=False)",7.961224489795918,100000.0,0.49999999999999994,,,,,"{'model': ElasticNet(alpha=1.0, copy_X=True, fit_intercept=True, l1_ratio=0.5,
           max_iter=1000, normalize=False, positive=False, precompute=False,
           random_state=None, selection='cyclic', tol=0.0001, warm_start=False), 'model__alpha': 7.961224489795918, 'model__l1_ratio': 0.49999999999999994, 'model__max_iter': 100000.0}",-44.48235370379661,-17.92391304249196,-36.0926492286289,-102.21015708333253,-50.1772682645625,31.537711502062713,1010
891,0.005305588245391846,0.0009960635089804992,0.0016546845436096191,4.826206159481281e-05,"ElasticNet(alpha=1.0, copy_X=True, fit_intercept=True, l1_ratio=0.5,
           max_iter=1000, normalize=False, positive=False, precompute=False,
           random_state=None, selection='cyclic', tol=0.0001, warm_start=False)",7.961224489795918,100000.0,0.5499999999999999,,,,,"{'model': ElasticNet(alpha=1.0, copy_X=True, fit_intercept=True, l1_ratio=0.5,
           max_iter=1000, normalize=False, positive=False, precompute=False,
           random_state=None, selection='cyclic', tol=0.0001, warm_start=False), 'model__alpha': 7.961224489795918, 'model__l1_ratio': 0.5499999999999999, 'model__max_iter': 100000.0}",-45.40501560027659,-18.137750852111637,-36.92446601092051,-102.21015708333253,-50.66934738666032,31.35041782203839,1040
892,0.005002498626708984,0.0002527903747759957,0.0016933679580688477,0.0001334528163653503,"ElasticNet(alpha=1.0, copy_X=True, fit_intercept=True, l1_ratio=0.5,
           max_iter=1000, normalize=False, positive=False, precompute=False,
           random_state=None, selection='cyclic', tol=0.0001, warm_start=False)",7.961224489795918,100000.0,0.6,,,,,"{'model': ElasticNet(alpha=1.0, copy_X=True, fit_intercept=True, l1_ratio=0.5,
           max_iter=1000, normalize=False, positive=False, precompute=False,
           random_state=None, selection='cyclic', tol=0.0001, warm_start=False), 'model__alpha': 7.961224489795918, 'model__l1_ratio': 0.6, 'model__max_iter': 100000.0}",-45.519004245448016,-18.168082847379154,-37.79430482077624,-102.21015708333253,-50.92288724923398,31.244291024676894,1070
893,0.006262779235839844,0.002517058556473729,0.0017132163047790527,8.176356086443628e-05,"ElasticNet(alpha=1.0, copy_X=True, fit_intercept=True, l1_ratio=0.5,
           max_iter=1000, normalize=False, positive=False, precompute=False,
           random_state=None, selection='cyclic', tol=0.0001, warm_start=False)",7.961224489795918,100000.0,0.65,,,,,"{'model': ElasticNet(alpha=1.0, copy_X=True, fit_intercept=True, l1_ratio=0.5,
           max_iter=1000, normalize=False, positive=False, precompute=False,
           random_state=None, selection='cyclic', tol=0.0001, warm_start=False), 'model__alpha': 7.961224489795918, 'model__l1_ratio': 0.65, 'model__max_iter': 100000.0}",-45.519004245448016,-18.141520790589244,-37.97678979078923,-102.21015708333253,-50.961867977539754,31.232192313641036,1075
894,0.004449784755706787,0.0006576533819355087,0.0013537406921386719,0.00031753877608360024,"ElasticNet(alpha=1.0, copy_X=True, fit_intercept=True, l1_ratio=0.5,
           max_iter=1000, normalize=False, positive=False, precompute=False,
           random_state=None, selection='cyclic', tol=0.0001, warm_start=False)",7.961224489795918,100000.0,0.7,,,,,"{'model': ElasticNet(alpha=1.0, copy_X=True, fit_intercept=True, l1_ratio=0.5,
           max_iter=1000, normalize=False, positive=False, precompute=False,
           random_state=None, selection='cyclic', tol=0.0001, warm_start=False), 'model__alpha': 7.961224489795918, 'model__l1_ratio': 0.7, 'model__max_iter': 100000.0}",-45.519004245448016,-18.141520790589244,-37.97678979078923,-102.21015708333253,-50.961867977539754,31.232192313641036,1075
895,0.004160523414611816,0.000707357920343681,0.0013862848281860352,0.00036157266227512987,"ElasticNet(alpha=1.0, copy_X=True, fit_intercept=True, l1_ratio=0.5,
           max_iter=1000, normalize=False, positive=False, precompute=False,
           random_state=None, selection='cyclic', tol=0.0001, warm_start=False)",7.961224489795918,100000.0,0.75,,,,,"{'model': ElasticNet(alpha=1.0, copy_X=True, fit_intercept=True, l1_ratio=0.5,
           max_iter=1000, normalize=False, positive=False, precompute=False,
           random_state=None, selection='cyclic', tol=0.0001, warm_start=False), 'model__alpha': 7.961224489795918, 'model__l1_ratio': 0.75, 'model__max_iter': 100000.0}",-45.519004245448016,-18.141520790589244,-37.97678979078923,-102.21015708333253,-50.961867977539754,31.232192313641036,1075
896,0.005930900573730469,0.0014873227353720394,0.0014386177062988281,0.00047967563632103546,"ElasticNet(alpha=1.0, copy_X=True, fit_intercept=True, l1_ratio=0.5,
           max_iter=1000, normalize=False, positive=False, precompute=False,
           random_state=None, selection='cyclic', tol=0.0001, warm_start=False)",7.961224489795918,100000.0,0.7999999999999999,,,,,"{'model': ElasticNet(alpha=1.0, copy_X=True, fit_intercept=True, l1_ratio=0.5,
           max_iter=1000, normalize=False, positive=False, precompute=False,
           random_state=None, selection='cyclic', tol=0.0001, warm_start=False), 'model__alpha': 7.961224489795918, 'model__l1_ratio': 0.7999999999999999, 'model__max_iter': 100000.0}",-45.519004245448016,-18.141520790589244,-37.97678979078923,-102.21015708333253,-50.961867977539754,31.232192313641036,1075
897,0.005386710166931152,0.0007642864559012553,0.0015094280242919922,0.0002537986211931856,"ElasticNet(alpha=1.0, copy_X=True, fit_intercept=True, l1_ratio=0.5,
           max_iter=1000, normalize=False, positive=False, precompute=False,
           random_state=None, selection='cyclic', tol=0.0001, warm_start=False)",7.961224489795918,100000.0,0.85,,,,,"{'model': ElasticNet(alpha=1.0, copy_X=True, fit_intercept=True, l1_ratio=0.5,
           max_iter=1000, normalize=False, positive=False, precompute=False,
           random_state=None, selection='cyclic', tol=0.0001, warm_start=False), 'model__alpha': 7.961224489795918, 'model__l1_ratio': 0.85, 'model__max_iter': 100000.0}",-45.519004245448016,-18.141520790589244,-37.97678979078923,-102.21015708333253,-50.961867977539754,31.232192313641036,1075
898,0.005534827709197998,0.0020931096167189824,0.0013943314552307129,0.00041277363826629595,"ElasticNet(alpha=1.0, copy_X=True, fit_intercept=True, l1_ratio=0.5,
           max_iter=1000, normalize=False, positive=False, precompute=False,
           random_state=None, selection='cyclic', tol=0.0001, warm_start=False)",7.961224489795918,100000.0,0.9,,,,,"{'model': ElasticNet(alpha=1.0, copy_X=True, fit_intercept=True, l1_ratio=0.5,
           max_iter=1000, normalize=False, positive=False, precompute=False,
           random_state=None, selection='cyclic', tol=0.0001, warm_start=False), 'model__alpha': 7.961224489795918, 'model__l1_ratio': 0.9, 'model__max_iter': 100000.0}",-45.519004245448016,-18.141520790589244,-37.97678979078923,-102.21015708333253,-50.961867977539754,31.232192313641036,1075
899,0.005731046199798584,0.0011622002930302493,0.0014279484748840332,0.0002590066121280314,"ElasticNet(alpha=1.0, copy_X=True, fit_intercept=True, l1_ratio=0.5,
           max_iter=1000, normalize=False, positive=False, precompute=False,
           random_state=None, selection='cyclic', tol=0.0001, warm_start=False)",7.961224489795918,100000.0,0.95,,,,,"{'model': ElasticNet(alpha=1.0, copy_X=True, fit_intercept=True, l1_ratio=0.5,
           max_iter=1000, normalize=False, positive=False, precompute=False,
           random_state=None, selection='cyclic', tol=0.0001, warm_start=False), 'model__alpha': 7.961224489795918, 'model__l1_ratio': 0.95, 'model__max_iter': 100000.0}",-45.519004245448016,-18.141520790589244,-37.97678979078923,-102.21015708333253,-50.961867977539754,31.232192313641036,1075
900,0.00545656681060791,0.0008661444520512755,0.001560211181640625,0.0005658472326585684,"ElasticNet(alpha=1.0, copy_X=True, fit_intercept=True, l1_ratio=0.5,
           max_iter=1000, normalize=False, positive=False, precompute=False,
           random_state=None, selection='cyclic', tol=0.0001, warm_start=False)",7.961224489795918,100000.0,1.0,,,,,"{'model': ElasticNet(alpha=1.0, copy_X=True, fit_intercept=True, l1_ratio=0.5,
           max_iter=1000, normalize=False, positive=False, precompute=False,
           random_state=None, selection='cyclic', tol=0.0001, warm_start=False), 'model__alpha': 7.961224489795918, 'model__l1_ratio': 1.0, 'model__max_iter': 100000.0}",-45.519004245448016,-18.141520790589244,-37.97678979078923,-102.21015708333253,-50.961867977539754,31.232192313641036,1075
901,0.005933105945587158,0.0018341665982729734,0.0014394521713256836,0.0002943222316537819,"ElasticNet(alpha=1.0, copy_X=True, fit_intercept=True, l1_ratio=0.5,
           max_iter=1000, normalize=False, positive=False, precompute=False,
           random_state=None, selection='cyclic', tol=0.0001, warm_start=False)",8.165102040816327,100000.0,0.05,,,,,"{'model': ElasticNet(alpha=1.0, copy_X=True, fit_intercept=True, l1_ratio=0.5,
           max_iter=1000, normalize=False, positive=False, precompute=False,
           random_state=None, selection='cyclic', tol=0.0001, warm_start=False), 'model__alpha': 8.165102040816327, 'model__l1_ratio': 0.05, 'model__max_iter': 100000.0}",-30.418912842848258,-11.721965180374092,-21.417989072088908,-66.52579927332562,-32.52116659215922,20.716067707324072,531
902,0.0047498345375061035,0.0002904340707034114,0.0018147826194763184,0.0004119190494731328,"ElasticNet(alpha=1.0, copy_X=True, fit_intercept=True, l1_ratio=0.5,
           max_iter=1000, normalize=False, positive=False, precompute=False,
           random_state=None, selection='cyclic', tol=0.0001, warm_start=False)",8.165102040816327,100000.0,0.1,,,,,"{'model': ElasticNet(alpha=1.0, copy_X=True, fit_intercept=True, l1_ratio=0.5,
           max_iter=1000, normalize=False, positive=False, precompute=False,
           random_state=None, selection='cyclic', tol=0.0001, warm_start=False), 'model__alpha': 8.165102040816327, 'model__l1_ratio': 0.1, 'model__max_iter': 100000.0}",-32.973570354058374,-13.060984842296588,-23.00632488304478,-75.43134801777566,-36.11805702429385,23.764304863109096,603
903,0.004807174205780029,0.00016989882385240075,0.0015861988067626953,0.00010631824695628003,"ElasticNet(alpha=1.0, copy_X=True, fit_intercept=True, l1_ratio=0.5,
           max_iter=1000, normalize=False, positive=False, precompute=False,
           random_state=None, selection='cyclic', tol=0.0001, warm_start=False)",8.165102040816327,100000.0,0.15,,,,,"{'model': ElasticNet(alpha=1.0, copy_X=True, fit_intercept=True, l1_ratio=0.5,
           max_iter=1000, normalize=False, positive=False, precompute=False,
           random_state=None, selection='cyclic', tol=0.0001, warm_start=False), 'model__alpha': 8.165102040816327, 'model__l1_ratio': 0.15, 'model__max_iter': 100000.0}",-35.63474451912507,-14.522578221650583,-24.800603746142873,-85.34588009120304,-40.07595164453039,27.181804065419964,663
904,0.004736900329589844,0.0008178416363204981,0.001385033130645752,0.00037238625174506956,"ElasticNet(alpha=1.0, copy_X=True, fit_intercept=True, l1_ratio=0.5,
           max_iter=1000, normalize=False, positive=False, precompute=False,
           random_state=None, selection='cyclic', tol=0.0001, warm_start=False)",8.165102040816327,100000.0,0.2,,,,,"{'model': ElasticNet(alpha=1.0, copy_X=True, fit_intercept=True, l1_ratio=0.5,
           max_iter=1000, normalize=False, positive=False, precompute=False,
           random_state=None, selection='cyclic', tol=0.0001, warm_start=False), 'model__alpha': 8.165102040816327, 'model__l1_ratio': 0.2, 'model__max_iter': 100000.0}",-38.387895950479724,-16.10167320862337,-26.98188507002974,-95.28675177282379,-44.18955150048916,30.535290131717495,711
905,0.005040645599365234,0.0007296282255628421,0.001538991928100586,0.00018316428784538068,"ElasticNet(alpha=1.0, copy_X=True, fit_intercept=True, l1_ratio=0.5,
           max_iter=1000, normalize=False, positive=False, precompute=False,
           random_state=None, selection='cyclic', tol=0.0001, warm_start=False)",8.165102040816327,100000.0,0.25,,,,,"{'model': ElasticNet(alpha=1.0, copy_X=True, fit_intercept=True, l1_ratio=0.5,
           max_iter=1000, normalize=False, positive=False, precompute=False,
           random_state=None, selection='cyclic', tol=0.0001, warm_start=False), 'model__alpha': 8.165102040816327, 'model__l1_ratio': 0.25, 'model__max_iter': 100000.0}",-39.57916277018877,-16.875960847763263,-29.16535251369835,-103.7888566819568,-47.3523332034018,33.5599422656552,785
906,0.0052490234375,0.0005760819475247821,0.0016208887100219727,0.0001858174585779846,"ElasticNet(alpha=1.0, copy_X=True, fit_intercept=True, l1_ratio=0.5,
           max_iter=1000, normalize=False, positive=False, precompute=False,
           random_state=None, selection='cyclic', tol=0.0001, warm_start=False)",8.165102040816327,100000.0,0.3,,,,,"{'model': ElasticNet(alpha=1.0, copy_X=True, fit_intercept=True, l1_ratio=0.5,
           max_iter=1000, normalize=False, positive=False, precompute=False,
           random_state=None, selection='cyclic', tol=0.0001, warm_start=False), 'model__alpha': 8.165102040816327, 'model__l1_ratio': 0.3, 'model__max_iter': 100000.0}",-40.676656260428175,-17.243434140254923,-30.759691837247537,-103.65518002123108,-48.083740564790425,33.14474673996735,857
907,0.004930019378662109,0.0006145106253131736,0.0015826821327209473,7.840843196571588e-05,"ElasticNet(alpha=1.0, copy_X=True, fit_intercept=True, l1_ratio=0.5,
           max_iter=1000, normalize=False, positive=False, precompute=False,
           random_state=None, selection='cyclic', tol=0.0001, warm_start=False)",8.165102040816327,100000.0,0.35,,,,,"{'model': ElasticNet(alpha=1.0, copy_X=True, fit_intercept=True, l1_ratio=0.5,
           max_iter=1000, normalize=False, positive=False, precompute=False,
           random_state=None, selection='cyclic', tol=0.0001, warm_start=False), 'model__alpha': 8.165102040816327, 'model__l1_ratio': 0.35, 'model__max_iter': 100000.0}",-41.656543308635285,-17.4605328519849,-32.516918629278706,-103.74888618978643,-48.84572024492133,32.85461020040936,925
908,0.0058408379554748535,0.0013472798730430145,0.0015576481819152832,0.0002910769805243996,"ElasticNet(alpha=1.0, copy_X=True, fit_intercept=True, l1_ratio=0.5,
           max_iter=1000, normalize=False, positive=False, precompute=False,
           random_state=None, selection='cyclic', tol=0.0001, warm_start=False)",8.165102040816327,100000.0,0.39999999999999997,,,,,"{'model': ElasticNet(alpha=1.0, copy_X=True, fit_intercept=True, l1_ratio=0.5,
           max_iter=1000, normalize=False, positive=False, precompute=False,
           random_state=None, selection='cyclic', tol=0.0001, warm_start=False), 'model__alpha': 8.165102040816327, 'model__l1_ratio': 0.39999999999999997, 'model__max_iter': 100000.0}",-42.60879854278135,-17.59690674624657,-33.833976890198066,-102.78495552696951,-49.20615942654888,32.208932818160875,950
909,0.004616498947143555,7.457910746584309e-05,0.0015659928321838379,0.0004329067377512455,"ElasticNet(alpha=1.0, copy_X=True, fit_intercept=True, l1_ratio=0.5,
           max_iter=1000, normalize=False, positive=False, precompute=False,
           random_state=None, selection='cyclic', tol=0.0001, warm_start=False)",8.165102040816327,100000.0,0.44999999999999996,,,,,"{'model': ElasticNet(alpha=1.0, copy_X=True, fit_intercept=True, l1_ratio=0.5,
           max_iter=1000, normalize=False, positive=False, precompute=False,
           random_state=None, selection='cyclic', tol=0.0001, warm_start=False), 'model__alpha': 8.165102040816327, 'model__l1_ratio': 0.44999999999999996, 'model__max_iter': 100000.0}",-43.682334801506386,-17.7625029961147,-35.14049937465089,-102.21015708333253,-49.69887356390113,31.72346000838618,984
910,0.0043759942054748535,0.0007443798483127709,0.0014240741729736328,0.00032852804168868844,"ElasticNet(alpha=1.0, copy_X=True, fit_intercept=True, l1_ratio=0.5,
           max_iter=1000, normalize=False, positive=False, precompute=False,
           random_state=None, selection='cyclic', tol=0.0001, warm_start=False)",8.165102040816327,100000.0,0.49999999999999994,,,,,"{'model': ElasticNet(alpha=1.0, copy_X=True, fit_intercept=True, l1_ratio=0.5,
           max_iter=1000, normalize=False, positive=False, precompute=False,
           random_state=None, selection='cyclic', tol=0.0001, warm_start=False), 'model__alpha': 8.165102040816327, 'model__l1_ratio': 0.49999999999999994, 'model__max_iter': 100000.0}",-44.772254932882596,-17.982216217957266,-36.34553589488808,-102.21015708333253,-50.32754103226512,31.48167545157495,1017
911,0.004169762134552002,0.00046217656408715276,0.0014241933822631836,0.00029891778678701217,"ElasticNet(alpha=1.0, copy_X=True, fit_intercept=True, l1_ratio=0.5,
           max_iter=1000, normalize=False, positive=False, precompute=False,
           random_state=None, selection='cyclic', tol=0.0001, warm_start=False)",8.165102040816327,100000.0,0.5499999999999999,,,,,"{'model': ElasticNet(alpha=1.0, copy_X=True, fit_intercept=True, l1_ratio=0.5,
           max_iter=1000, normalize=False, positive=False, precompute=False,
           random_state=None, selection='cyclic', tol=0.0001, warm_start=False), 'model__alpha': 8.165102040816327, 'model__l1_ratio': 0.5499999999999999, 'model__max_iter': 100000.0}",-45.519004245448016,-18.1889728158358,-37.2157395897463,-102.21015708333253,-50.783468433590656,31.300572276005006,1051
912,0.0047106146812438965,0.00042157627874824156,0.0015375018119812012,0.00032542823299543556,"ElasticNet(alpha=1.0, copy_X=True, fit_intercept=True, l1_ratio=0.5,
           max_iter=1000, normalize=False, positive=False, precompute=False,
           random_state=None, selection='cyclic', tol=0.0001, warm_start=False)",8.165102040816327,100000.0,0.6,,,,,"{'model': ElasticNet(alpha=1.0, copy_X=True, fit_intercept=True, l1_ratio=0.5,
           max_iter=1000, normalize=False, positive=False, precompute=False,
           random_state=None, selection='cyclic', tol=0.0001, warm_start=False), 'model__alpha': 8.165102040816327, 'model__l1_ratio': 0.6, 'model__max_iter': 100000.0}",-45.519004245448016,-18.146515284560035,-37.97678979078923,-102.21015708333253,-50.96311660103245,31.230880245045412,1274
913,0.005141258239746094,0.00050247537135583,0.0019062161445617676,0.0004203441723783312,"ElasticNet(alpha=1.0, copy_X=True, fit_intercept=True, l1_ratio=0.5,
           max_iter=1000, normalize=False, positive=False, precompute=False,
           random_state=None, selection='cyclic', tol=0.0001, warm_start=False)",8.165102040816327,100000.0,0.65,,,,,"{'model': ElasticNet(alpha=1.0, copy_X=True, fit_intercept=True, l1_ratio=0.5,
           max_iter=1000, normalize=False, positive=False, precompute=False,
           random_state=None, selection='cyclic', tol=0.0001, warm_start=False), 'model__alpha': 8.165102040816327, 'model__l1_ratio': 0.65, 'model__max_iter': 100000.0}",-45.519004245448016,-18.141520790589244,-37.97678979078923,-102.21015708333253,-50.961867977539754,31.232192313641036,1075
914,0.004988670349121094,0.0008723440143123477,0.001537024974822998,5.01819784095216e-05,"ElasticNet(alpha=1.0, copy_X=True, fit_intercept=True, l1_ratio=0.5,
           max_iter=1000, normalize=False, positive=False, precompute=False,
           random_state=None, selection='cyclic', tol=0.0001, warm_start=False)",8.165102040816327,100000.0,0.7,,,,,"{'model': ElasticNet(alpha=1.0, copy_X=True, fit_intercept=True, l1_ratio=0.5,
           max_iter=1000, normalize=False, positive=False, precompute=False,
           random_state=None, selection='cyclic', tol=0.0001, warm_start=False), 'model__alpha': 8.165102040816327, 'model__l1_ratio': 0.7, 'model__max_iter': 100000.0}",-45.519004245448016,-18.141520790589244,-37.97678979078923,-102.21015708333253,-50.961867977539754,31.232192313641036,1075
915,0.0049307942390441895,0.0003068068424186212,0.0016844868659973145,9.271760663055726e-05,"ElasticNet(alpha=1.0, copy_X=True, fit_intercept=True, l1_ratio=0.5,
           max_iter=1000, normalize=False, positive=False, precompute=False,
           random_state=None, selection='cyclic', tol=0.0001, warm_start=False)",8.165102040816327,100000.0,0.75,,,,,"{'model': ElasticNet(alpha=1.0, copy_X=True, fit_intercept=True, l1_ratio=0.5,
           max_iter=1000, normalize=False, positive=False, precompute=False,
           random_state=None, selection='cyclic', tol=0.0001, warm_start=False), 'model__alpha': 8.165102040816327, 'model__l1_ratio': 0.75, 'model__max_iter': 100000.0}",-45.519004245448016,-18.141520790589244,-37.97678979078923,-102.21015708333253,-50.961867977539754,31.232192313641036,1075
916,0.0057792067527771,0.0031629284600976863,0.0013064742088317871,0.0004298491393845551,"ElasticNet(alpha=1.0, copy_X=True, fit_intercept=True, l1_ratio=0.5,
           max_iter=1000, normalize=False, positive=False, precompute=False,
           random_state=None, selection='cyclic', tol=0.0001, warm_start=False)",8.165102040816327,100000.0,0.7999999999999999,,,,,"{'model': ElasticNet(alpha=1.0, copy_X=True, fit_intercept=True, l1_ratio=0.5,
           max_iter=1000, normalize=False, positive=False, precompute=False,
           random_state=None, selection='cyclic', tol=0.0001, warm_start=False), 'model__alpha': 8.165102040816327, 'model__l1_ratio': 0.7999999999999999, 'model__max_iter': 100000.0}",-45.519004245448016,-18.141520790589244,-37.97678979078923,-102.21015708333253,-50.961867977539754,31.232192313641036,1075
917,0.005984246730804443,0.0024519823599760864,0.0014879703521728516,0.0003524846747471332,"ElasticNet(alpha=1.0, copy_X=True, fit_intercept=True, l1_ratio=0.5,
           max_iter=1000, normalize=False, positive=False, precompute=False,
           random_state=None, selection='cyclic', tol=0.0001, warm_start=False)",8.165102040816327,100000.0,0.85,,,,,"{'model': ElasticNet(alpha=1.0, copy_X=True, fit_intercept=True, l1_ratio=0.5,
           max_iter=1000, normalize=False, positive=False, precompute=False,
           random_state=None, selection='cyclic', tol=0.0001, warm_start=False), 'model__alpha': 8.165102040816327, 'model__l1_ratio': 0.85, 'model__max_iter': 100000.0}",-45.519004245448016,-18.141520790589244,-37.97678979078923,-102.21015708333253,-50.961867977539754,31.232192313641036,1075
918,0.005305290222167969,0.0009916497962583041,0.0012622475624084473,0.00025365593283437017,"ElasticNet(alpha=1.0, copy_X=True, fit_intercept=True, l1_ratio=0.5,
           max_iter=1000, normalize=False, positive=False, precompute=False,
           random_state=None, selection='cyclic', tol=0.0001, warm_start=False)",8.165102040816327,100000.0,0.9,,,,,"{'model': ElasticNet(alpha=1.0, copy_X=True, fit_intercept=True, l1_ratio=0.5,
           max_iter=1000, normalize=False, positive=False, precompute=False,
           random_state=None, selection='cyclic', tol=0.0001, warm_start=False), 'model__alpha': 8.165102040816327, 'model__l1_ratio': 0.9, 'model__max_iter': 100000.0}",-45.519004245448016,-18.141520790589244,-37.97678979078923,-102.21015708333253,-50.961867977539754,31.232192313641036,1075
919,0.0053844451904296875,0.0007294894008927555,0.0013959407806396484,0.00027158340822860304,"ElasticNet(alpha=1.0, copy_X=True, fit_intercept=True, l1_ratio=0.5,
           max_iter=1000, normalize=False, positive=False, precompute=False,
           random_state=None, selection='cyclic', tol=0.0001, warm_start=False)",8.165102040816327,100000.0,0.95,,,,,"{'model': ElasticNet(alpha=1.0, copy_X=True, fit_intercept=True, l1_ratio=0.5,
           max_iter=1000, normalize=False, positive=False, precompute=False,
           random_state=None, selection='cyclic', tol=0.0001, warm_start=False), 'model__alpha': 8.165102040816327, 'model__l1_ratio': 0.95, 'model__max_iter': 100000.0}",-45.519004245448016,-18.141520790589244,-37.97678979078923,-102.21015708333253,-50.961867977539754,31.232192313641036,1075
920,0.0047171711921691895,0.0003417106525502018,0.0014837980270385742,0.0003723816389332521,"ElasticNet(alpha=1.0, copy_X=True, fit_intercept=True, l1_ratio=0.5,
           max_iter=1000, normalize=False, positive=False, precompute=False,
           random_state=None, selection='cyclic', tol=0.0001, warm_start=False)",8.165102040816327,100000.0,1.0,,,,,"{'model': ElasticNet(alpha=1.0, copy_X=True, fit_intercept=True, l1_ratio=0.5,
           max_iter=1000, normalize=False, positive=False, precompute=False,
           random_state=None, selection='cyclic', tol=0.0001, warm_start=False), 'model__alpha': 8.165102040816327, 'model__l1_ratio': 1.0, 'model__max_iter': 100000.0}",-45.519004245448016,-18.141520790589244,-37.97678979078923,-102.21015708333253,-50.961867977539754,31.232192313641036,1075
921,0.004891395568847656,0.0001285453176657033,0.0016068816184997559,5.235157759614761e-05,"ElasticNet(alpha=1.0, copy_X=True, fit_intercept=True, l1_ratio=0.5,
           max_iter=1000, normalize=False, positive=False, precompute=False,
           random_state=None, selection='cyclic', tol=0.0001, warm_start=False)",8.368979591836734,100000.0,0.05,,,,,"{'model': ElasticNet(alpha=1.0, copy_X=True, fit_intercept=True, l1_ratio=0.5,
           max_iter=1000, normalize=False, positive=False, precompute=False,
           random_state=None, selection='cyclic', tol=0.0001, warm_start=False), 'model__alpha': 8.368979591836734, 'model__l1_ratio': 0.05, 'model__max_iter': 100000.0}",-30.693926008755717,-11.854890460871836,-21.674147774654564,-67.32958285247484,-32.888136774189235,20.97128255856663,538
922,0.00471872091293335,0.000149487439046456,0.0016105175018310547,7.026758177913558e-05,"ElasticNet(alpha=1.0, copy_X=True, fit_intercept=True, l1_ratio=0.5,
           max_iter=1000, normalize=False, positive=False, precompute=False,
           random_state=None, selection='cyclic', tol=0.0001, warm_start=False)",8.368979591836734,100000.0,0.1,,,,,"{'model': ElasticNet(alpha=1.0, copy_X=True, fit_intercept=True, l1_ratio=0.5,
           max_iter=1000, normalize=False, positive=False, precompute=False,
           random_state=None, selection='cyclic', tol=0.0001, warm_start=False), 'model__alpha': 8.368979591836734, 'model__l1_ratio': 0.1, 'model__max_iter': 100000.0}",-33.29000663805062,-13.218840831353917,-23.298371623521795,-76.37034794891309,-36.54439176045986,24.063645736172433,609
923,0.006223440170288086,0.0020712488126028872,0.0016439557075500488,6.0398625041901835e-05,"ElasticNet(alpha=1.0, copy_X=True, fit_intercept=True, l1_ratio=0.5,
           max_iter=1000, normalize=False, positive=False, precompute=False,
           random_state=None, selection='cyclic', tol=0.0001, warm_start=False)",8.368979591836734,100000.0,0.15,,,,,"{'model': ElasticNet(alpha=1.0, copy_X=True, fit_intercept=True, l1_ratio=0.5,
           max_iter=1000, normalize=False, positive=False, precompute=False,
           random_state=None, selection='cyclic', tol=0.0001, warm_start=False), 'model__alpha': 8.368979591836734, 'model__l1_ratio': 0.15, 'model__max_iter': 100000.0}",-35.990967964982666,-14.707360494446482,-25.13485732003985,-86.36153333310509,-40.54867977814352,27.499772694115556,667
924,0.004788994789123535,0.0009578719518530417,0.0013967156410217285,0.0003136124935801744,"ElasticNet(alpha=1.0, copy_X=True, fit_intercept=True, l1_ratio=0.5,
           max_iter=1000, normalize=False, positive=False, precompute=False,
           random_state=None, selection='cyclic', tol=0.0001, warm_start=False)",8.368979591836734,100000.0,0.2,,,,,"{'model': ElasticNet(alpha=1.0, copy_X=True, fit_intercept=True, l1_ratio=0.5,
           max_iter=1000, normalize=False, positive=False, precompute=False,
           random_state=None, selection='cyclic', tol=0.0001, warm_start=False), 'model__alpha': 8.368979591836734, 'model__l1_ratio': 0.2, 'model__max_iter': 100000.0}",-38.65725505348063,-16.30754482855766,-27.374734226791823,-96.50487441613699,-44.71110213124177,30.929579820560928,720
925,0.004851102828979492,0.0003930286707186829,0.001431584358215332,0.0002857848482522767,"ElasticNet(alpha=1.0, copy_X=True, fit_intercept=True, l1_ratio=0.5,
           max_iter=1000, normalize=False, positive=False, precompute=False,
           random_state=None, selection='cyclic', tol=0.0001, warm_start=False)",8.368979591836734,100000.0,0.25,,,,,"{'model': ElasticNet(alpha=1.0, copy_X=True, fit_intercept=True, l1_ratio=0.5,
           max_iter=1000, normalize=False, positive=False, precompute=False,
           random_state=None, selection='cyclic', tol=0.0001, warm_start=False), 'model__alpha': 8.368979591836734, 'model__l1_ratio': 0.25, 'model__max_iter': 100000.0}",-39.809904275749886,-16.93814175673322,-29.504745121745582,-103.84253315222526,-47.52383107661349,33.50922529689308,796
926,0.004915833473205566,0.0005448994034261835,0.0016894936561584473,0.00023386920517551977,"ElasticNet(alpha=1.0, copy_X=True, fit_intercept=True, l1_ratio=0.5,
           max_iter=1000, normalize=False, positive=False, precompute=False,
           random_state=None, selection='cyclic', tol=0.0001, warm_start=False)",8.368979591836734,100000.0,0.3,,,,,"{'model': ElasticNet(alpha=1.0, copy_X=True, fit_intercept=True, l1_ratio=0.5,
           max_iter=1000, normalize=False, positive=False, precompute=False,
           random_state=None, selection='cyclic', tol=0.0001, warm_start=False), 'model__alpha': 8.368979591836734, 'model__l1_ratio': 0.3, 'model__max_iter': 100000.0}",-40.93483889917738,-17.31966358072493,-31.10928017273836,-103.56820466646448,-48.23299682977629,33.030683387673285,868
927,0.005004763603210449,0.00032833201126486304,0.0016192793846130371,0.0001138563393763651,"ElasticNet(alpha=1.0, copy_X=True, fit_intercept=True, l1_ratio=0.5,
           max_iter=1000, normalize=False, positive=False, precompute=False,
           random_state=None, selection='cyclic', tol=0.0001, warm_start=False)",8.368979591836734,100000.0,0.35,,,,,"{'model': ElasticNet(alpha=1.0, copy_X=True, fit_intercept=True, l1_ratio=0.5,
           max_iter=1000, normalize=False, positive=False, precompute=False,
           random_state=None, selection='cyclic', tol=0.0001, warm_start=False), 'model__alpha': 8.368979591836734, 'model__l1_ratio': 0.35, 'model__max_iter': 100000.0}",-41.88647103942703,-17.494310298797828,-32.89993488922358,-103.59702105414735,-48.969434320398946,32.72328622455467,933
928,0.004853308200836182,0.00034546035057808844,0.0015309453010559082,0.0002052390977384612,"ElasticNet(alpha=1.0, copy_X=True, fit_intercept=True, l1_ratio=0.5,
           max_iter=1000, normalize=False, positive=False, precompute=False,
           random_state=None, selection='cyclic', tol=0.0001, warm_start=False)",8.368979591836734,100000.0,0.39999999999999997,,,,,"{'model': ElasticNet(alpha=1.0, copy_X=True, fit_intercept=True, l1_ratio=0.5,
           max_iter=1000, normalize=False, positive=False, precompute=False,
           random_state=None, selection='cyclic', tol=0.0001, warm_start=False), 'model__alpha': 8.368979591836734, 'model__l1_ratio': 0.39999999999999997, 'model__max_iter': 100000.0}",-42.86764468747372,-17.634972290193193,-34.17188696401077,-102.58669510793607,-49.31529976240344,32.06392021398157,960
929,0.0050424933433532715,0.0007353936215715153,0.0016019940376281738,9.162819860972668e-05,"ElasticNet(alpha=1.0, copy_X=True, fit_intercept=True, l1_ratio=0.5,
           max_iter=1000, normalize=False, positive=False, precompute=False,
           random_state=None, selection='cyclic', tol=0.0001, warm_start=False)",8.368979591836734,100000.0,0.44999999999999996,,,,,"{'model': ElasticNet(alpha=1.0, copy_X=True, fit_intercept=True, l1_ratio=0.5,
           max_iter=1000, normalize=False, positive=False, precompute=False,
           random_state=None, selection='cyclic', tol=0.0001, warm_start=False), 'model__alpha': 8.368979591836734, 'model__l1_ratio': 0.44999999999999996, 'model__max_iter': 100000.0}",-43.975368862128065,-17.81361072971335,-35.5013664858818,-102.21015708333253,-49.87512579026394,31.655601150411677,991
930,0.004862010478973389,0.00020233503194273713,0.0018299221992492676,0.0003340169999302484,"ElasticNet(alpha=1.0, copy_X=True, fit_intercept=True, l1_ratio=0.5,
           max_iter=1000, normalize=False, positive=False, precompute=False,
           random_state=None, selection='cyclic', tol=0.0001, warm_start=False)",8.368979591836734,100000.0,0.49999999999999994,,,,,"{'model': ElasticNet(alpha=1.0, copy_X=True, fit_intercept=True, l1_ratio=0.5,
           max_iter=1000, normalize=False, positive=False, precompute=False,
           random_state=None, selection='cyclic', tol=0.0001, warm_start=False), 'model__alpha': 8.368979591836734, 'model__l1_ratio': 0.49999999999999994, 'model__max_iter': 100000.0}",-45.04446852851408,-18.039485565737703,-36.593391598426344,-102.21015708333253,-50.47187569400266,31.427610312767246,1030
931,0.0048822760581970215,0.00019775217781985166,0.001612842082977295,7.325803670135498e-05,"ElasticNet(alpha=1.0, copy_X=True, fit_intercept=True, l1_ratio=0.5,
           max_iter=1000, normalize=False, positive=False, precompute=False,
           random_state=None, selection='cyclic', tol=0.0001, warm_start=False)",8.368979591836734,100000.0,0.5499999999999999,,,,,"{'model': ElasticNet(alpha=1.0, copy_X=True, fit_intercept=True, l1_ratio=0.5,
           max_iter=1000, normalize=False, positive=False, precompute=False,
           random_state=None, selection='cyclic', tol=0.0001, warm_start=False), 'model__alpha': 8.368979591836734, 'model__l1_ratio': 0.5499999999999999, 'model__max_iter': 100000.0}",-45.519004245448016,-18.193190436406404,-37.501760352766055,-102.21015708333253,-50.85602802948826,31.268705675818644,1059
932,0.004765510559082031,0.00024590879901051805,0.0016255378723144531,0.00042520036900161847,"ElasticNet(alpha=1.0, copy_X=True, fit_intercept=True, l1_ratio=0.5,
           max_iter=1000, normalize=False, positive=False, precompute=False,
           random_state=None, selection='cyclic', tol=0.0001, warm_start=False)",8.368979591836734,100000.0,0.6,,,,,"{'model': ElasticNet(alpha=1.0, copy_X=True, fit_intercept=True, l1_ratio=0.5,
           max_iter=1000, normalize=False, positive=False, precompute=False,
           random_state=None, selection='cyclic', tol=0.0001, warm_start=False), 'model__alpha': 8.368979591836734, 'model__l1_ratio': 0.6, 'model__max_iter': 100000.0}",-45.519004245448016,-18.141520790589244,-37.97678979078923,-102.21015708333253,-50.961867977539754,31.232192313641036,1075
933,0.005101144313812256,0.000670041141161889,0.001495957374572754,0.00021488078746419487,"ElasticNet(alpha=1.0, copy_X=True, fit_intercept=True, l1_ratio=0.5,
           max_iter=1000, normalize=False, positive=False, precompute=False,
           random_state=None, selection='cyclic', tol=0.0001, warm_start=False)",8.368979591836734,100000.0,0.65,,,,,"{'model': ElasticNet(alpha=1.0, copy_X=True, fit_intercept=True, l1_ratio=0.5,
           max_iter=1000, normalize=False, positive=False, precompute=False,
           random_state=None, selection='cyclic', tol=0.0001, warm_start=False), 'model__alpha': 8.368979591836734, 'model__l1_ratio': 0.65, 'model__max_iter': 100000.0}",-45.519004245448016,-18.141520790589244,-37.97678979078923,-102.21015708333253,-50.961867977539754,31.232192313641036,1075
934,0.004853248596191406,0.0005388480103896065,0.0016095638275146484,0.00010231310462791494,"ElasticNet(alpha=1.0, copy_X=True, fit_intercept=True, l1_ratio=0.5,
           max_iter=1000, normalize=False, positive=False, precompute=False,
           random_state=None, selection='cyclic', tol=0.0001, warm_start=False)",8.368979591836734,100000.0,0.7,,,,,"{'model': ElasticNet(alpha=1.0, copy_X=True, fit_intercept=True, l1_ratio=0.5,
           max_iter=1000, normalize=False, positive=False, precompute=False,
           random_state=None, selection='cyclic', tol=0.0001, warm_start=False), 'model__alpha': 8.368979591836734, 'model__l1_ratio': 0.7, 'model__max_iter': 100000.0}",-45.519004245448016,-18.141520790589244,-37.97678979078923,-102.21015708333253,-50.961867977539754,31.232192313641036,1075
935,0.005100548267364502,0.00018592486886217526,0.001591503620147705,4.831915149307782e-05,"ElasticNet(alpha=1.0, copy_X=True, fit_intercept=True, l1_ratio=0.5,
           max_iter=1000, normalize=False, positive=False, precompute=False,
           random_state=None, selection='cyclic', tol=0.0001, warm_start=False)",8.368979591836734,100000.0,0.75,,,,,"{'model': ElasticNet(alpha=1.0, copy_X=True, fit_intercept=True, l1_ratio=0.5,
           max_iter=1000, normalize=False, positive=False, precompute=False,
           random_state=None, selection='cyclic', tol=0.0001, warm_start=False), 'model__alpha': 8.368979591836734, 'model__l1_ratio': 0.75, 'model__max_iter': 100000.0}",-45.519004245448016,-18.141520790589244,-37.97678979078923,-102.21015708333253,-50.961867977539754,31.232192313641036,1075
936,0.004053354263305664,0.0007528623018974969,0.0013827085494995117,0.0003411196056298827,"ElasticNet(alpha=1.0, copy_X=True, fit_intercept=True, l1_ratio=0.5,
           max_iter=1000, normalize=False, positive=False, precompute=False,
           random_state=None, selection='cyclic', tol=0.0001, warm_start=False)",8.368979591836734,100000.0,0.7999999999999999,,,,,"{'model': ElasticNet(alpha=1.0, copy_X=True, fit_intercept=True, l1_ratio=0.5,
           max_iter=1000, normalize=False, positive=False, precompute=False,
           random_state=None, selection='cyclic', tol=0.0001, warm_start=False), 'model__alpha': 8.368979591836734, 'model__l1_ratio': 0.7999999999999999, 'model__max_iter': 100000.0}",-45.519004245448016,-18.141520790589244,-37.97678979078923,-102.21015708333253,-50.961867977539754,31.232192313641036,1075
937,0.0047193169593811035,0.00017197950136586988,0.0015752315521240234,8.794656752404755e-05,"ElasticNet(alpha=1.0, copy_X=True, fit_intercept=True, l1_ratio=0.5,
           max_iter=1000, normalize=False, positive=False, precompute=False,
           random_state=None, selection='cyclic', tol=0.0001, warm_start=False)",8.368979591836734,100000.0,0.85,,,,,"{'model': ElasticNet(alpha=1.0, copy_X=True, fit_intercept=True, l1_ratio=0.5,
           max_iter=1000, normalize=False, positive=False, precompute=False,
           random_state=None, selection='cyclic', tol=0.0001, warm_start=False), 'model__alpha': 8.368979591836734, 'model__l1_ratio': 0.85, 'model__max_iter': 100000.0}",-45.519004245448016,-18.141520790589244,-37.97678979078923,-102.21015708333253,-50.961867977539754,31.232192313641036,1075
938,0.004568815231323242,5.600908637597485e-05,0.001654207706451416,0.00010129582725075561,"ElasticNet(alpha=1.0, copy_X=True, fit_intercept=True, l1_ratio=0.5,
           max_iter=1000, normalize=False, positive=False, precompute=False,
           random_state=None, selection='cyclic', tol=0.0001, warm_start=False)",8.368979591836734,100000.0,0.9,,,,,"{'model': ElasticNet(alpha=1.0, copy_X=True, fit_intercept=True, l1_ratio=0.5,
           max_iter=1000, normalize=False, positive=False, precompute=False,
           random_state=None, selection='cyclic', tol=0.0001, warm_start=False), 'model__alpha': 8.368979591836734, 'model__l1_ratio': 0.9, 'model__max_iter': 100000.0}",-45.519004245448016,-18.141520790589244,-37.97678979078923,-102.21015708333253,-50.961867977539754,31.232192313641036,1075
939,0.004856407642364502,0.0003474966688348774,0.0016330480575561523,0.00013207716830037033,"ElasticNet(alpha=1.0, copy_X=True, fit_intercept=True, l1_ratio=0.5,
           max_iter=1000, normalize=False, positive=False, precompute=False,
           random_state=None, selection='cyclic', tol=0.0001, warm_start=False)",8.368979591836734,100000.0,0.95,,,,,"{'model': ElasticNet(alpha=1.0, copy_X=True, fit_intercept=True, l1_ratio=0.5,
           max_iter=1000, normalize=False, positive=False, precompute=False,
           random_state=None, selection='cyclic', tol=0.0001, warm_start=False), 'model__alpha': 8.368979591836734, 'model__l1_ratio': 0.95, 'model__max_iter': 100000.0}",-45.519004245448016,-18.141520790589244,-37.97678979078923,-102.21015708333253,-50.961867977539754,31.232192313641036,1075
940,0.004821956157684326,0.00011268706972982597,0.0016083717346191406,0.00010109046157321983,"ElasticNet(alpha=1.0, copy_X=True, fit_intercept=True, l1_ratio=0.5,
           max_iter=1000, normalize=False, positive=False, precompute=False,
           random_state=None, selection='cyclic', tol=0.0001, warm_start=False)",8.368979591836734,100000.0,1.0,,,,,"{'model': ElasticNet(alpha=1.0, copy_X=True, fit_intercept=True, l1_ratio=0.5,
           max_iter=1000, normalize=False, positive=False, precompute=False,
           random_state=None, selection='cyclic', tol=0.0001, warm_start=False), 'model__alpha': 8.368979591836734, 'model__l1_ratio': 1.0, 'model__max_iter': 100000.0}",-45.519004245448016,-18.141520790589244,-37.97678979078923,-102.21015708333253,-50.961867977539754,31.232192313641036,1075
941,0.00409543514251709,0.0008336655414268007,0.0013381242752075195,0.0002875743437808985,"ElasticNet(alpha=1.0, copy_X=True, fit_intercept=True, l1_ratio=0.5,
           max_iter=1000, normalize=False, positive=False, precompute=False,
           random_state=None, selection='cyclic', tol=0.0001, warm_start=False)",8.572857142857142,100000.0,0.05,,,,,"{'model': ElasticNet(alpha=1.0, copy_X=True, fit_intercept=True, l1_ratio=0.5,
           max_iter=1000, normalize=False, positive=False, precompute=False,
           random_state=None, selection='cyclic', tol=0.0001, warm_start=False), 'model__alpha': 8.572857142857142, 'model__l1_ratio': 0.05, 'model__max_iter': 100000.0}",-30.961918432731217,-11.984368326200487,-21.92447798714486,-68.11162230708125,-33.245596763289456,21.21946328807268,546
942,0.00482630729675293,0.00029990427519010446,0.0016055107116699219,0.00011735147984699497,"ElasticNet(alpha=1.0, copy_X=True, fit_intercept=True, l1_ratio=0.5,
           max_iter=1000, normalize=False, positive=False, precompute=False,
           random_state=None, selection='cyclic', tol=0.0001, warm_start=False)",8.572857142857142,100000.0,0.1,,,,,"{'model': ElasticNet(alpha=1.0, copy_X=True, fit_intercept=True, l1_ratio=0.5,
           max_iter=1000, normalize=False, positive=False, precompute=False,
           random_state=None, selection='cyclic', tol=0.0001, warm_start=False), 'model__alpha': 8.572857142857142, 'model__l1_ratio': 0.1, 'model__max_iter': 100000.0}",-33.59852462741034,-13.372790145099758,-23.584044019085827,-77.2848846127233,-36.9600608510798,24.355022597185272,617
943,0.00416642427444458,0.0008860652139189794,0.0014300942420959473,0.00033943757750631273,"ElasticNet(alpha=1.0, copy_X=True, fit_intercept=True, l1_ratio=0.5,
           max_iter=1000, normalize=False, positive=False, precompute=False,
           random_state=None, selection='cyclic', tol=0.0001, warm_start=False)",8.572857142857142,100000.0,0.15,,,,,"{'model': ElasticNet(alpha=1.0, copy_X=True, fit_intercept=True, l1_ratio=0.5,
           max_iter=1000, normalize=False, positive=False, precompute=False,
           random_state=None, selection='cyclic', tol=0.0001, warm_start=False), 'model__alpha': 8.572857142857142, 'model__l1_ratio': 0.15, 'model__max_iter': 100000.0}",-36.33878063826572,-14.887888425111093,-25.462148951536218,-87.35016231026647,-41.009745081294874,27.808862428925018,673
944,0.004895150661468506,0.001406907544128285,0.0013693571090698242,0.00041425684370643225,"ElasticNet(alpha=1.0, copy_X=True, fit_intercept=True, l1_ratio=0.5,
           max_iter=1000, normalize=False, positive=False, precompute=False,
           random_state=None, selection='cyclic', tol=0.0001, warm_start=False)",8.572857142857142,100000.0,0.2,,,,,"{'model': ElasticNet(alpha=1.0, copy_X=True, fit_intercept=True, l1_ratio=0.5,
           max_iter=1000, normalize=False, positive=False, precompute=False,
           random_state=None, selection='cyclic', tol=0.0001, warm_start=False), 'model__alpha': 8.572857142857142, 'model__l1_ratio': 0.2, 'model__max_iter': 100000.0}",-38.90960017727264,-16.48113081745093,-27.759729325353124,-97.69180778220377,-45.210567025570114,31.320500697844828,727
945,0.0057885050773620605,0.0017817697914692054,0.0014661550521850586,0.00022713073918961024,"ElasticNet(alpha=1.0, copy_X=True, fit_intercept=True, l1_ratio=0.5,
           max_iter=1000, normalize=False, positive=False, precompute=False,
           random_state=None, selection='cyclic', tol=0.0001, warm_start=False)",8.572857142857142,100000.0,0.25,,,,,"{'model': ElasticNet(alpha=1.0, copy_X=True, fit_intercept=True, l1_ratio=0.5,
           max_iter=1000, normalize=False, positive=False, precompute=False,
           random_state=None, selection='cyclic', tol=0.0001, warm_start=False), 'model__alpha': 8.572857142857142, 'model__l1_ratio': 0.25, 'model__max_iter': 100000.0}",-40.03527749469149,-16.99862386017481,-29.83131801187991,-103.79980654543306,-47.666256478044815,33.420786959199866,809
946,0.005680561065673828,0.0008343392175112805,0.0013333559036254883,0.00028444148357440515,"ElasticNet(alpha=1.0, copy_X=True, fit_intercept=True, l1_ratio=0.5,
           max_iter=1000, normalize=False, positive=False, precompute=False,
           random_state=None, selection='cyclic', tol=0.0001, warm_start=False)",8.572857142857142,100000.0,0.3,,,,,"{'model': ElasticNet(alpha=1.0, copy_X=True, fit_intercept=True, l1_ratio=0.5,
           max_iter=1000, normalize=False, positive=False, precompute=False,
           random_state=None, selection='cyclic', tol=0.0001, warm_start=False), 'model__alpha': 8.572857142857142, 'model__l1_ratio': 0.3, 'model__max_iter': 100000.0}",-41.18729942727063,-17.393863367072154,-31.454013186782497,-103.53951477524598,-48.39367268909282,32.9428898134161,883
947,0.005280911922454834,0.00032567800639879304,0.0016837716102600098,0.00027421574662099915,"ElasticNet(alpha=1.0, copy_X=True, fit_intercept=True, l1_ratio=0.5,
           max_iter=1000, normalize=False, positive=False, precompute=False,
           random_state=None, selection='cyclic', tol=0.0001, warm_start=False)",8.572857142857142,100000.0,0.35,,,,,"{'model': ElasticNet(alpha=1.0, copy_X=True, fit_intercept=True, l1_ratio=0.5,
           max_iter=1000, normalize=False, positive=False, precompute=False,
           random_state=None, selection='cyclic', tol=0.0001, warm_start=False), 'model__alpha': 8.572857142857142, 'model__l1_ratio': 0.35, 'model__max_iter': 100000.0}",-42.11196300709924,-17.527560632982645,-33.20073358056469,-103.38643001885242,-49.05667180987475,32.57854829538082,937
948,0.00476837158203125,0.00040065378553189675,0.0015254616737365723,6.17265597693743e-05,"ElasticNet(alpha=1.0, copy_X=True, fit_intercept=True, l1_ratio=0.5,
           max_iter=1000, normalize=False, positive=False, precompute=False,
           random_state=None, selection='cyclic', tol=0.0001, warm_start=False)",8.572857142857142,100000.0,0.39999999999999997,,,,,"{'model': ElasticNet(alpha=1.0, copy_X=True, fit_intercept=True, l1_ratio=0.5,
           max_iter=1000, normalize=False, positive=False, precompute=False,
           random_state=None, selection='cyclic', tol=0.0001, warm_start=False), 'model__alpha': 8.572857142857142, 'model__l1_ratio': 0.39999999999999997, 'model__max_iter': 100000.0}",-43.121862723946634,-17.6724945643674,-34.50625279399894,-102.44626482217524,-49.43671872612205,31.94438187375945,968
949,0.0044574737548828125,0.0010265166813888931,0.0014493465423583984,0.0003534266144813044,"ElasticNet(alpha=1.0, copy_X=True, fit_intercept=True, l1_ratio=0.5,
           max_iter=1000, normalize=False, positive=False, precompute=False,
           random_state=None, selection='cyclic', tol=0.0001, warm_start=False)",8.572857142857142,100000.0,0.44999999999999996,,,,,"{'model': ElasticNet(alpha=1.0, copy_X=True, fit_intercept=True, l1_ratio=0.5,
           max_iter=1000, normalize=False, positive=False, precompute=False,
           random_state=None, selection='cyclic', tol=0.0001, warm_start=False), 'model__alpha': 8.572857142857142, 'model__l1_ratio': 0.44999999999999996, 'model__max_iter': 100000.0}",-44.24922557561745,-17.86374386704703,-35.863122857951026,-102.21015708333253,-50.04656234598701,31.589371197090482,1002
950,0.005190849304199219,0.0004469670244283275,0.0015470385551452637,0.00013499844139509425,"ElasticNet(alpha=1.0, copy_X=True, fit_intercept=True, l1_ratio=0.5,
           max_iter=1000, normalize=False, positive=False, precompute=False,
           random_state=None, selection='cyclic', tol=0.0001, warm_start=False)",8.572857142857142,100000.0,0.49999999999999994,,,,,"{'model': ElasticNet(alpha=1.0, copy_X=True, fit_intercept=True, l1_ratio=0.5,
           max_iter=1000, normalize=False, positive=False, precompute=False,
           random_state=None, selection='cyclic', tol=0.0001, warm_start=False), 'model__alpha': 8.572857142857142, 'model__l1_ratio': 0.49999999999999994, 'model__max_iter': 100000.0}",-45.25357035303766,-18.0843528496388,-36.83629933128716,-102.21015708333253,-50.59609490432403,31.38032555934453,1035
951,0.0050727128982543945,0.0004127431384841586,0.0015892982482910156,4.3252770776419434e-05,"ElasticNet(alpha=1.0, copy_X=True, fit_intercept=True, l1_ratio=0.5,
           max_iter=1000, normalize=False, positive=False, precompute=False,
           random_state=None, selection='cyclic', tol=0.0001, warm_start=False)",8.572857142857142,100000.0,0.5499999999999999,,,,,"{'model': ElasticNet(alpha=1.0, copy_X=True, fit_intercept=True, l1_ratio=0.5,
           max_iter=1000, normalize=False, positive=False, precompute=False,
           random_state=None, selection='cyclic', tol=0.0001, warm_start=False), 'model__alpha': 8.572857142857142, 'model__l1_ratio': 0.5499999999999999, 'model__max_iter': 100000.0}",-45.519004245448016,-18.174669905764237,-37.73957003440924,-102.21015708333253,-50.910850317238506,31.24832399891689,1067
952,0.00511324405670166,0.0011808630877581116,0.0012555718421936035,0.0002429970986013943,"ElasticNet(alpha=1.0, copy_X=True, fit_intercept=True, l1_ratio=0.5,
           max_iter=1000, normalize=False, positive=False, precompute=False,
           random_state=None, selection='cyclic', tol=0.0001, warm_start=False)",8.572857142857142,100000.0,0.6,,,,,"{'model': ElasticNet(alpha=1.0, copy_X=True, fit_intercept=True, l1_ratio=0.5,
           max_iter=1000, normalize=False, positive=False, precompute=False,
           random_state=None, selection='cyclic', tol=0.0001, warm_start=False), 'model__alpha': 8.572857142857142, 'model__l1_ratio': 0.6, 'model__max_iter': 100000.0}",-45.519004245448016,-18.141520790589244,-37.97678979078923,-102.21015708333253,-50.961867977539754,31.232192313641036,1075
953,0.005607783794403076,0.000537611120734395,0.0018030405044555664,5.844550760107932e-05,"ElasticNet(alpha=1.0, copy_X=True, fit_intercept=True, l1_ratio=0.5,
           max_iter=1000, normalize=False, positive=False, precompute=False,
           random_state=None, selection='cyclic', tol=0.0001, warm_start=False)",8.572857142857142,100000.0,0.65,,,,,"{'model': ElasticNet(alpha=1.0, copy_X=True, fit_intercept=True, l1_ratio=0.5,
           max_iter=1000, normalize=False, positive=False, precompute=False,
           random_state=None, selection='cyclic', tol=0.0001, warm_start=False), 'model__alpha': 8.572857142857142, 'model__l1_ratio': 0.65, 'model__max_iter': 100000.0}",-45.519004245448016,-18.141520790589244,-37.97678979078923,-102.21015708333253,-50.961867977539754,31.232192313641036,1075
954,0.004761099815368652,6.010335664053269e-05,0.0015718340873718262,7.491663675567515e-05,"ElasticNet(alpha=1.0, copy_X=True, fit_intercept=True, l1_ratio=0.5,
           max_iter=1000, normalize=False, positive=False, precompute=False,
           random_state=None, selection='cyclic', tol=0.0001, warm_start=False)",8.572857142857142,100000.0,0.7,,,,,"{'model': ElasticNet(alpha=1.0, copy_X=True, fit_intercept=True, l1_ratio=0.5,
           max_iter=1000, normalize=False, positive=False, precompute=False,
           random_state=None, selection='cyclic', tol=0.0001, warm_start=False), 'model__alpha': 8.572857142857142, 'model__l1_ratio': 0.7, 'model__max_iter': 100000.0}",-45.519004245448016,-18.141520790589244,-37.97678979078923,-102.21015708333253,-50.961867977539754,31.232192313641036,1075
955,0.004686534404754639,0.00020782944770995288,0.0015634894371032715,3.7024561113926146e-05,"ElasticNet(alpha=1.0, copy_X=True, fit_intercept=True, l1_ratio=0.5,
           max_iter=1000, normalize=False, positive=False, precompute=False,
           random_state=None, selection='cyclic', tol=0.0001, warm_start=False)",8.572857142857142,100000.0,0.75,,,,,"{'model': ElasticNet(alpha=1.0, copy_X=True, fit_intercept=True, l1_ratio=0.5,
           max_iter=1000, normalize=False, positive=False, precompute=False,
           random_state=None, selection='cyclic', tol=0.0001, warm_start=False), 'model__alpha': 8.572857142857142, 'model__l1_ratio': 0.75, 'model__max_iter': 100000.0}",-45.519004245448016,-18.141520790589244,-37.97678979078923,-102.21015708333253,-50.961867977539754,31.232192313641036,1075
956,0.004705488681793213,0.0005438967012207891,0.0012871623039245605,0.0002155653625977356,"ElasticNet(alpha=1.0, copy_X=True, fit_intercept=True, l1_ratio=0.5,
           max_iter=1000, normalize=False, positive=False, precompute=False,
           random_state=None, selection='cyclic', tol=0.0001, warm_start=False)",8.572857142857142,100000.0,0.7999999999999999,,,,,"{'model': ElasticNet(alpha=1.0, copy_X=True, fit_intercept=True, l1_ratio=0.5,
           max_iter=1000, normalize=False, positive=False, precompute=False,
           random_state=None, selection='cyclic', tol=0.0001, warm_start=False), 'model__alpha': 8.572857142857142, 'model__l1_ratio': 0.7999999999999999, 'model__max_iter': 100000.0}",-45.519004245448016,-18.141520790589244,-37.97678979078923,-102.21015708333253,-50.961867977539754,31.232192313641036,1075
957,0.00568777322769165,0.0026585980675091167,0.001362621784210205,0.0003023696749034459,"ElasticNet(alpha=1.0, copy_X=True, fit_intercept=True, l1_ratio=0.5,
           max_iter=1000, normalize=False, positive=False, precompute=False,
           random_state=None, selection='cyclic', tol=0.0001, warm_start=False)",8.572857142857142,100000.0,0.85,,,,,"{'model': ElasticNet(alpha=1.0, copy_X=True, fit_intercept=True, l1_ratio=0.5,
           max_iter=1000, normalize=False, positive=False, precompute=False,
           random_state=None, selection='cyclic', tol=0.0001, warm_start=False), 'model__alpha': 8.572857142857142, 'model__l1_ratio': 0.85, 'model__max_iter': 100000.0}",-45.519004245448016,-18.141520790589244,-37.97678979078923,-102.21015708333253,-50.961867977539754,31.232192313641036,1075
958,0.004482865333557129,0.0005872041358422608,0.0016935467720031738,0.00018711244225413972,"ElasticNet(alpha=1.0, copy_X=True, fit_intercept=True, l1_ratio=0.5,
           max_iter=1000, normalize=False, positive=False, precompute=False,
           random_state=None, selection='cyclic', tol=0.0001, warm_start=False)",8.572857142857142,100000.0,0.9,,,,,"{'model': ElasticNet(alpha=1.0, copy_X=True, fit_intercept=True, l1_ratio=0.5,
           max_iter=1000, normalize=False, positive=False, precompute=False,
           random_state=None, selection='cyclic', tol=0.0001, warm_start=False), 'model__alpha': 8.572857142857142, 'model__l1_ratio': 0.9, 'model__max_iter': 100000.0}",-45.519004245448016,-18.141520790589244,-37.97678979078923,-102.21015708333253,-50.961867977539754,31.232192313641036,1075
959,0.005112946033477783,0.0005703766846572634,0.0015680789947509766,0.0001146420311077785,"ElasticNet(alpha=1.0, copy_X=True, fit_intercept=True, l1_ratio=0.5,
           max_iter=1000, normalize=False, positive=False, precompute=False,
           random_state=None, selection='cyclic', tol=0.0001, warm_start=False)",8.572857142857142,100000.0,0.95,,,,,"{'model': ElasticNet(alpha=1.0, copy_X=True, fit_intercept=True, l1_ratio=0.5,
           max_iter=1000, normalize=False, positive=False, precompute=False,
           random_state=None, selection='cyclic', tol=0.0001, warm_start=False), 'model__alpha': 8.572857142857142, 'model__l1_ratio': 0.95, 'model__max_iter': 100000.0}",-45.519004245448016,-18.141520790589244,-37.97678979078923,-102.21015708333253,-50.961867977539754,31.232192313641036,1075
960,0.004928112030029297,0.001128627054842493,0.0014590024948120117,0.0003101951472322885,"ElasticNet(alpha=1.0, copy_X=True, fit_intercept=True, l1_ratio=0.5,
           max_iter=1000, normalize=False, positive=False, precompute=False,
           random_state=None, selection='cyclic', tol=0.0001, warm_start=False)",8.572857142857142,100000.0,1.0,,,,,"{'model': ElasticNet(alpha=1.0, copy_X=True, fit_intercept=True, l1_ratio=0.5,
           max_iter=1000, normalize=False, positive=False, precompute=False,
           random_state=None, selection='cyclic', tol=0.0001, warm_start=False), 'model__alpha': 8.572857142857142, 'model__l1_ratio': 1.0, 'model__max_iter': 100000.0}",-45.519004245448016,-18.141520790589244,-37.97678979078923,-102.21015708333253,-50.961867977539754,31.232192313641036,1075
961,0.004757046699523926,0.00020544921295308484,0.001447439193725586,0.00023388309695817673,"ElasticNet(alpha=1.0, copy_X=True, fit_intercept=True, l1_ratio=0.5,
           max_iter=1000, normalize=False, positive=False, precompute=False,
           random_state=None, selection='cyclic', tol=0.0001, warm_start=False)",8.77673469387755,100000.0,0.05,,,,,"{'model': ElasticNet(alpha=1.0, copy_X=True, fit_intercept=True, l1_ratio=0.5,
           max_iter=1000, normalize=False, positive=False, precompute=False,
           random_state=None, selection='cyclic', tol=0.0001, warm_start=False), 'model__alpha': 8.77673469387755, 'model__l1_ratio': 0.05, 'model__max_iter': 100000.0}",-31.223145938799245,-12.110521109169031,-22.169158980120493,-68.85802216299331,-33.59021204777052,21.454830506668937,550
962,0.00533902645111084,0.0011510937455038125,0.001452028751373291,0.00031712527321223,"ElasticNet(alpha=1.0, copy_X=True, fit_intercept=True, l1_ratio=0.5,
           max_iter=1000, normalize=False, positive=False, precompute=False,
           random_state=None, selection='cyclic', tol=0.0001, warm_start=False)",8.77673469387755,100000.0,0.1,,,,,"{'model': ElasticNet(alpha=1.0, copy_X=True, fit_intercept=True, l1_ratio=0.5,
           max_iter=1000, normalize=False, positive=False, precompute=False,
           random_state=None, selection='cyclic', tol=0.0001, warm_start=False), 'model__alpha': 8.77673469387755, 'model__l1_ratio': 0.1, 'model__max_iter': 100000.0}",-33.899405580903625,-13.522915997797915,-23.86352666753645,-78.17581468407505,-37.365415732578256,24.63872810678109,623
963,0.004844725131988525,0.0002102853472675524,0.0016285181045532227,4.611550929215967e-05,"ElasticNet(alpha=1.0, copy_X=True, fit_intercept=True, l1_ratio=0.5,
           max_iter=1000, normalize=False, positive=False, precompute=False,
           random_state=None, selection='cyclic', tol=0.0001, warm_start=False)",8.77673469387755,100000.0,0.15,,,,,"{'model': ElasticNet(alpha=1.0, copy_X=True, fit_intercept=True, l1_ratio=0.5,
           max_iter=1000, normalize=False, positive=False, precompute=False,
           random_state=None, selection='cyclic', tol=0.0001, warm_start=False), 'model__alpha': 8.77673469387755, 'model__l1_ratio': 0.15, 'model__max_iter': 100000.0}",-36.67846065639147,-15.064290044766118,-25.78266639381888,-88.31274899913036,-41.45954152352671,28.109409009571483,680
964,0.005426764488220215,0.0004772448436050848,0.0017094612121582031,0.00021649962686524942,"ElasticNet(alpha=1.0, copy_X=True, fit_intercept=True, l1_ratio=0.5,
           max_iter=1000, normalize=False, positive=False, precompute=False,
           random_state=None, selection='cyclic', tol=0.0001, warm_start=False)",8.77673469387755,100000.0,0.2,,,,,"{'model': ElasticNet(alpha=1.0, copy_X=True, fit_intercept=True, l1_ratio=0.5,
           max_iter=1000, normalize=False, positive=False, precompute=False,
           random_state=None, selection='cyclic', tol=0.0001, warm_start=False), 'model__alpha': 8.77673469387755, 'model__l1_ratio': 0.2, 'model__max_iter': 100000.0}",-39.14394348324503,-16.58016030958904,-28.13538900224383,-98.8486281865533,-45.6770302454078,31.71843733470566,733
965,0.004875659942626953,0.0003044663598973545,0.0016413331031799316,0.00013430071949941405,"ElasticNet(alpha=1.0, copy_X=True, fit_intercept=True, l1_ratio=0.5,
           max_iter=1000, normalize=False, positive=False, precompute=False,
           random_state=None, selection='cyclic', tol=0.0001, warm_start=False)",8.77673469387755,100000.0,0.25,,,,,"{'model': ElasticNet(alpha=1.0, copy_X=True, fit_intercept=True, l1_ratio=0.5,
           max_iter=1000, normalize=False, positive=False, precompute=False,
           random_state=None, selection='cyclic', tol=0.0001, warm_start=False), 'model__alpha': 8.77673469387755, 'model__l1_ratio': 0.25, 'model__max_iter': 100000.0}",-40.255465294733376,-17.05748119582137,-30.127424097539006,-103.75933581591705,-47.7999266010027,33.33837754866575,823
966,0.004894137382507324,0.00034823245370384584,0.0016179680824279785,0.00010400767993012393,"ElasticNet(alpha=1.0, copy_X=True, fit_intercept=True, l1_ratio=0.5,
           max_iter=1000, normalize=False, positive=False, precompute=False,
           random_state=None, selection='cyclic', tol=0.0001, warm_start=False)",8.77673469387755,100000.0,0.3,,,,,"{'model': ElasticNet(alpha=1.0, copy_X=True, fit_intercept=True, l1_ratio=0.5,
           max_iter=1000, normalize=False, positive=False, precompute=False,
           random_state=None, selection='cyclic', tol=0.0001, warm_start=False), 'model__alpha': 8.77673469387755, 'model__l1_ratio': 0.3, 'model__max_iter': 100000.0}",-41.41057280099743,-17.42768215846264,-31.79392148967424,-103.51841676903199,-48.53764830454158,32.870436897918644,901
967,0.0062667131423950195,0.001425254993986007,0.0014485716819763184,0.0003241796793577846,"ElasticNet(alpha=1.0, copy_X=True, fit_intercept=True, l1_ratio=0.5,
           max_iter=1000, normalize=False, positive=False, precompute=False,
           random_state=None, selection='cyclic', tol=0.0001, warm_start=False)",8.77673469387755,100000.0,0.35,,,,,"{'model': ElasticNet(alpha=1.0, copy_X=True, fit_intercept=True, l1_ratio=0.5,
           max_iter=1000, normalize=False, positive=False, precompute=False,
           random_state=None, selection='cyclic', tol=0.0001, warm_start=False), 'model__alpha': 8.77673469387755, 'model__l1_ratio': 0.35, 'model__max_iter': 100000.0}",-42.33314314357862,-17.560289772575693,-33.48713140639907,-103.18470913788018,-49.14131836510839,32.440153638531676,945
968,0.005031764507293701,0.00022141060533925247,0.0014934539794921875,0.00024112930677341234,"ElasticNet(alpha=1.0, copy_X=True, fit_intercept=True, l1_ratio=0.5,
           max_iter=1000, normalize=False, positive=False, precompute=False,
           random_state=None, selection='cyclic', tol=0.0001, warm_start=False)",8.77673469387755,100000.0,0.39999999999999997,,,,,"{'model': ElasticNet(alpha=1.0, copy_X=True, fit_intercept=True, l1_ratio=0.5,
           max_iter=1000, normalize=False, positive=False, precompute=False,
           random_state=None, selection='cyclic', tol=0.0001, warm_start=False), 'model__alpha': 8.77673469387755, 'model__l1_ratio': 0.39999999999999997, 'model__max_iter': 100000.0}",-43.37155928261348,-17.709477512578765,-34.837010277432086,-102.32158512160828,-49.55990804855816,31.83278134296495,975
969,0.005254924297332764,0.0005402636910258385,0.0015062689781188965,0.00024358162076594736,"ElasticNet(alpha=1.0, copy_X=True, fit_intercept=True, l1_ratio=0.5,
           max_iter=1000, normalize=False, positive=False, precompute=False,
           random_state=None, selection='cyclic', tol=0.0001, warm_start=False)",8.77673469387755,100000.0,0.44999999999999996,,,,,"{'model': ElasticNet(alpha=1.0, copy_X=True, fit_intercept=True, l1_ratio=0.5,
           max_iter=1000, normalize=False, positive=False, precompute=False,
           random_state=None, selection='cyclic', tol=0.0001, warm_start=False), 'model__alpha': 8.77673469387755, 'model__l1_ratio': 0.44999999999999996, 'model__max_iter': 100000.0}",-44.497132004245124,-17.912929749513566,-36.21530507010822,-102.21015708333253,-50.20888097679986,31.52620110862123,1012
970,0.004772663116455078,0.000374492601116488,0.0016350746154785156,0.00012154169008376713,"ElasticNet(alpha=1.0, copy_X=True, fit_intercept=True, l1_ratio=0.5,
           max_iter=1000, normalize=False, positive=False, precompute=False,
           random_state=None, selection='cyclic', tol=0.0001, warm_start=False)",8.77673469387755,100000.0,0.49999999999999994,,,,,"{'model': ElasticNet(alpha=1.0, copy_X=True, fit_intercept=True, l1_ratio=0.5,
           max_iter=1000, normalize=False, positive=False, precompute=False,
           random_state=None, selection='cyclic', tol=0.0001, warm_start=False), 'model__alpha': 8.77673469387755, 'model__l1_ratio': 0.49999999999999994, 'model__max_iter': 100000.0}",-45.43168300430599,-18.12761321095281,-37.074346311170544,-102.21015708333253,-50.71094990244047,31.335562013064585,1047
971,0.004872500896453857,0.00041238769524978223,0.0016328096389770508,9.969467967373252e-05,"ElasticNet(alpha=1.0, copy_X=True, fit_intercept=True, l1_ratio=0.5,
           max_iter=1000, normalize=False, positive=False, precompute=False,
           random_state=None, selection='cyclic', tol=0.0001, warm_start=False)",8.77673469387755,100000.0,0.5499999999999999,,,,,"{'model': ElasticNet(alpha=1.0, copy_X=True, fit_intercept=True, l1_ratio=0.5,
           max_iter=1000, normalize=False, positive=False, precompute=False,
           random_state=None, selection='cyclic', tol=0.0001, warm_start=False), 'model__alpha': 8.77673469387755, 'model__l1_ratio': 0.5499999999999999, 'model__max_iter': 100000.0}",-45.519004245448016,-18.15694410508734,-37.8868579961223,-102.21015708333253,-50.94324085749754,31.237515227247982,1073
972,0.0049054622650146484,0.00029117190482239665,0.0014980435371398926,0.00026733221412267105,"ElasticNet(alpha=1.0, copy_X=True, fit_intercept=True, l1_ratio=0.5,
           max_iter=1000, normalize=False, positive=False, precompute=False,
           random_state=None, selection='cyclic', tol=0.0001, warm_start=False)",8.77673469387755,100000.0,0.6,,,,,"{'model': ElasticNet(alpha=1.0, copy_X=True, fit_intercept=True, l1_ratio=0.5,
           max_iter=1000, normalize=False, positive=False, precompute=False,
           random_state=None, selection='cyclic', tol=0.0001, warm_start=False), 'model__alpha': 8.77673469387755, 'model__l1_ratio': 0.6, 'model__max_iter': 100000.0}",-45.519004245448016,-18.141520790589244,-37.97678979078923,-102.21015708333253,-50.961867977539754,31.232192313641036,1075
973,0.0046163201332092285,0.0003414728562787686,0.0015878081321716309,9.367717116109072e-05,"ElasticNet(alpha=1.0, copy_X=True, fit_intercept=True, l1_ratio=0.5,
           max_iter=1000, normalize=False, positive=False, precompute=False,
           random_state=None, selection='cyclic', tol=0.0001, warm_start=False)",8.77673469387755,100000.0,0.65,,,,,"{'model': ElasticNet(alpha=1.0, copy_X=True, fit_intercept=True, l1_ratio=0.5,
           max_iter=1000, normalize=False, positive=False, precompute=False,
           random_state=None, selection='cyclic', tol=0.0001, warm_start=False), 'model__alpha': 8.77673469387755, 'model__l1_ratio': 0.65, 'model__max_iter': 100000.0}",-45.519004245448016,-18.141520790589244,-37.97678979078923,-102.21015708333253,-50.961867977539754,31.232192313641036,1075
974,0.005100607872009277,0.0002813521324746602,0.0015910863876342773,0.0001328325850171705,"ElasticNet(alpha=1.0, copy_X=True, fit_intercept=True, l1_ratio=0.5,
           max_iter=1000, normalize=False, positive=False, precompute=False,
           random_state=None, selection='cyclic', tol=0.0001, warm_start=False)",8.77673469387755,100000.0,0.7,,,,,"{'model': ElasticNet(alpha=1.0, copy_X=True, fit_intercept=True, l1_ratio=0.5,
           max_iter=1000, normalize=False, positive=False, precompute=False,
           random_state=None, selection='cyclic', tol=0.0001, warm_start=False), 'model__alpha': 8.77673469387755, 'model__l1_ratio': 0.7, 'model__max_iter': 100000.0}",-45.519004245448016,-18.141520790589244,-37.97678979078923,-102.21015708333253,-50.961867977539754,31.232192313641036,1075
975,0.005863606929779053,0.0010403916337646752,0.0016205906867980957,0.00014592477011275378,"ElasticNet(alpha=1.0, copy_X=True, fit_intercept=True, l1_ratio=0.5,
           max_iter=1000, normalize=False, positive=False, precompute=False,
           random_state=None, selection='cyclic', tol=0.0001, warm_start=False)",8.77673469387755,100000.0,0.75,,,,,"{'model': ElasticNet(alpha=1.0, copy_X=True, fit_intercept=True, l1_ratio=0.5,
           max_iter=1000, normalize=False, positive=False, precompute=False,
           random_state=None, selection='cyclic', tol=0.0001, warm_start=False), 'model__alpha': 8.77673469387755, 'model__l1_ratio': 0.75, 'model__max_iter': 100000.0}",-45.519004245448016,-18.141520790589244,-37.97678979078923,-102.21015708333253,-50.961867977539754,31.232192313641036,1075
976,0.006299436092376709,0.0012961534600819807,0.0014014840126037598,0.0003433822447424503,"ElasticNet(alpha=1.0, copy_X=True, fit_intercept=True, l1_ratio=0.5,
           max_iter=1000, normalize=False, positive=False, precompute=False,
           random_state=None, selection='cyclic', tol=0.0001, warm_start=False)",8.77673469387755,100000.0,0.7999999999999999,,,,,"{'model': ElasticNet(alpha=1.0, copy_X=True, fit_intercept=True, l1_ratio=0.5,
           max_iter=1000, normalize=False, positive=False, precompute=False,
           random_state=None, selection='cyclic', tol=0.0001, warm_start=False), 'model__alpha': 8.77673469387755, 'model__l1_ratio': 0.7999999999999999, 'model__max_iter': 100000.0}",-45.519004245448016,-18.141520790589244,-37.97678979078923,-102.21015708333253,-50.961867977539754,31.232192313641036,1075
977,0.005263328552246094,0.0006910642817065076,0.001528918743133545,0.00018092431027349825,"ElasticNet(alpha=1.0, copy_X=True, fit_intercept=True, l1_ratio=0.5,
           max_iter=1000, normalize=False, positive=False, precompute=False,
           random_state=None, selection='cyclic', tol=0.0001, warm_start=False)",8.77673469387755,100000.0,0.85,,,,,"{'model': ElasticNet(alpha=1.0, copy_X=True, fit_intercept=True, l1_ratio=0.5,
           max_iter=1000, normalize=False, positive=False, precompute=False,
           random_state=None, selection='cyclic', tol=0.0001, warm_start=False), 'model__alpha': 8.77673469387755, 'model__l1_ratio': 0.85, 'model__max_iter': 100000.0}",-45.519004245448016,-18.141520790589244,-37.97678979078923,-102.21015708333253,-50.961867977539754,31.232192313641036,1075
978,0.005349397659301758,0.00033569543367796204,0.001453697681427002,0.0003443889476562773,"ElasticNet(alpha=1.0, copy_X=True, fit_intercept=True, l1_ratio=0.5,
           max_iter=1000, normalize=False, positive=False, precompute=False,
           random_state=None, selection='cyclic', tol=0.0001, warm_start=False)",8.77673469387755,100000.0,0.9,,,,,"{'model': ElasticNet(alpha=1.0, copy_X=True, fit_intercept=True, l1_ratio=0.5,
           max_iter=1000, normalize=False, positive=False, precompute=False,
           random_state=None, selection='cyclic', tol=0.0001, warm_start=False), 'model__alpha': 8.77673469387755, 'model__l1_ratio': 0.9, 'model__max_iter': 100000.0}",-45.519004245448016,-18.141520790589244,-37.97678979078923,-102.21015708333253,-50.961867977539754,31.232192313641036,1075
979,0.005632519721984863,0.0018222162653502851,0.0015087127685546875,0.0003058305901397041,"ElasticNet(alpha=1.0, copy_X=True, fit_intercept=True, l1_ratio=0.5,
           max_iter=1000, normalize=False, positive=False, precompute=False,
           random_state=None, selection='cyclic', tol=0.0001, warm_start=False)",8.77673469387755,100000.0,0.95,,,,,"{'model': ElasticNet(alpha=1.0, copy_X=True, fit_intercept=True, l1_ratio=0.5,
           max_iter=1000, normalize=False, positive=False, precompute=False,
           random_state=None, selection='cyclic', tol=0.0001, warm_start=False), 'model__alpha': 8.77673469387755, 'model__l1_ratio': 0.95, 'model__max_iter': 100000.0}",-45.519004245448016,-18.141520790589244,-37.97678979078923,-102.21015708333253,-50.961867977539754,31.232192313641036,1075
980,0.00495833158493042,0.0004640937026039221,0.0015832185745239258,0.0001549603842946287,"ElasticNet(alpha=1.0, copy_X=True, fit_intercept=True, l1_ratio=0.5,
           max_iter=1000, normalize=False, positive=False, precompute=False,
           random_state=None, selection='cyclic', tol=0.0001, warm_start=False)",8.77673469387755,100000.0,1.0,,,,,"{'model': ElasticNet(alpha=1.0, copy_X=True, fit_intercept=True, l1_ratio=0.5,
           max_iter=1000, normalize=False, positive=False, precompute=False,
           random_state=None, selection='cyclic', tol=0.0001, warm_start=False), 'model__alpha': 8.77673469387755, 'model__l1_ratio': 1.0, 'model__max_iter': 100000.0}",-45.519004245448016,-18.141520790589244,-37.97678979078923,-102.21015708333253,-50.961867977539754,31.232192313641036,1075
981,0.005566656589508057,0.000802353466024117,0.0015248656272888184,0.00035438431152037857,"ElasticNet(alpha=1.0, copy_X=True, fit_intercept=True, l1_ratio=0.5,
           max_iter=1000, normalize=False, positive=False, precompute=False,
           random_state=None, selection='cyclic', tol=0.0001, warm_start=False)",8.980612244897959,100000.0,0.05,,,,,"{'model': ElasticNet(alpha=1.0, copy_X=True, fit_intercept=True, l1_ratio=0.5,
           max_iter=1000, normalize=False, positive=False, precompute=False,
           random_state=None, selection='cyclic', tol=0.0001, warm_start=False), 'model__alpha': 8.980612244897959, 'model__l1_ratio': 0.05, 'model__max_iter': 100000.0}",-31.477852689968902,-12.233466156288763,-22.40836399684672,-69.57954783808181,-33.924807670296545,21.681736880777624,560
982,0.004832625389099121,0.00017250506871346882,0.001786351203918457,0.00021413655301580654,"ElasticNet(alpha=1.0, copy_X=True, fit_intercept=True, l1_ratio=0.5,
           max_iter=1000, normalize=False, positive=False, precompute=False,
           random_state=None, selection='cyclic', tol=0.0001, warm_start=False)",8.980612244897959,100000.0,0.1,,,,,"{'model': ElasticNet(alpha=1.0, copy_X=True, fit_intercept=True, l1_ratio=0.5,
           max_iter=1000, normalize=False, positive=False, precompute=False,
           random_state=None, selection='cyclic', tol=0.0001, warm_start=False), 'model__alpha': 8.980612244897959, 'model__l1_ratio': 0.1, 'model__max_iter': 100000.0}",-34.1877767414992,-13.669372503664748,-24.136998674571462,-79.04396210614878,-37.759527506471045,24.91521023179071,627
983,0.0046364665031433105,0.000320861557775546,0.001381516456604004,0.0002813057612612682,"ElasticNet(alpha=1.0, copy_X=True, fit_intercept=True, l1_ratio=0.5,
           max_iter=1000, normalize=False, positive=False, precompute=False,
           random_state=None, selection='cyclic', tol=0.0001, warm_start=False)",8.980612244897959,100000.0,0.15,,,,,"{'model': ElasticNet(alpha=1.0, copy_X=True, fit_intercept=True, l1_ratio=0.5,
           max_iter=1000, normalize=False, positive=False, precompute=False,
           random_state=None, selection='cyclic', tol=0.0001, warm_start=False), 'model__alpha': 8.980612244897959, 'model__l1_ratio': 0.15, 'model__max_iter': 100000.0}",-37.01027499470091,-15.236708345806989,-26.09785932528334,-89.25023487276987,-41.898769384640275,28.40155329738303,684
984,0.004956364631652832,0.00025423183047473905,0.0016562342643737793,9.84702466185959e-05,"ElasticNet(alpha=1.0, copy_X=True, fit_intercept=True, l1_ratio=0.5,
           max_iter=1000, normalize=False, positive=False, precompute=False,
           random_state=None, selection='cyclic', tol=0.0001, warm_start=False)",8.980612244897959,100000.0,0.2,,,,,"{'model': ElasticNet(alpha=1.0, copy_X=True, fit_intercept=True, l1_ratio=0.5,
           max_iter=1000, normalize=False, positive=False, precompute=False,
           random_state=None, selection='cyclic', tol=0.0001, warm_start=False), 'model__alpha': 8.980612244897959, 'model__l1_ratio': 0.2, 'model__max_iter': 100000.0}",-39.37217624467501,-16.675983401033566,-28.491656412580927,-99.97637144847317,-46.129046876690666,32.10821606209711,744
985,0.00529712438583374,0.0009688938039590218,0.0017244219779968262,0.00020745241415363658,"ElasticNet(alpha=1.0, copy_X=True, fit_intercept=True, l1_ratio=0.5,
           max_iter=1000, normalize=False, positive=False, precompute=False,
           random_state=None, selection='cyclic', tol=0.0001, warm_start=False)",8.980612244897959,100000.0,0.25,,,,,"{'model': ElasticNet(alpha=1.0, copy_X=True, fit_intercept=True, l1_ratio=0.5,
           max_iter=1000, normalize=False, positive=False, precompute=False,
           random_state=None, selection='cyclic', tol=0.0001, warm_start=False), 'model__alpha': 8.980612244897959, 'model__l1_ratio': 0.25, 'model__max_iter': 100000.0}",-40.47064236015771,-17.114784356374688,-30.4190150386446,-103.72110689902698,-47.931387163550994,33.258464062554,839
986,0.005631089210510254,0.0015432556212963819,0.0014404654502868652,0.00031707741093344984,"ElasticNet(alpha=1.0, copy_X=True, fit_intercept=True, l1_ratio=0.5,
           max_iter=1000, normalize=False, positive=False, precompute=False,
           random_state=None, selection='cyclic', tol=0.0001, warm_start=False)",8.980612244897959,100000.0,0.3,,,,,"{'model': ElasticNet(alpha=1.0, copy_X=True, fit_intercept=True, l1_ratio=0.5,
           max_iter=1000, normalize=False, positive=False, precompute=False,
           random_state=None, selection='cyclic', tol=0.0001, warm_start=False), 'model__alpha': 8.980612244897959, 'model__l1_ratio': 0.3, 'model__max_iter': 100000.0}",-41.60355858468189,-17.456300280717738,-32.12999826167715,-103.49961723946421,-48.67236859163525,32.80277505841012,907
987,0.004269003868103027,0.0008713971489232081,0.001448214054107666,0.0003727669861887941,"ElasticNet(alpha=1.0, copy_X=True, fit_intercept=True, l1_ratio=0.5,
           max_iter=1000, normalize=False, positive=False, precompute=False,
           random_state=None, selection='cyclic', tol=0.0001, warm_start=False)",8.980612244897959,100000.0,0.35,,,,,"{'model': ElasticNet(alpha=1.0, copy_X=True, fit_intercept=True, l1_ratio=0.5,
           max_iter=1000, normalize=False, positive=False, precompute=False,
           random_state=None, selection='cyclic', tol=0.0001, warm_start=False), 'model__alpha': 8.980612244897959, 'model__l1_ratio': 0.35, 'model__max_iter': 100000.0}",-42.55011702653407,-17.592504153402423,-33.76998069180176,-102.99172316611475,-49.22608125946325,32.30668271951018,953
988,0.0047533512115478516,0.00015016046158907812,0.0015303492546081543,2.5345574262324927e-05,"ElasticNet(alpha=1.0, copy_X=True, fit_intercept=True, l1_ratio=0.5,
           max_iter=1000, normalize=False, positive=False, precompute=False,
           random_state=None, selection='cyclic', tol=0.0001, warm_start=False)",8.980612244897959,100000.0,0.39999999999999997,,,,,"{'model': ElasticNet(alpha=1.0, copy_X=True, fit_intercept=True, l1_ratio=0.5,
           max_iter=1000, normalize=False, positive=False, precompute=False,
           random_state=None, selection='cyclic', tol=0.0001, warm_start=False), 'model__alpha': 8.980612244897959, 'model__l1_ratio': 0.39999999999999997, 'model__max_iter': 100000.0}",-43.616838643606314,-17.74593321357811,-35.13395208069346,-102.21697380342582,-49.67842443532592,31.734317637678597,982
989,0.005334973335266113,0.0009856797957933229,0.0015082359313964844,0.00026869303158459456,"ElasticNet(alpha=1.0, copy_X=True, fit_intercept=True, l1_ratio=0.5,
           max_iter=1000, normalize=False, positive=False, precompute=False,
           random_state=None, selection='cyclic', tol=0.0001, warm_start=False)",8.980612244897959,100000.0,0.44999999999999996,,,,,"{'model': ElasticNet(alpha=1.0, copy_X=True, fit_intercept=True, l1_ratio=0.5,
           max_iter=1000, normalize=False, positive=False, precompute=False,
           random_state=None, selection='cyclic', tol=0.0001, warm_start=False), 'model__alpha': 8.980612244897959, 'model__l1_ratio': 0.44999999999999996, 'model__max_iter': 100000.0}",-44.74101464050852,-17.961194635804876,-36.4595907146954,-102.21015708333253,-50.34298926858533,31.475842307643198,1018
990,0.005092442035675049,0.0008187844276369684,0.0014988183975219727,0.00016952537590308764,"ElasticNet(alpha=1.0, copy_X=True, fit_intercept=True, l1_ratio=0.5,
           max_iter=1000, normalize=False, positive=False, precompute=False,
           random_state=None, selection='cyclic', tol=0.0001, warm_start=False)",8.980612244897959,100000.0,0.49999999999999994,,,,,"{'model': ElasticNet(alpha=1.0, copy_X=True, fit_intercept=True, l1_ratio=0.5,
           max_iter=1000, normalize=False, positive=False, precompute=False,
           random_state=None, selection='cyclic', tol=0.0001, warm_start=False), 'model__alpha': 8.980612244897959, 'model__l1_ratio': 0.49999999999999994, 'model__max_iter': 100000.0}",-45.519004245448016,-18.170258903347165,-37.3076270410058,-102.21015708333253,-50.80176181828338,31.295516001400667,1055
991,0.00412982702255249,0.0008064758108542871,0.001356959342956543,0.00029878036166621093,"ElasticNet(alpha=1.0, copy_X=True, fit_intercept=True, l1_ratio=0.5,
           max_iter=1000, normalize=False, positive=False, precompute=False,
           random_state=None, selection='cyclic', tol=0.0001, warm_start=False)",8.980612244897959,100000.0,0.5499999999999999,,,,,"{'model': ElasticNet(alpha=1.0, copy_X=True, fit_intercept=True, l1_ratio=0.5,
           max_iter=1000, normalize=False, positive=False, precompute=False,
           random_state=None, selection='cyclic', tol=0.0001, warm_start=False), 'model__alpha': 8.980612244897959, 'model__l1_ratio': 0.5499999999999999, 'model__max_iter': 100000.0}",-45.519004245448016,-18.141695205963366,-37.97678979078923,-102.21015708333253,-50.96191158138329,31.232146492602705,1271
992,0.004514753818511963,0.0005306782618156326,0.001776278018951416,0.0008462205472522368,"ElasticNet(alpha=1.0, copy_X=True, fit_intercept=True, l1_ratio=0.5,
           max_iter=1000, normalize=False, positive=False, precompute=False,
           random_state=None, selection='cyclic', tol=0.0001, warm_start=False)",8.980612244897959,100000.0,0.6,,,,,"{'model': ElasticNet(alpha=1.0, copy_X=True, fit_intercept=True, l1_ratio=0.5,
           max_iter=1000, normalize=False, positive=False, precompute=False,
           random_state=None, selection='cyclic', tol=0.0001, warm_start=False), 'model__alpha': 8.980612244897959, 'model__l1_ratio': 0.6, 'model__max_iter': 100000.0}",-45.519004245448016,-18.141520790589244,-37.97678979078923,-102.21015708333253,-50.961867977539754,31.232192313641036,1075
993,0.0052359700202941895,0.0004290407872355224,0.0016458630561828613,0.00016369049216021807,"ElasticNet(alpha=1.0, copy_X=True, fit_intercept=True, l1_ratio=0.5,
           max_iter=1000, normalize=False, positive=False, precompute=False,
           random_state=None, selection='cyclic', tol=0.0001, warm_start=False)",8.980612244897959,100000.0,0.65,,,,,"{'model': ElasticNet(alpha=1.0, copy_X=True, fit_intercept=True, l1_ratio=0.5,
           max_iter=1000, normalize=False, positive=False, precompute=False,
           random_state=None, selection='cyclic', tol=0.0001, warm_start=False), 'model__alpha': 8.980612244897959, 'model__l1_ratio': 0.65, 'model__max_iter': 100000.0}",-45.519004245448016,-18.141520790589244,-37.97678979078923,-102.21015708333253,-50.961867977539754,31.232192313641036,1075
994,0.005623459815979004,0.0009065967574298805,0.001659095287322998,7.483730479005686e-05,"ElasticNet(alpha=1.0, copy_X=True, fit_intercept=True, l1_ratio=0.5,
           max_iter=1000, normalize=False, positive=False, precompute=False,
           random_state=None, selection='cyclic', tol=0.0001, warm_start=False)",8.980612244897959,100000.0,0.7,,,,,"{'model': ElasticNet(alpha=1.0, copy_X=True, fit_intercept=True, l1_ratio=0.5,
           max_iter=1000, normalize=False, positive=False, precompute=False,
           random_state=None, selection='cyclic', tol=0.0001, warm_start=False), 'model__alpha': 8.980612244897959, 'model__l1_ratio': 0.7, 'model__max_iter': 100000.0}",-45.519004245448016,-18.141520790589244,-37.97678979078923,-102.21015708333253,-50.961867977539754,31.232192313641036,1075
995,0.004965364933013916,0.0004984174860057548,0.0015308260917663574,0.00010283421651333497,"ElasticNet(alpha=1.0, copy_X=True, fit_intercept=True, l1_ratio=0.5,
           max_iter=1000, normalize=False, positive=False, precompute=False,
           random_state=None, selection='cyclic', tol=0.0001, warm_start=False)",8.980612244897959,100000.0,0.75,,,,,"{'model': ElasticNet(alpha=1.0, copy_X=True, fit_intercept=True, l1_ratio=0.5,
           max_iter=1000, normalize=False, positive=False, precompute=False,
           random_state=None, selection='cyclic', tol=0.0001, warm_start=False), 'model__alpha': 8.980612244897959, 'model__l1_ratio': 0.75, 'model__max_iter': 100000.0}",-45.519004245448016,-18.141520790589244,-37.97678979078923,-102.21015708333253,-50.961867977539754,31.232192313641036,1075
996,0.0052484869956970215,0.0006036084272448697,0.0014462471008300781,0.0003034742143767957,"ElasticNet(alpha=1.0, copy_X=True, fit_intercept=True, l1_ratio=0.5,
           max_iter=1000, normalize=False, positive=False, precompute=False,
           random_state=None, selection='cyclic', tol=0.0001, warm_start=False)",8.980612244897959,100000.0,0.7999999999999999,,,,,"{'model': ElasticNet(alpha=1.0, copy_X=True, fit_intercept=True, l1_ratio=0.5,
           max_iter=1000, normalize=False, positive=False, precompute=False,
           random_state=None, selection='cyclic', tol=0.0001, warm_start=False), 'model__alpha': 8.980612244897959, 'model__l1_ratio': 0.7999999999999999, 'model__max_iter': 100000.0}",-45.519004245448016,-18.141520790589244,-37.97678979078923,-102.21015708333253,-50.961867977539754,31.232192313641036,1075
997,0.004909992218017578,0.000233994262260863,0.0017856955528259277,0.00020684308669861583,"ElasticNet(alpha=1.0, copy_X=True, fit_intercept=True, l1_ratio=0.5,
           max_iter=1000, normalize=False, positive=False, precompute=False,
           random_state=None, selection='cyclic', tol=0.0001, warm_start=False)",8.980612244897959,100000.0,0.85,,,,,"{'model': ElasticNet(alpha=1.0, copy_X=True, fit_intercept=True, l1_ratio=0.5,
           max_iter=1000, normalize=False, positive=False, precompute=False,
           random_state=None, selection='cyclic', tol=0.0001, warm_start=False), 'model__alpha': 8.980612244897959, 'model__l1_ratio': 0.85, 'model__max_iter': 100000.0}",-45.519004245448016,-18.141520790589244,-37.97678979078923,-102.21015708333253,-50.961867977539754,31.232192313641036,1075
998,0.005562484264373779,0.0014132202136548692,0.001386404037475586,0.00027864742403246504,"ElasticNet(alpha=1.0, copy_X=True, fit_intercept=True, l1_ratio=0.5,
           max_iter=1000, normalize=False, positive=False, precompute=False,
           random_state=None, selection='cyclic', tol=0.0001, warm_start=False)",8.980612244897959,100000.0,0.9,,,,,"{'model': ElasticNet(alpha=1.0, copy_X=True, fit_intercept=True, l1_ratio=0.5,
           max_iter=1000, normalize=False, positive=False, precompute=False,
           random_state=None, selection='cyclic', tol=0.0001, warm_start=False), 'model__alpha': 8.980612244897959, 'model__l1_ratio': 0.9, 'model__max_iter': 100000.0}",-45.519004245448016,-18.141520790589244,-37.97678979078923,-102.21015708333253,-50.961867977539754,31.232192313641036,1075
999,0.004688918590545654,0.00016944193672608395,0.0015783309936523438,6.980413930956002e-05,"ElasticNet(alpha=1.0, copy_X=True, fit_intercept=True, l1_ratio=0.5,
           max_iter=1000, normalize=False, positive=False, precompute=False,
           random_state=None, selection='cyclic', tol=0.0001, warm_start=False)",8.980612244897959,100000.0,0.95,,,,,"{'model': ElasticNet(alpha=1.0, copy_X=True, fit_intercept=True, l1_ratio=0.5,
           max_iter=1000, normalize=False, positive=False, precompute=False,
           random_state=None, selection='cyclic', tol=0.0001, warm_start=False), 'model__alpha': 8.980612244897959, 'model__l1_ratio': 0.95, 'model__max_iter': 100000.0}",-45.519004245448016,-18.141520790589244,-37.97678979078923,-102.21015708333253,-50.961867977539754,31.232192313641036,1075
1000,0.005045413970947266,0.0009982615801791739,0.0014777183532714844,0.0004327421672596968,"ElasticNet(alpha=1.0, copy_X=True, fit_intercept=True, l1_ratio=0.5,
           max_iter=1000, normalize=False, positive=False, precompute=False,
           random_state=None, selection='cyclic', tol=0.0001, warm_start=False)",8.980612244897959,100000.0,1.0,,,,,"{'model': ElasticNet(alpha=1.0, copy_X=True, fit_intercept=True, l1_ratio=0.5,
           max_iter=1000, normalize=False, positive=False, precompute=False,
           random_state=None, selection='cyclic', tol=0.0001, warm_start=False), 'model__alpha': 8.980612244897959, 'model__l1_ratio': 1.0, 'model__max_iter': 100000.0}",-45.519004245448016,-18.141520790589244,-37.97678979078923,-102.21015708333253,-50.961867977539754,31.232192313641036,1075
1001,0.005310416221618652,0.0003127728504030984,0.0016497373580932617,0.0004259530746012264,"ElasticNet(alpha=1.0, copy_X=True, fit_intercept=True, l1_ratio=0.5,
           max_iter=1000, normalize=False, positive=False, precompute=False,
           random_state=None, selection='cyclic', tol=0.0001, warm_start=False)",9.184489795918367,100000.0,0.05,,,,,"{'model': ElasticNet(alpha=1.0, copy_X=True, fit_intercept=True, l1_ratio=0.5,
           max_iter=1000, normalize=False, positive=False, precompute=False,
           random_state=None, selection='cyclic', tol=0.0001, warm_start=False), 'model__alpha': 9.184489795918367, 'model__l1_ratio': 0.05, 'model__max_iter': 100000.0}",-31.726271796366312,-12.353316007181606,-22.64226038481746,-70.2821179682103,-34.250991539143925,21.9025518732605,564
1002,0.004853188991546631,0.0003024294508073098,0.0017287731170654297,0.00019229844079460083,"ElasticNet(alpha=1.0, copy_X=True, fit_intercept=True, l1_ratio=0.5,
           max_iter=1000, normalize=False, positive=False, precompute=False,
           random_state=None, selection='cyclic', tol=0.0001, warm_start=False)",9.184489795918367,100000.0,0.1,,,,,"{'model': ElasticNet(alpha=1.0, copy_X=True, fit_intercept=True, l1_ratio=0.5,
           max_iter=1000, normalize=False, positive=False, precompute=False,
           random_state=None, selection='cyclic', tol=0.0001, warm_start=False), 'model__alpha': 9.184489795918367, 'model__l1_ratio': 0.1, 'model__max_iter': 100000.0}",-34.46921242647197,-13.81228222969021,-24.40463370358446,-79.89011891644721,-38.14406181904846,25.184544785257234,633
1003,0.004723966121673584,0.0002751797853225189,0.0015622377395629883,0.00010045552585286804,"ElasticNet(alpha=1.0, copy_X=True, fit_intercept=True, l1_ratio=0.5,
           max_iter=1000, normalize=False, positive=False, precompute=False,
           random_state=None, selection='cyclic', tol=0.0001, warm_start=False)",9.184489795918367,100000.0,0.15,,,,,"{'model': ElasticNet(alpha=1.0, copy_X=True, fit_intercept=True, l1_ratio=0.5,
           max_iter=1000, normalize=False, positive=False, precompute=False,
           random_state=None, selection='cyclic', tol=0.0001, warm_start=False), 'model__alpha': 9.184489795918367, 'model__l1_ratio': 0.15, 'model__max_iter': 100000.0}",-37.33231458415046,-15.40522299386076,-26.41158051878593,-90.163522311187,-42.32816010199603,28.685198266178762,690
1004,0.005253016948699951,0.0008203551525607491,0.0016236305236816406,0.00013835520738275179,"ElasticNet(alpha=1.0, copy_X=True, fit_intercept=True, l1_ratio=0.5,
           max_iter=1000, normalize=False, positive=False, precompute=False,
           random_state=None, selection='cyclic', tol=0.0001, warm_start=False)",9.184489795918367,100000.0,0.2,,,,,"{'model': ElasticNet(alpha=1.0, copy_X=True, fit_intercept=True, l1_ratio=0.5,
           max_iter=1000, normalize=False, positive=False, precompute=False,
           random_state=None, selection='cyclic', tol=0.0001, warm_start=False), 'model__alpha': 9.184489795918367, 'model__l1_ratio': 0.2, 'model__max_iter': 100000.0}",-39.58696634742845,-16.768757154521897,-28.840743367465794,-101.05146816815969,-46.561983759393954,32.47858329572007,755
1005,0.005312323570251465,0.00048687973727712,0.001615285873413086,0.0001668109862557453,"ElasticNet(alpha=1.0, copy_X=True, fit_intercept=True, l1_ratio=0.5,
           max_iter=1000, normalize=False, positive=False, precompute=False,
           random_state=None, selection='cyclic', tol=0.0001, warm_start=False)",9.184489795918367,100000.0,0.25,,,,,"{'model': ElasticNet(alpha=1.0, copy_X=True, fit_intercept=True, l1_ratio=0.5,
           max_iter=1000, normalize=False, positive=False, precompute=False,
           random_state=None, selection='cyclic', tol=0.0001, warm_start=False), 'model__alpha': 9.184489795918367, 'model__l1_ratio': 0.25, 'model__max_iter': 100000.0}",-40.68097565223104,-17.170599050793477,-30.706147807356892,-103.68504939066163,-48.060692975260764,33.180971184711424,851
1006,0.004989326000213623,0.0001337385185900468,0.001600503921508789,7.947335640434177e-05,"ElasticNet(alpha=1.0, copy_X=True, fit_intercept=True, l1_ratio=0.5,
           max_iter=1000, normalize=False, positive=False, precompute=False,
           random_state=None, selection='cyclic', tol=0.0001, warm_start=False)",9.184489795918367,100000.0,0.3,,,,,"{'model': ElasticNet(alpha=1.0, copy_X=True, fit_intercept=True, l1_ratio=0.5,
           max_iter=1000, normalize=False, positive=False, precompute=False,
           random_state=None, selection='cyclic', tol=0.0001, warm_start=False), 'model__alpha': 9.184489795918367, 'model__l1_ratio': 0.3, 'model__max_iter': 100000.0}",-41.79267057409163,-17.4844347590365,-32.46824956024552,-103.48300507278674,-48.807089991540096,32.73654000955646,922
1007,0.005114555358886719,0.001316782801384827,0.0014876723289489746,0.0003803937002041424,"ElasticNet(alpha=1.0, copy_X=True, fit_intercept=True, l1_ratio=0.5,
           max_iter=1000, normalize=False, positive=False, precompute=False,
           random_state=None, selection='cyclic', tol=0.0001, warm_start=False)",9.184489795918367,100000.0,0.35,,,,,"{'model': ElasticNet(alpha=1.0, copy_X=True, fit_intercept=True, l1_ratio=0.5,
           max_iter=1000, normalize=False, positive=False, precompute=False,
           random_state=None, selection='cyclic', tol=0.0001, warm_start=False), 'model__alpha': 9.184489795918367, 'model__l1_ratio': 0.35, 'model__max_iter': 100000.0}",-42.76299264829391,-17.62421041374499,-34.04926496118607,-102.82746137653854,-49.315982349940874,32.1864145639424,961
1008,0.005608797073364258,5.3910811389216575e-05,0.001634061336517334,0.0002131395674290317,"ElasticNet(alpha=1.0, copy_X=True, fit_intercept=True, l1_ratio=0.5,
           max_iter=1000, normalize=False, positive=False, precompute=False,
           random_state=None, selection='cyclic', tol=0.0001, warm_start=False)",9.184489795918367,100000.0,0.39999999999999997,,,,,"{'model': ElasticNet(alpha=1.0, copy_X=True, fit_intercept=True, l1_ratio=0.5,
           max_iter=1000, normalize=False, positive=False, precompute=False,
           random_state=None, selection='cyclic', tol=0.0001, warm_start=False), 'model__alpha': 9.184489795918367, 'model__l1_ratio': 0.39999999999999997, 'model__max_iter': 100000.0}",-43.85779994613607,-17.78822192294787,-35.42532834827439,-102.21015708333253,-49.820376825172715,31.676165199046245,990
1009,0.004582822322845459,0.00010701547130881071,0.001664280891418457,0.00012741521395048802,"ElasticNet(alpha=1.0, copy_X=True, fit_intercept=True, l1_ratio=0.5,
           max_iter=1000, normalize=False, positive=False, precompute=False,
           random_state=None, selection='cyclic', tol=0.0001, warm_start=False)",9.184489795918367,100000.0,0.44999999999999996,,,,,"{'model': ElasticNet(alpha=1.0, copy_X=True, fit_intercept=True, l1_ratio=0.5,
           max_iter=1000, normalize=False, positive=False, precompute=False,
           random_state=None, selection='cyclic', tol=0.0001, warm_start=False), 'model__alpha': 9.184489795918367, 'model__l1_ratio': 0.44999999999999996, 'model__max_iter': 100000.0}",-44.97003240853182,-18.008563766083,-36.65876925694767,-102.21015708333253,-50.46188062872376,31.43162488571367,1027
1010,0.004938185214996338,0.0009462536108752462,0.0014342069625854492,0.00026138074138311036,"ElasticNet(alpha=1.0, copy_X=True, fit_intercept=True, l1_ratio=0.5,
           max_iter=1000, normalize=False, positive=False, precompute=False,
           random_state=None, selection='cyclic', tol=0.0001, warm_start=False)",9.184489795918367,100000.0,0.49999999999999994,,,,,"{'model': ElasticNet(alpha=1.0, copy_X=True, fit_intercept=True, l1_ratio=0.5,
           max_iter=1000, normalize=False, positive=False, precompute=False,
           random_state=None, selection='cyclic', tol=0.0001, warm_start=False), 'model__alpha': 9.184489795918367, 'model__l1_ratio': 0.49999999999999994, 'model__max_iter': 100000.0}",-45.519004245448016,-18.19223190426496,-37.53623484025952,-102.21015708333253,-50.86440701832626,31.265278588373658,1062
1011,0.006226062774658203,0.0022422944971086005,0.0020383596420288086,0.0010464571614876308,"ElasticNet(alpha=1.0, copy_X=True, fit_intercept=True, l1_ratio=0.5,
           max_iter=1000, normalize=False, positive=False, precompute=False,
           random_state=None, selection='cyclic', tol=0.0001, warm_start=False)",9.184489795918367,100000.0,0.5499999999999999,,,,,"{'model': ElasticNet(alpha=1.0, copy_X=True, fit_intercept=True, l1_ratio=0.5,
           max_iter=1000, normalize=False, positive=False, precompute=False,
           random_state=None, selection='cyclic', tol=0.0001, warm_start=False), 'model__alpha': 9.184489795918367, 'model__l1_ratio': 0.5499999999999999, 'model__max_iter': 100000.0}",-45.519004245448016,-18.141520790589244,-37.97678979078923,-102.21015708333253,-50.961867977539754,31.232192313641036,1075
1012,0.005232810974121094,0.0005214505117738617,0.001608729362487793,0.0003252293565166105,"ElasticNet(alpha=1.0, copy_X=True, fit_intercept=True, l1_ratio=0.5,
           max_iter=1000, normalize=False, positive=False, precompute=False,
           random_state=None, selection='cyclic', tol=0.0001, warm_start=False)",9.184489795918367,100000.0,0.6,,,,,"{'model': ElasticNet(alpha=1.0, copy_X=True, fit_intercept=True, l1_ratio=0.5,
           max_iter=1000, normalize=False, positive=False, precompute=False,
           random_state=None, selection='cyclic', tol=0.0001, warm_start=False), 'model__alpha': 9.184489795918367, 'model__l1_ratio': 0.6, 'model__max_iter': 100000.0}",-45.519004245448016,-18.141520790589244,-37.97678979078923,-102.21015708333253,-50.961867977539754,31.232192313641036,1075
1013,0.0047934651374816895,0.00035312807386904984,0.0015590190887451172,8.971526714402851e-05,"ElasticNet(alpha=1.0, copy_X=True, fit_intercept=True, l1_ratio=0.5,
           max_iter=1000, normalize=False, positive=False, precompute=False,
           random_state=None, selection='cyclic', tol=0.0001, warm_start=False)",9.184489795918367,100000.0,0.65,,,,,"{'model': ElasticNet(alpha=1.0, copy_X=True, fit_intercept=True, l1_ratio=0.5,
           max_iter=1000, normalize=False, positive=False, precompute=False,
           random_state=None, selection='cyclic', tol=0.0001, warm_start=False), 'model__alpha': 9.184489795918367, 'model__l1_ratio': 0.65, 'model__max_iter': 100000.0}",-45.519004245448016,-18.141520790589244,-37.97678979078923,-102.21015708333253,-50.961867977539754,31.232192313641036,1075
1014,0.004433691501617432,0.0012946670695529905,0.001387476921081543,0.0003282342660377437,"ElasticNet(alpha=1.0, copy_X=True, fit_intercept=True, l1_ratio=0.5,
           max_iter=1000, normalize=False, positive=False, precompute=False,
           random_state=None, selection='cyclic', tol=0.0001, warm_start=False)",9.184489795918367,100000.0,0.7,,,,,"{'model': ElasticNet(alpha=1.0, copy_X=True, fit_intercept=True, l1_ratio=0.5,
           max_iter=1000, normalize=False, positive=False, precompute=False,
           random_state=None, selection='cyclic', tol=0.0001, warm_start=False), 'model__alpha': 9.184489795918367, 'model__l1_ratio': 0.7, 'model__max_iter': 100000.0}",-45.519004245448016,-18.141520790589244,-37.97678979078923,-102.21015708333253,-50.961867977539754,31.232192313641036,1075
1015,0.00576627254486084,0.0016369646755478417,0.0016132593154907227,0.00019287167853716805,"ElasticNet(alpha=1.0, copy_X=True, fit_intercept=True, l1_ratio=0.5,
           max_iter=1000, normalize=False, positive=False, precompute=False,
           random_state=None, selection='cyclic', tol=0.0001, warm_start=False)",9.184489795918367,100000.0,0.75,,,,,"{'model': ElasticNet(alpha=1.0, copy_X=True, fit_intercept=True, l1_ratio=0.5,
           max_iter=1000, normalize=False, positive=False, precompute=False,
           random_state=None, selection='cyclic', tol=0.0001, warm_start=False), 'model__alpha': 9.184489795918367, 'model__l1_ratio': 0.75, 'model__max_iter': 100000.0}",-45.519004245448016,-18.141520790589244,-37.97678979078923,-102.21015708333253,-50.961867977539754,31.232192313641036,1075
1016,0.004972517490386963,0.0003275660170269731,0.0015652179718017578,0.00013918673676216112,"ElasticNet(alpha=1.0, copy_X=True, fit_intercept=True, l1_ratio=0.5,
           max_iter=1000, normalize=False, positive=False, precompute=False,
           random_state=None, selection='cyclic', tol=0.0001, warm_start=False)",9.184489795918367,100000.0,0.7999999999999999,,,,,"{'model': ElasticNet(alpha=1.0, copy_X=True, fit_intercept=True, l1_ratio=0.5,
           max_iter=1000, normalize=False, positive=False, precompute=False,
           random_state=None, selection='cyclic', tol=0.0001, warm_start=False), 'model__alpha': 9.184489795918367, 'model__l1_ratio': 0.7999999999999999, 'model__max_iter': 100000.0}",-45.519004245448016,-18.141520790589244,-37.97678979078923,-102.21015708333253,-50.961867977539754,31.232192313641036,1075
1017,0.004903972148895264,0.00025502795093645616,0.001631617546081543,0.00013353968065986648,"ElasticNet(alpha=1.0, copy_X=True, fit_intercept=True, l1_ratio=0.5,
           max_iter=1000, normalize=False, positive=False, precompute=False,
           random_state=None, selection='cyclic', tol=0.0001, warm_start=False)",9.184489795918367,100000.0,0.85,,,,,"{'model': ElasticNet(alpha=1.0, copy_X=True, fit_intercept=True, l1_ratio=0.5,
           max_iter=1000, normalize=False, positive=False, precompute=False,
           random_state=None, selection='cyclic', tol=0.0001, warm_start=False), 'model__alpha': 9.184489795918367, 'model__l1_ratio': 0.85, 'model__max_iter': 100000.0}",-45.519004245448016,-18.141520790589244,-37.97678979078923,-102.21015708333253,-50.961867977539754,31.232192313641036,1075
1018,0.005070745944976807,0.0004014304945668492,0.0015178322792053223,0.00014913328686741052,"ElasticNet(alpha=1.0, copy_X=True, fit_intercept=True, l1_ratio=0.5,
           max_iter=1000, normalize=False, positive=False, precompute=False,
           random_state=None, selection='cyclic', tol=0.0001, warm_start=False)",9.184489795918367,100000.0,0.9,,,,,"{'model': ElasticNet(alpha=1.0, copy_X=True, fit_intercept=True, l1_ratio=0.5,
           max_iter=1000, normalize=False, positive=False, precompute=False,
           random_state=None, selection='cyclic', tol=0.0001, warm_start=False), 'model__alpha': 9.184489795918367, 'model__l1_ratio': 0.9, 'model__max_iter': 100000.0}",-45.519004245448016,-18.141520790589244,-37.97678979078923,-102.21015708333253,-50.961867977539754,31.232192313641036,1075
1019,0.0064675211906433105,0.0021909966380739146,0.0016856789588928223,3.35524387633732e-05,"ElasticNet(alpha=1.0, copy_X=True, fit_intercept=True, l1_ratio=0.5,
           max_iter=1000, normalize=False, positive=False, precompute=False,
           random_state=None, selection='cyclic', tol=0.0001, warm_start=False)",9.184489795918367,100000.0,0.95,,,,,"{'model': ElasticNet(alpha=1.0, copy_X=True, fit_intercept=True, l1_ratio=0.5,
           max_iter=1000, normalize=False, positive=False, precompute=False,
           random_state=None, selection='cyclic', tol=0.0001, warm_start=False), 'model__alpha': 9.184489795918367, 'model__l1_ratio': 0.95, 'model__max_iter': 100000.0}",-45.519004245448016,-18.141520790589244,-37.97678979078923,-102.21015708333253,-50.961867977539754,31.232192313641036,1075
1020,0.004425168037414551,0.0006062664636890941,0.001482546329498291,0.0003072638978720245,"ElasticNet(alpha=1.0, copy_X=True, fit_intercept=True, l1_ratio=0.5,
           max_iter=1000, normalize=False, positive=False, precompute=False,
           random_state=None, selection='cyclic', tol=0.0001, warm_start=False)",9.184489795918367,100000.0,1.0,,,,,"{'model': ElasticNet(alpha=1.0, copy_X=True, fit_intercept=True, l1_ratio=0.5,
           max_iter=1000, normalize=False, positive=False, precompute=False,
           random_state=None, selection='cyclic', tol=0.0001, warm_start=False), 'model__alpha': 9.184489795918367, 'model__l1_ratio': 1.0, 'model__max_iter': 100000.0}",-45.519004245448016,-18.141520790589244,-37.97678979078923,-102.21015708333253,-50.961867977539754,31.232192313641036,1075
1021,0.005432009696960449,0.0014459244225129486,0.0014592409133911133,0.00024770809764648543,"ElasticNet(alpha=1.0, copy_X=True, fit_intercept=True, l1_ratio=0.5,
           max_iter=1000, normalize=False, positive=False, precompute=False,
           random_state=None, selection='cyclic', tol=0.0001, warm_start=False)",9.388367346938775,100000.0,0.05,,,,,"{'model': ElasticNet(alpha=1.0, copy_X=True, fit_intercept=True, l1_ratio=0.5,
           max_iter=1000, normalize=False, positive=False, precompute=False,
           random_state=None, selection='cyclic', tol=0.0001, warm_start=False), 'model__alpha': 9.388367346938775, 'model__l1_ratio': 0.05, 'model__max_iter': 100000.0}",-31.96862589025194,-12.470178575882597,-22.871009739989976,-70.9664224276716,-34.56905915844903,22.117499798425115,577
1022,0.004424929618835449,0.0007019922507323058,0.0015505552291870117,0.0003155561765739194,"ElasticNet(alpha=1.0, copy_X=True, fit_intercept=True, l1_ratio=0.5,
           max_iter=1000, normalize=False, positive=False, precompute=False,
           random_state=None, selection='cyclic', tol=0.0001, warm_start=False)",9.388367346938775,100000.0,0.1,,,,,"{'model': ElasticNet(alpha=1.0, copy_X=True, fit_intercept=True, l1_ratio=0.5,
           max_iter=1000, normalize=False, positive=False, precompute=False,
           random_state=None, selection='cyclic', tol=0.0001, warm_start=False), 'model__alpha': 9.388367346938775, 'model__l1_ratio': 0.1, 'model__max_iter': 100000.0}",-34.74396748777334,-13.951763074483672,-24.66660004734222,-80.71504615749112,-38.51934419177259,25.446980645660418,639
1023,0.004947304725646973,0.0003059105251806068,0.0016820430755615234,0.0001237347635108999,"ElasticNet(alpha=1.0, copy_X=True, fit_intercept=True, l1_ratio=0.5,
           max_iter=1000, normalize=False, positive=False, precompute=False,
           random_state=None, selection='cyclic', tol=0.0001, warm_start=False)",9.388367346938775,100000.0,0.15,,,,,"{'model': ElasticNet(alpha=1.0, copy_X=True, fit_intercept=True, l1_ratio=0.5,
           max_iter=1000, normalize=False, positive=False, precompute=False,
           random_state=None, selection='cyclic', tol=0.0001, warm_start=False), 'model__alpha': 9.388367346938775, 'model__l1_ratio': 0.15, 'model__max_iter': 100000.0}",-37.63494159610608,-15.569973316066186,-26.72078433524376,-91.05347602517926,-42.74479381814882,28.96152238548423,696
1024,0.005843102931976318,0.002298235750258957,0.0016404986381530762,0.00015571921919837168,"ElasticNet(alpha=1.0, copy_X=True, fit_intercept=True, l1_ratio=0.5,
           max_iter=1000, normalize=False, positive=False, precompute=False,
           random_state=None, selection='cyclic', tol=0.0001, warm_start=False)",9.388367346938775,100000.0,0.2,,,,,"{'model': ElasticNet(alpha=1.0, copy_X=True, fit_intercept=True, l1_ratio=0.5,
           max_iter=1000, normalize=False, positive=False, precompute=False,
           random_state=None, selection='cyclic', tol=0.0001, warm_start=False), 'model__alpha': 9.388367346938775, 'model__l1_ratio': 0.2, 'model__max_iter': 100000.0}",-39.770731483243374,-16.858627883099683,-29.182838550352862,-101.94754094886433,-46.939934716390056,32.77740724749884,767
1025,0.004463553428649902,0.000915101420711536,0.0014472603797912598,0.000354422324398891,"ElasticNet(alpha=1.0, copy_X=True, fit_intercept=True, l1_ratio=0.5,
           max_iter=1000, normalize=False, positive=False, precompute=False,
           random_state=None, selection='cyclic', tol=0.0001, warm_start=False)",9.388367346938775,100000.0,0.25,,,,,"{'model': ElasticNet(alpha=1.0, copy_X=True, fit_intercept=True, l1_ratio=0.5,
           max_iter=1000, normalize=False, positive=False, precompute=False,
           random_state=None, selection='cyclic', tol=0.0001, warm_start=False), 'model__alpha': 9.388367346938775, 'model__l1_ratio': 0.25, 'model__max_iter': 100000.0}",-40.886624837200905,-17.224986999083633,-30.988882134831762,-103.63332563268636,-48.183454900950665,33.098383497482665,864
1026,0.005258738994598389,0.00036943750763037135,0.001649022102355957,0.0003501922370885168,"ElasticNet(alpha=1.0, copy_X=True, fit_intercept=True, l1_ratio=0.5,
           max_iter=1000, normalize=False, positive=False, precompute=False,
           random_state=None, selection='cyclic', tol=0.0001, warm_start=False)",9.388367346938775,100000.0,0.3,,,,,"{'model': ElasticNet(alpha=1.0, copy_X=True, fit_intercept=True, l1_ratio=0.5,
           max_iter=1000, normalize=False, positive=False, precompute=False,
           random_state=None, selection='cyclic', tol=0.0001, warm_start=False), 'model__alpha': 9.388367346938775, 'model__l1_ratio': 0.3, 'model__max_iter': 100000.0}",-41.97801649141061,-17.512093810341057,-32.801194148212524,-103.46847394604114,-48.939944599001336,32.6726109571663,931
1027,0.004652142524719238,0.00025851047745838066,0.001557767391204834,8.166617248256066e-05,"ElasticNet(alpha=1.0, copy_X=True, fit_intercept=True, l1_ratio=0.5,
           max_iter=1000, normalize=False, positive=False, precompute=False,
           random_state=None, selection='cyclic', tol=0.0001, warm_start=False)",9.388367346938775,100000.0,0.35,,,,,"{'model': ElasticNet(alpha=1.0, copy_X=True, fit_intercept=True, l1_ratio=0.5,
           max_iter=1000, normalize=False, positive=False, precompute=False,
           random_state=None, selection='cyclic', tol=0.0001, warm_start=False), 'model__alpha': 9.388367346938775, 'model__l1_ratio': 0.35, 'model__max_iter': 100000.0}",-42.97187491542163,-17.65541609118025,-34.32497667593,-102.6699773482299,-49.40556125769045,32.07018120793409,966
1028,0.004672706127166748,0.0004496109605400958,0.0013837218284606934,0.00024219416499480988,"ElasticNet(alpha=1.0, copy_X=True, fit_intercept=True, l1_ratio=0.5,
           max_iter=1000, normalize=False, positive=False, precompute=False,
           random_state=None, selection='cyclic', tol=0.0001, warm_start=False)",9.388367346938775,100000.0,0.39999999999999997,,,,,"{'model': ElasticNet(alpha=1.0, copy_X=True, fit_intercept=True, l1_ratio=0.5,
           max_iter=1000, normalize=False, positive=False, precompute=False,
           random_state=None, selection='cyclic', tol=0.0001, warm_start=False), 'model__alpha': 9.388367346938775, 'model__l1_ratio': 0.39999999999999997, 'model__max_iter': 100000.0}",-44.09454910123319,-17.829680130006913,-35.71410111082809,-102.21015708333253,-49.96212185635018,31.621928710857652,996
1029,0.00512164831161499,0.0007810248293224105,0.0015473365783691406,0.00021491309133296006,"ElasticNet(alpha=1.0, copy_X=True, fit_intercept=True, l1_ratio=0.5,
           max_iter=1000, normalize=False, positive=False, precompute=False,
           random_state=None, selection='cyclic', tol=0.0001, warm_start=False)",9.388367346938775,100000.0,0.44999999999999996,,,,,"{'model': ElasticNet(alpha=1.0, copy_X=True, fit_intercept=True, l1_ratio=0.5,
           max_iter=1000, normalize=False, positive=False, precompute=False,
           random_state=None, selection='cyclic', tol=0.0001, warm_start=False), 'model__alpha': 9.388367346938775, 'model__l1_ratio': 0.44999999999999996, 'model__max_iter': 100000.0}",-45.172965246445784,-18.054479504585707,-36.85368735460788,-102.21015708333253,-50.57282229724298,31.389608477706183,1034
1030,0.005240201950073242,0.000513826554946738,0.00189131498336792,0.0003931052218222242,"ElasticNet(alpha=1.0, copy_X=True, fit_intercept=True, l1_ratio=0.5,
           max_iter=1000, normalize=False, positive=False, precompute=False,
           random_state=None, selection='cyclic', tol=0.0001, warm_start=False)",9.388367346938775,100000.0,0.49999999999999994,,,,,"{'model': ElasticNet(alpha=1.0, copy_X=True, fit_intercept=True, l1_ratio=0.5,
           max_iter=1000, normalize=False, positive=False, precompute=False,
           random_state=None, selection='cyclic', tol=0.0001, warm_start=False), 'model__alpha': 9.388367346938775, 'model__l1_ratio': 0.49999999999999994, 'model__max_iter': 100000.0}",-45.519004245448016,-18.17337072145999,-37.75114487936991,-102.21015708333253,-50.91341923240262,31.24744497491709,1068
1031,0.004890501499176025,0.00038541660746432534,0.0015917420387268066,0.00017286287273942985,"ElasticNet(alpha=1.0, copy_X=True, fit_intercept=True, l1_ratio=0.5,
           max_iter=1000, normalize=False, positive=False, precompute=False,
           random_state=None, selection='cyclic', tol=0.0001, warm_start=False)",9.388367346938775,100000.0,0.5499999999999999,,,,,"{'model': ElasticNet(alpha=1.0, copy_X=True, fit_intercept=True, l1_ratio=0.5,
           max_iter=1000, normalize=False, positive=False, precompute=False,
           random_state=None, selection='cyclic', tol=0.0001, warm_start=False), 'model__alpha': 9.388367346938775, 'model__l1_ratio': 0.5499999999999999, 'model__max_iter': 100000.0}",-45.519004245448016,-18.141520790589244,-37.97678979078923,-102.21015708333253,-50.961867977539754,31.232192313641036,1075
1032,0.004656493663787842,0.0002371441261455693,0.0015537738800048828,9.218185430871283e-05,"ElasticNet(alpha=1.0, copy_X=True, fit_intercept=True, l1_ratio=0.5,
           max_iter=1000, normalize=False, positive=False, precompute=False,
           random_state=None, selection='cyclic', tol=0.0001, warm_start=False)",9.388367346938775,100000.0,0.6,,,,,"{'model': ElasticNet(alpha=1.0, copy_X=True, fit_intercept=True, l1_ratio=0.5,
           max_iter=1000, normalize=False, positive=False, precompute=False,
           random_state=None, selection='cyclic', tol=0.0001, warm_start=False), 'model__alpha': 9.388367346938775, 'model__l1_ratio': 0.6, 'model__max_iter': 100000.0}",-45.519004245448016,-18.141520790589244,-37.97678979078923,-102.21015708333253,-50.961867977539754,31.232192313641036,1075
1033,0.004216551780700684,0.0006116048022889173,0.0013933777809143066,0.00026439450742675165,"ElasticNet(alpha=1.0, copy_X=True, fit_intercept=True, l1_ratio=0.5,
           max_iter=1000, normalize=False, positive=False, precompute=False,
           random_state=None, selection='cyclic', tol=0.0001, warm_start=False)",9.388367346938775,100000.0,0.65,,,,,"{'model': ElasticNet(alpha=1.0, copy_X=True, fit_intercept=True, l1_ratio=0.5,
           max_iter=1000, normalize=False, positive=False, precompute=False,
           random_state=None, selection='cyclic', tol=0.0001, warm_start=False), 'model__alpha': 9.388367346938775, 'model__l1_ratio': 0.65, 'model__max_iter': 100000.0}",-45.519004245448016,-18.141520790589244,-37.97678979078923,-102.21015708333253,-50.961867977539754,31.232192313641036,1075
1034,0.005944430828094482,0.001669407004724053,0.0016317367553710938,0.00014426639071607564,"ElasticNet(alpha=1.0, copy_X=True, fit_intercept=True, l1_ratio=0.5,
           max_iter=1000, normalize=False, positive=False, precompute=False,
           random_state=None, selection='cyclic', tol=0.0001, warm_start=False)",9.388367346938775,100000.0,0.7,,,,,"{'model': ElasticNet(alpha=1.0, copy_X=True, fit_intercept=True, l1_ratio=0.5,
           max_iter=1000, normalize=False, positive=False, precompute=False,
           random_state=None, selection='cyclic', tol=0.0001, warm_start=False), 'model__alpha': 9.388367346938775, 'model__l1_ratio': 0.7, 'model__max_iter': 100000.0}",-45.519004245448016,-18.141520790589244,-37.97678979078923,-102.21015708333253,-50.961867977539754,31.232192313641036,1075
1035,0.004533231258392334,0.00012616729322822471,0.0014755725860595703,2.9662280068076642e-05,"ElasticNet(alpha=1.0, copy_X=True, fit_intercept=True, l1_ratio=0.5,
           max_iter=1000, normalize=False, positive=False, precompute=False,
           random_state=None, selection='cyclic', tol=0.0001, warm_start=False)",9.388367346938775,100000.0,0.75,,,,,"{'model': ElasticNet(alpha=1.0, copy_X=True, fit_intercept=True, l1_ratio=0.5,
           max_iter=1000, normalize=False, positive=False, precompute=False,
           random_state=None, selection='cyclic', tol=0.0001, warm_start=False), 'model__alpha': 9.388367346938775, 'model__l1_ratio': 0.75, 'model__max_iter': 100000.0}",-45.519004245448016,-18.141520790589244,-37.97678979078923,-102.21015708333253,-50.961867977539754,31.232192313641036,1075
1036,0.004708766937255859,0.00018957028399214668,0.0014117956161499023,0.00031748244927137727,"ElasticNet(alpha=1.0, copy_X=True, fit_intercept=True, l1_ratio=0.5,
           max_iter=1000, normalize=False, positive=False, precompute=False,
           random_state=None, selection='cyclic', tol=0.0001, warm_start=False)",9.388367346938775,100000.0,0.7999999999999999,,,,,"{'model': ElasticNet(alpha=1.0, copy_X=True, fit_intercept=True, l1_ratio=0.5,
           max_iter=1000, normalize=False, positive=False, precompute=False,
           random_state=None, selection='cyclic', tol=0.0001, warm_start=False), 'model__alpha': 9.388367346938775, 'model__l1_ratio': 0.7999999999999999, 'model__max_iter': 100000.0}",-45.519004245448016,-18.141520790589244,-37.97678979078923,-102.21015708333253,-50.961867977539754,31.232192313641036,1075
1037,0.004935026168823242,0.00030985110977101767,0.0016564726829528809,0.0002136587917036498,"ElasticNet(alpha=1.0, copy_X=True, fit_intercept=True, l1_ratio=0.5,
           max_iter=1000, normalize=False, positive=False, precompute=False,
           random_state=None, selection='cyclic', tol=0.0001, warm_start=False)",9.388367346938775,100000.0,0.85,,,,,"{'model': ElasticNet(alpha=1.0, copy_X=True, fit_intercept=True, l1_ratio=0.5,
           max_iter=1000, normalize=False, positive=False, precompute=False,
           random_state=None, selection='cyclic', tol=0.0001, warm_start=False), 'model__alpha': 9.388367346938775, 'model__l1_ratio': 0.85, 'model__max_iter': 100000.0}",-45.519004245448016,-18.141520790589244,-37.97678979078923,-102.21015708333253,-50.961867977539754,31.232192313641036,1075
1038,0.005013406276702881,0.0003504847333494698,0.0015240907669067383,0.00013488787913269469,"ElasticNet(alpha=1.0, copy_X=True, fit_intercept=True, l1_ratio=0.5,
           max_iter=1000, normalize=False, positive=False, precompute=False,
           random_state=None, selection='cyclic', tol=0.0001, warm_start=False)",9.388367346938775,100000.0,0.9,,,,,"{'model': ElasticNet(alpha=1.0, copy_X=True, fit_intercept=True, l1_ratio=0.5,
           max_iter=1000, normalize=False, positive=False, precompute=False,
           random_state=None, selection='cyclic', tol=0.0001, warm_start=False), 'model__alpha': 9.388367346938775, 'model__l1_ratio': 0.9, 'model__max_iter': 100000.0}",-45.519004245448016,-18.141520790589244,-37.97678979078923,-102.21015708333253,-50.961867977539754,31.232192313641036,1075
1039,0.004287660121917725,0.0005808706826880522,0.001434326171875,4.689184950589181e-05,"ElasticNet(alpha=1.0, copy_X=True, fit_intercept=True, l1_ratio=0.5,
           max_iter=1000, normalize=False, positive=False, precompute=False,
           random_state=None, selection='cyclic', tol=0.0001, warm_start=False)",9.388367346938775,100000.0,0.95,,,,,"{'model': ElasticNet(alpha=1.0, copy_X=True, fit_intercept=True, l1_ratio=0.5,
           max_iter=1000, normalize=False, positive=False, precompute=False,
           random_state=None, selection='cyclic', tol=0.0001, warm_start=False), 'model__alpha': 9.388367346938775, 'model__l1_ratio': 0.95, 'model__max_iter': 100000.0}",-45.519004245448016,-18.141520790589244,-37.97678979078923,-102.21015708333253,-50.961867977539754,31.232192313641036,1075
1040,0.004672348499298096,0.00025348511374779115,0.0014499425888061523,0.00023440617642347616,"ElasticNet(alpha=1.0, copy_X=True, fit_intercept=True, l1_ratio=0.5,
           max_iter=1000, normalize=False, positive=False, precompute=False,
           random_state=None, selection='cyclic', tol=0.0001, warm_start=False)",9.388367346938775,100000.0,1.0,,,,,"{'model': ElasticNet(alpha=1.0, copy_X=True, fit_intercept=True, l1_ratio=0.5,
           max_iter=1000, normalize=False, positive=False, precompute=False,
           random_state=None, selection='cyclic', tol=0.0001, warm_start=False), 'model__alpha': 9.388367346938775, 'model__l1_ratio': 1.0, 'model__max_iter': 100000.0}",-45.519004245448016,-18.141520790589244,-37.97678979078923,-102.21015708333253,-50.961867977539754,31.232192313641036,1075
1041,0.005579829216003418,0.0014337862449739227,0.0016759037971496582,0.0003836802560336053,"ElasticNet(alpha=1.0, copy_X=True, fit_intercept=True, l1_ratio=0.5,
           max_iter=1000, normalize=False, positive=False, precompute=False,
           random_state=None, selection='cyclic', tol=0.0001, warm_start=False)",9.592244897959183,100000.0,0.05,,,,,"{'model': ElasticNet(alpha=1.0, copy_X=True, fit_intercept=True, l1_ratio=0.5,
           max_iter=1000, normalize=False, positive=False, precompute=False,
           random_state=None, selection='cyclic', tol=0.0001, warm_start=False), 'model__alpha': 9.592244897959183, 'model__l1_ratio': 0.05, 'model__max_iter': 100000.0}",-32.20512766950908,-12.584157332011065,-23.09476806038057,-71.6331214203849,-34.8792936205714,22.326795371685318,586
1042,0.004853487014770508,0.00021803336693548942,0.0016127228736877441,0.0001346017395374892,"ElasticNet(alpha=1.0, copy_X=True, fit_intercept=True, l1_ratio=0.5,
           max_iter=1000, normalize=False, positive=False, precompute=False,
           random_state=None, selection='cyclic', tol=0.0001, warm_start=False)",9.592244897959183,100000.0,0.1,,,,,"{'model': ElasticNet(alpha=1.0, copy_X=True, fit_intercept=True, l1_ratio=0.5,
           max_iter=1000, normalize=False, positive=False, precompute=False,
           random_state=None, selection='cyclic', tol=0.0001, warm_start=False), 'model__alpha': 9.592244897959183, 'model__l1_ratio': 0.1, 'model__max_iter': 100000.0}",-35.011086511647264,-14.087928418935553,-24.923060717222594,-81.51947484627183,-38.88538762351931,25.702802172448123,645
1043,0.004363834857940674,0.0005535089340760317,0.001448512077331543,7.634282409023275e-05,"ElasticNet(alpha=1.0, copy_X=True, fit_intercept=True, l1_ratio=0.5,
           max_iter=1000, normalize=False, positive=False, precompute=False,
           random_state=None, selection='cyclic', tol=0.0001, warm_start=False)",9.592244897959183,100000.0,0.15,,,,,"{'model': ElasticNet(alpha=1.0, copy_X=True, fit_intercept=True, l1_ratio=0.5,
           max_iter=1000, normalize=False, positive=False, precompute=False,
           random_state=None, selection='cyclic', tol=0.0001, warm_start=False), 'model__alpha': 9.592244897959183, 'model__l1_ratio': 0.15, 'model__max_iter': 100000.0}",-37.93057944320594,-15.731072234366763,-27.023858324576533,-91.92092449855258,-43.151608625175456,29.230529682997293,700
1044,0.004653453826904297,0.0003627189419781539,0.0014159083366394043,0.0003203079464032601,"ElasticNet(alpha=1.0, copy_X=True, fit_intercept=True, l1_ratio=0.5,
           max_iter=1000, normalize=False, positive=False, precompute=False,
           random_state=None, selection='cyclic', tol=0.0001, warm_start=False)",9.592244897959183,100000.0,0.2,,,,,"{'model': ElasticNet(alpha=1.0, copy_X=True, fit_intercept=True, l1_ratio=0.5,
           max_iter=1000, normalize=False, positive=False, precompute=False,
           random_state=None, selection='cyclic', tol=0.0001, warm_start=False), 'model__alpha': 9.592244897959183, 'model__l1_ratio': 0.2, 'model__max_iter': 100000.0}",-39.95028266645875,-16.93095986755163,-29.495756773161386,-102.60745443592778,-47.24611343577489,32.98556851664322,779
1045,0.005111336708068848,0.00015394461675754482,0.0015283823013305664,0.0004032781551315811,"ElasticNet(alpha=1.0, copy_X=True, fit_intercept=True, l1_ratio=0.5,
           max_iter=1000, normalize=False, positive=False, precompute=False,
           random_state=None, selection='cyclic', tol=0.0001, warm_start=False)",9.592244897959183,100000.0,0.25,,,,,"{'model': ElasticNet(alpha=1.0, copy_X=True, fit_intercept=True, l1_ratio=0.5,
           max_iter=1000, normalize=False, positive=False, precompute=False,
           random_state=None, selection='cyclic', tol=0.0001, warm_start=False), 'model__alpha': 9.592244897959183, 'model__l1_ratio': 0.25, 'model__max_iter': 100000.0}",-41.08774268477469,-17.278006257808148,-31.26727999621012,-103.55918430111372,-48.298053309976666,33.007846553945164,875
1046,0.004703640937805176,0.00026663643350969326,0.0015600323677062988,6.830606472514837e-05,"ElasticNet(alpha=1.0, copy_X=True, fit_intercept=True, l1_ratio=0.5,
           max_iter=1000, normalize=False, positive=False, precompute=False,
           random_state=None, selection='cyclic', tol=0.0001, warm_start=False)",9.592244897959183,100000.0,0.3,,,,,"{'model': ElasticNet(alpha=1.0, copy_X=True, fit_intercept=True, l1_ratio=0.5,
           max_iter=1000, normalize=False, positive=False, precompute=False,
           random_state=None, selection='cyclic', tol=0.0001, warm_start=False), 'model__alpha': 9.592244897959183, 'model__l1_ratio': 0.3, 'model__max_iter': 100000.0}",-42.159700498919804,-17.53928580574813,-33.114729090708096,-103.46156874368876,-49.068821034766195,32.614994984756265,939
1047,0.00460052490234375,0.00043489963664174826,0.0012972354888916016,0.0002537683833665449,"ElasticNet(alpha=1.0, copy_X=True, fit_intercept=True, l1_ratio=0.5,
           max_iter=1000, normalize=False, positive=False, precompute=False,
           random_state=None, selection='cyclic', tol=0.0001, warm_start=False)",9.592244897959183,100000.0,0.35,,,,,"{'model': ElasticNet(alpha=1.0, copy_X=True, fit_intercept=True, l1_ratio=0.5,
           max_iter=1000, normalize=False, positive=False, precompute=False,
           random_state=None, selection='cyclic', tol=0.0001, warm_start=False), 'model__alpha': 9.592244897959183, 'model__l1_ratio': 0.35, 'model__max_iter': 100000.0}",-43.17686572086042,-17.686128600626237,-34.59711612904089,-102.5189083125534,-49.494754690770236,31.957803885753336,969
1048,0.0051056742668151855,0.0007526625579694101,0.0017919540405273438,0.00039084917632166487,"ElasticNet(alpha=1.0, copy_X=True, fit_intercept=True, l1_ratio=0.5,
           max_iter=1000, normalize=False, positive=False, precompute=False,
           random_state=None, selection='cyclic', tol=0.0001, warm_start=False)",9.592244897959183,100000.0,0.39999999999999997,,,,,"{'model': ElasticNet(alpha=1.0, copy_X=True, fit_intercept=True, l1_ratio=0.5,
           max_iter=1000, normalize=False, positive=False, precompute=False,
           random_state=None, selection='cyclic', tol=0.0001, warm_start=False), 'model__alpha': 9.592244897959183, 'model__l1_ratio': 0.39999999999999997, 'model__max_iter': 100000.0}",-44.32717980792427,-17.870331097144568,-36.00542391372782,-102.21015708333253,-50.10327297553229,31.56819013662945,1004
1049,0.004879176616668701,0.00023977687720996382,0.0015639662742614746,0.00014432935813863535,"ElasticNet(alpha=1.0, copy_X=True, fit_intercept=True, l1_ratio=0.5,
           max_iter=1000, normalize=False, positive=False, precompute=False,
           random_state=None, selection='cyclic', tol=0.0001, warm_start=False)",9.592244897959183,100000.0,0.44999999999999996,,,,,"{'model': ElasticNet(alpha=1.0, copy_X=True, fit_intercept=True, l1_ratio=0.5,
           max_iter=1000, normalize=False, positive=False, precompute=False,
           random_state=None, selection='cyclic', tol=0.0001, warm_start=False), 'model__alpha': 9.592244897959183, 'model__l1_ratio': 0.44999999999999996, 'model__max_iter': 100000.0}",-45.33773136056117,-18.09031524307184,-37.04445035609752,-102.21015708333253,-50.67066351076576,31.35248132610885,1041
1050,0.004305779933929443,0.0005260807212667078,0.0013527274131774902,0.0002669207200374026,"ElasticNet(alpha=1.0, copy_X=True, fit_intercept=True, l1_ratio=0.5,
           max_iter=1000, normalize=False, positive=False, precompute=False,
           random_state=None, selection='cyclic', tol=0.0001, warm_start=False)",9.592244897959183,100000.0,0.49999999999999994,,,,,"{'model': ElasticNet(alpha=1.0, copy_X=True, fit_intercept=True, l1_ratio=0.5,
           max_iter=1000, normalize=False, positive=False, precompute=False,
           random_state=None, selection='cyclic', tol=0.0001, warm_start=False), 'model__alpha': 9.592244897959183, 'model__l1_ratio': 0.49999999999999994, 'model__max_iter': 100000.0}",-45.519004245448016,-18.15919723163934,-37.866008441016206,-102.21015708333253,-50.93859175035902,31.239104019683154,1072
1051,0.0050089359283447266,0.0007012920091639548,0.0015328526496887207,0.0002521978597860142,"ElasticNet(alpha=1.0, copy_X=True, fit_intercept=True, l1_ratio=0.5,
           max_iter=1000, normalize=False, positive=False, precompute=False,
           random_state=None, selection='cyclic', tol=0.0001, warm_start=False)",9.592244897959183,100000.0,0.5499999999999999,,,,,"{'model': ElasticNet(alpha=1.0, copy_X=True, fit_intercept=True, l1_ratio=0.5,
           max_iter=1000, normalize=False, positive=False, precompute=False,
           random_state=None, selection='cyclic', tol=0.0001, warm_start=False), 'model__alpha': 9.592244897959183, 'model__l1_ratio': 0.5499999999999999, 'model__max_iter': 100000.0}",-45.519004245448016,-18.141520790589244,-37.97678979078923,-102.21015708333253,-50.961867977539754,31.232192313641036,1075
1052,0.004123032093048096,0.00047042974479446137,0.0012227892875671387,0.0003492092183966867,"ElasticNet(alpha=1.0, copy_X=True, fit_intercept=True, l1_ratio=0.5,
           max_iter=1000, normalize=False, positive=False, precompute=False,
           random_state=None, selection='cyclic', tol=0.0001, warm_start=False)",9.592244897959183,100000.0,0.6,,,,,"{'model': ElasticNet(alpha=1.0, copy_X=True, fit_intercept=True, l1_ratio=0.5,
           max_iter=1000, normalize=False, positive=False, precompute=False,
           random_state=None, selection='cyclic', tol=0.0001, warm_start=False), 'model__alpha': 9.592244897959183, 'model__l1_ratio': 0.6, 'model__max_iter': 100000.0}",-45.519004245448016,-18.141520790589244,-37.97678979078923,-102.21015708333253,-50.961867977539754,31.232192313641036,1075
1053,0.0050046443939208984,0.00030186663923399313,0.0016797780990600586,0.00018342165141105806,"ElasticNet(alpha=1.0, copy_X=True, fit_intercept=True, l1_ratio=0.5,
           max_iter=1000, normalize=False, positive=False, precompute=False,
           random_state=None, selection='cyclic', tol=0.0001, warm_start=False)",9.592244897959183,100000.0,0.65,,,,,"{'model': ElasticNet(alpha=1.0, copy_X=True, fit_intercept=True, l1_ratio=0.5,
           max_iter=1000, normalize=False, positive=False, precompute=False,
           random_state=None, selection='cyclic', tol=0.0001, warm_start=False), 'model__alpha': 9.592244897959183, 'model__l1_ratio': 0.65, 'model__max_iter': 100000.0}",-45.519004245448016,-18.141520790589244,-37.97678979078923,-102.21015708333253,-50.961867977539754,31.232192313641036,1075
1054,0.0038073062896728516,0.001066514848126291,0.0012470483779907227,0.00035524034258532973,"ElasticNet(alpha=1.0, copy_X=True, fit_intercept=True, l1_ratio=0.5,
           max_iter=1000, normalize=False, positive=False, precompute=False,
           random_state=None, selection='cyclic', tol=0.0001, warm_start=False)",9.592244897959183,100000.0,0.7,,,,,"{'model': ElasticNet(alpha=1.0, copy_X=True, fit_intercept=True, l1_ratio=0.5,
           max_iter=1000, normalize=False, positive=False, precompute=False,
           random_state=None, selection='cyclic', tol=0.0001, warm_start=False), 'model__alpha': 9.592244897959183, 'model__l1_ratio': 0.7, 'model__max_iter': 100000.0}",-45.519004245448016,-18.141520790589244,-37.97678979078923,-102.21015708333253,-50.961867977539754,31.232192313641036,1075
1055,0.0046329498291015625,0.0002550222462577423,0.0015424489974975586,9.317081130248974e-05,"ElasticNet(alpha=1.0, copy_X=True, fit_intercept=True, l1_ratio=0.5,
           max_iter=1000, normalize=False, positive=False, precompute=False,
           random_state=None, selection='cyclic', tol=0.0001, warm_start=False)",9.592244897959183,100000.0,0.75,,,,,"{'model': ElasticNet(alpha=1.0, copy_X=True, fit_intercept=True, l1_ratio=0.5,
           max_iter=1000, normalize=False, positive=False, precompute=False,
           random_state=None, selection='cyclic', tol=0.0001, warm_start=False), 'model__alpha': 9.592244897959183, 'model__l1_ratio': 0.75, 'model__max_iter': 100000.0}",-45.519004245448016,-18.141520790589244,-37.97678979078923,-102.21015708333253,-50.961867977539754,31.232192313641036,1075
1056,0.004597783088684082,0.00039460617540429995,0.001515030860900879,0.00031882503875544613,"ElasticNet(alpha=1.0, copy_X=True, fit_intercept=True, l1_ratio=0.5,
           max_iter=1000, normalize=False, positive=False, precompute=False,
           random_state=None, selection='cyclic', tol=0.0001, warm_start=False)",9.592244897959183,100000.0,0.7999999999999999,,,,,"{'model': ElasticNet(alpha=1.0, copy_X=True, fit_intercept=True, l1_ratio=0.5,
           max_iter=1000, normalize=False, positive=False, precompute=False,
           random_state=None, selection='cyclic', tol=0.0001, warm_start=False), 'model__alpha': 9.592244897959183, 'model__l1_ratio': 0.7999999999999999, 'model__max_iter': 100000.0}",-45.519004245448016,-18.141520790589244,-37.97678979078923,-102.21015708333253,-50.961867977539754,31.232192313641036,1075
1057,0.00617295503616333,0.0011892022535925847,0.0015839338302612305,0.00036964955417618676,"ElasticNet(alpha=1.0, copy_X=True, fit_intercept=True, l1_ratio=0.5,
           max_iter=1000, normalize=False, positive=False, precompute=False,
           random_state=None, selection='cyclic', tol=0.0001, warm_start=False)",9.592244897959183,100000.0,0.85,,,,,"{'model': ElasticNet(alpha=1.0, copy_X=True, fit_intercept=True, l1_ratio=0.5,
           max_iter=1000, normalize=False, positive=False, precompute=False,
           random_state=None, selection='cyclic', tol=0.0001, warm_start=False), 'model__alpha': 9.592244897959183, 'model__l1_ratio': 0.85, 'model__max_iter': 100000.0}",-45.519004245448016,-18.141520790589244,-37.97678979078923,-102.21015708333253,-50.961867977539754,31.232192313641036,1075
1058,0.0046901702880859375,0.0007722207555104926,0.0013600587844848633,0.00029942015840050187,"ElasticNet(alpha=1.0, copy_X=True, fit_intercept=True, l1_ratio=0.5,
           max_iter=1000, normalize=False, positive=False, precompute=False,
           random_state=None, selection='cyclic', tol=0.0001, warm_start=False)",9.592244897959183,100000.0,0.9,,,,,"{'model': ElasticNet(alpha=1.0, copy_X=True, fit_intercept=True, l1_ratio=0.5,
           max_iter=1000, normalize=False, positive=False, precompute=False,
           random_state=None, selection='cyclic', tol=0.0001, warm_start=False), 'model__alpha': 9.592244897959183, 'model__l1_ratio': 0.9, 'model__max_iter': 100000.0}",-45.519004245448016,-18.141520790589244,-37.97678979078923,-102.21015708333253,-50.961867977539754,31.232192313641036,1075
1059,0.004540145397186279,0.00022413802614706092,0.001404881477355957,0.00031655804065523096,"ElasticNet(alpha=1.0, copy_X=True, fit_intercept=True, l1_ratio=0.5,
           max_iter=1000, normalize=False, positive=False, precompute=False,
           random_state=None, selection='cyclic', tol=0.0001, warm_start=False)",9.592244897959183,100000.0,0.95,,,,,"{'model': ElasticNet(alpha=1.0, copy_X=True, fit_intercept=True, l1_ratio=0.5,
           max_iter=1000, normalize=False, positive=False, precompute=False,
           random_state=None, selection='cyclic', tol=0.0001, warm_start=False), 'model__alpha': 9.592244897959183, 'model__l1_ratio': 0.95, 'model__max_iter': 100000.0}",-45.519004245448016,-18.141520790589244,-37.97678979078923,-102.21015708333253,-50.961867977539754,31.232192313641036,1075
1060,0.005357503890991211,0.0003050222140853938,0.0016646385192871094,0.0002051187657750406,"ElasticNet(alpha=1.0, copy_X=True, fit_intercept=True, l1_ratio=0.5,
           max_iter=1000, normalize=False, positive=False, precompute=False,
           random_state=None, selection='cyclic', tol=0.0001, warm_start=False)",9.592244897959183,100000.0,1.0,,,,,"{'model': ElasticNet(alpha=1.0, copy_X=True, fit_intercept=True, l1_ratio=0.5,
           max_iter=1000, normalize=False, positive=False, precompute=False,
           random_state=None, selection='cyclic', tol=0.0001, warm_start=False), 'model__alpha': 9.592244897959183, 'model__l1_ratio': 1.0, 'model__max_iter': 100000.0}",-45.519004245448016,-18.141520790589244,-37.97678979078923,-102.21015708333253,-50.961867977539754,31.232192313641036,1075
1061,0.004619240760803223,0.00022786034813228445,0.0015287399291992188,8.96198599064253e-05,"ElasticNet(alpha=1.0, copy_X=True, fit_intercept=True, l1_ratio=0.5,
           max_iter=1000, normalize=False, positive=False, precompute=False,
           random_state=None, selection='cyclic', tol=0.0001, warm_start=False)",9.796122448979592,100000.0,0.05,,,,,"{'model': ElasticNet(alpha=1.0, copy_X=True, fit_intercept=True, l1_ratio=0.5,
           max_iter=1000, normalize=False, positive=False, precompute=False,
           random_state=None, selection='cyclic', tol=0.0001, warm_start=False), 'model__alpha': 9.796122448979592, 'model__l1_ratio': 0.05, 'model__max_iter': 100000.0}",-32.435980411171734,-12.695351480224257,-23.31368590623732,-72.28284673561052,-35.18196613331096,22.53064409397255,592
1062,0.004811346530914307,0.0002764543037760987,0.001488327980041504,2.5710268514304185e-05,"ElasticNet(alpha=1.0, copy_X=True, fit_intercept=True, l1_ratio=0.5,
           max_iter=1000, normalize=False, positive=False, precompute=False,
           random_state=None, selection='cyclic', tol=0.0001, warm_start=False)",9.796122448979592,100000.0,0.1,,,,,"{'model': ElasticNet(alpha=1.0, copy_X=True, fit_intercept=True, l1_ratio=0.5,
           max_iter=1000, normalize=False, positive=False, precompute=False,
           random_state=None, selection='cyclic', tol=0.0001, warm_start=False), 'model__alpha': 9.796122448979592, 'model__l1_ratio': 0.1, 'model__max_iter': 100000.0}",-35.269986028942164,-14.220887280111972,-25.174173546357267,-82.30410698160038,-39.24228845925295,25.952272420827587,651
1063,0.004887759685516357,0.00032564244219497325,0.0015697479248046875,0.00016931555205870196,"ElasticNet(alpha=1.0, copy_X=True, fit_intercept=True, l1_ratio=0.5,
           max_iter=1000, normalize=False, positive=False, precompute=False,
           random_state=None, selection='cyclic', tol=0.0001, warm_start=False)",9.796122448979592,100000.0,0.15,,,,,"{'model': ElasticNet(alpha=1.0, copy_X=True, fit_intercept=True, l1_ratio=0.5,
           max_iter=1000, normalize=False, positive=False, precompute=False,
           random_state=None, selection='cyclic', tol=0.0001, warm_start=False), 'model__alpha': 9.796122448979592, 'model__l1_ratio': 0.15, 'model__max_iter': 100000.0}",-38.21945994202018,-15.888629012146007,-27.32401366549899,-92.76666143117399,-43.549691012709786,29.492068835594377,705
1064,0.005352437496185303,0.0006237310815308703,0.0015120506286621094,0.0003398147731864054,"ElasticNet(alpha=1.0, copy_X=True, fit_intercept=True, l1_ratio=0.5,
           max_iter=1000, normalize=False, positive=False, precompute=False,
           random_state=None, selection='cyclic', tol=0.0001, warm_start=False)",9.796122448979592,100000.0,0.2,,,,,"{'model': ElasticNet(alpha=1.0, copy_X=True, fit_intercept=True, l1_ratio=0.5,
           max_iter=1000, normalize=False, positive=False, precompute=False,
           random_state=None, selection='cyclic', tol=0.0001, warm_start=False), 'model__alpha': 9.796122448979592, 'model__l1_ratio': 0.2, 'model__max_iter': 100000.0}",-40.12576189379951,-16.977144325860895,-29.79554295578896,-102.95712445601652,-47.46389340786647,33.0717377210803,794
1065,0.004739999771118164,0.00024388163816399468,0.0015507340431213379,7.783159360258844e-05,"ElasticNet(alpha=1.0, copy_X=True, fit_intercept=True, l1_ratio=0.5,
           max_iter=1000, normalize=False, positive=False, precompute=False,
           random_state=None, selection='cyclic', tol=0.0001, warm_start=False)",9.796122448979592,100000.0,0.25,,,,,"{'model': ElasticNet(alpha=1.0, copy_X=True, fit_intercept=True, l1_ratio=0.5,
           max_iter=1000, normalize=False, positive=False, precompute=False,
           random_state=None, selection='cyclic', tol=0.0001, warm_start=False), 'model__alpha': 9.796122448979592, 'model__l1_ratio': 0.25, 'model__max_iter': 100000.0}",-41.28447543965477,-17.333238140750442,-31.541405165179164,-103.48788986731172,-48.41175215322403,32.91907372471729,885
1066,0.004381060600280762,0.0006955195176781258,0.0014899969100952148,0.00014970413456078066,"ElasticNet(alpha=1.0, copy_X=True, fit_intercept=True, l1_ratio=0.5,
           max_iter=1000, normalize=False, positive=False, precompute=False,
           random_state=None, selection='cyclic', tol=0.0001, warm_start=False)",9.796122448979592,100000.0,0.3,,,,,"{'model': ElasticNet(alpha=1.0, copy_X=True, fit_intercept=True, l1_ratio=0.5,
           max_iter=1000, normalize=False, positive=False, precompute=False,
           random_state=None, selection='cyclic', tol=0.0001, warm_start=False), 'model__alpha': 9.796122448979592, 'model__l1_ratio': 0.3, 'model__max_iter': 100000.0}",-42.33782332080029,-17.5660192223181,-33.416252321845306,-103.39257371361172,-49.17816714464385,32.533667324780275,949
1067,0.004863858222961426,4.233843411040217e-05,0.001627802848815918,0.0001460692298260261,"ElasticNet(alpha=1.0, copy_X=True, fit_intercept=True, l1_ratio=0.5,
           max_iter=1000, normalize=False, positive=False, precompute=False,
           random_state=None, selection='cyclic', tol=0.0001, warm_start=False)",9.796122448979592,100000.0,0.35,,,,,"{'model': ElasticNet(alpha=1.0, copy_X=True, fit_intercept=True, l1_ratio=0.5,
           max_iter=1000, normalize=False, positive=False, precompute=False,
           random_state=None, selection='cyclic', tol=0.0001, warm_start=False), 'model__alpha': 9.796122448979592, 'model__l1_ratio': 0.35, 'model__max_iter': 100000.0}",-43.37806401680669,-17.716355619028707,-34.86569030657188,-102.4114121643996,-49.59288052670172,31.864652048090612,978
1068,0.0055152177810668945,0.0010914387276845963,0.001608133316040039,4.755688728170084e-05,"ElasticNet(alpha=1.0, copy_X=True, fit_intercept=True, l1_ratio=0.5,
           max_iter=1000, normalize=False, positive=False, precompute=False,
           random_state=None, selection='cyclic', tol=0.0001, warm_start=False)",9.796122448979592,100000.0,0.39999999999999997,,,,,"{'model': ElasticNet(alpha=1.0, copy_X=True, fit_intercept=True, l1_ratio=0.5,
           max_iter=1000, normalize=False, positive=False, precompute=False,
           random_state=None, selection='cyclic', tol=0.0001, warm_start=False), 'model__alpha': 9.796122448979592, 'model__l1_ratio': 0.39999999999999997, 'model__max_iter': 100000.0}",-44.52988647160113,-17.91019829584685,-36.292107644176674,-102.21015708333253,-50.23558737373929,31.516909450673772,1013
1069,0.004839122295379639,0.0005462357063014973,0.001527547836303711,7.795795372643332e-05,"ElasticNet(alpha=1.0, copy_X=True, fit_intercept=True, l1_ratio=0.5,
           max_iter=1000, normalize=False, positive=False, precompute=False,
           random_state=None, selection='cyclic', tol=0.0001, warm_start=False)",9.796122448979592,100000.0,0.44999999999999996,,,,,"{'model': ElasticNet(alpha=1.0, copy_X=True, fit_intercept=True, l1_ratio=0.5,
           max_iter=1000, normalize=False, positive=False, precompute=False,
           random_state=None, selection='cyclic', tol=0.0001, warm_start=False), 'model__alpha': 9.796122448979592, 'model__l1_ratio': 0.44999999999999996, 'model__max_iter': 100000.0}",-45.465306851415704,-18.125585690434903,-37.231162920702594,-102.21015708333253,-50.75805313647143,31.31767414066164,1049
1070,0.004690766334533691,0.0012872405272962152,0.0014222264289855957,0.0003614326333122403,"ElasticNet(alpha=1.0, copy_X=True, fit_intercept=True, l1_ratio=0.5,
           max_iter=1000, normalize=False, positive=False, precompute=False,
           random_state=None, selection='cyclic', tol=0.0001, warm_start=False)",9.796122448979592,100000.0,0.49999999999999994,,,,,"{'model': ElasticNet(alpha=1.0, copy_X=True, fit_intercept=True, l1_ratio=0.5,
           max_iter=1000, normalize=False, positive=False, precompute=False,
           random_state=None, selection='cyclic', tol=0.0001, warm_start=False), 'model__alpha': 9.796122448979592, 'model__l1_ratio': 0.49999999999999994, 'model__max_iter': 100000.0}",-45.519004245448016,-18.14551912366591,-37.97678979078923,-102.21015708333253,-50.96286756080892,31.231141931954486,1273
1071,0.0045013427734375,0.0001649915998689408,0.0014150738716125488,0.0003401856083668674,"ElasticNet(alpha=1.0, copy_X=True, fit_intercept=True, l1_ratio=0.5,
           max_iter=1000, normalize=False, positive=False, precompute=False,
           random_state=None, selection='cyclic', tol=0.0001, warm_start=False)",9.796122448979592,100000.0,0.5499999999999999,,,,,"{'model': ElasticNet(alpha=1.0, copy_X=True, fit_intercept=True, l1_ratio=0.5,
           max_iter=1000, normalize=False, positive=False, precompute=False,
           random_state=None, selection='cyclic', tol=0.0001, warm_start=False), 'model__alpha': 9.796122448979592, 'model__l1_ratio': 0.5499999999999999, 'model__max_iter': 100000.0}",-45.519004245448016,-18.141520790589244,-37.97678979078923,-102.21015708333253,-50.961867977539754,31.232192313641036,1075
1072,0.0054360032081604,0.0011078601835448128,0.0015850663185119629,7.71445995465152e-05,"ElasticNet(alpha=1.0, copy_X=True, fit_intercept=True, l1_ratio=0.5,
           max_iter=1000, normalize=False, positive=False, precompute=False,
           random_state=None, selection='cyclic', tol=0.0001, warm_start=False)",9.796122448979592,100000.0,0.6,,,,,"{'model': ElasticNet(alpha=1.0, copy_X=True, fit_intercept=True, l1_ratio=0.5,
           max_iter=1000, normalize=False, positive=False, precompute=False,
           random_state=None, selection='cyclic', tol=0.0001, warm_start=False), 'model__alpha': 9.796122448979592, 'model__l1_ratio': 0.6, 'model__max_iter': 100000.0}",-45.519004245448016,-18.141520790589244,-37.97678979078923,-102.21015708333253,-50.961867977539754,31.232192313641036,1075
1073,0.004575252532958984,0.00010395473834682334,0.0014680027961730957,0.00023030595339859636,"ElasticNet(alpha=1.0, copy_X=True, fit_intercept=True, l1_ratio=0.5,
           max_iter=1000, normalize=False, positive=False, precompute=False,
           random_state=None, selection='cyclic', tol=0.0001, warm_start=False)",9.796122448979592,100000.0,0.65,,,,,"{'model': ElasticNet(alpha=1.0, copy_X=True, fit_intercept=True, l1_ratio=0.5,
           max_iter=1000, normalize=False, positive=False, precompute=False,
           random_state=None, selection='cyclic', tol=0.0001, warm_start=False), 'model__alpha': 9.796122448979592, 'model__l1_ratio': 0.65, 'model__max_iter': 100000.0}",-45.519004245448016,-18.141520790589244,-37.97678979078923,-102.21015708333253,-50.961867977539754,31.232192313641036,1075
1074,0.00466686487197876,0.00031080993329770865,0.0015337467193603516,6.749709559045197e-05,"ElasticNet(alpha=1.0, copy_X=True, fit_intercept=True, l1_ratio=0.5,
           max_iter=1000, normalize=False, positive=False, precompute=False,
           random_state=None, selection='cyclic', tol=0.0001, warm_start=False)",9.796122448979592,100000.0,0.7,,,,,"{'model': ElasticNet(alpha=1.0, copy_X=True, fit_intercept=True, l1_ratio=0.5,
           max_iter=1000, normalize=False, positive=False, precompute=False,
           random_state=None, selection='cyclic', tol=0.0001, warm_start=False), 'model__alpha': 9.796122448979592, 'model__l1_ratio': 0.7, 'model__max_iter': 100000.0}",-45.519004245448016,-18.141520790589244,-37.97678979078923,-102.21015708333253,-50.961867977539754,31.232192313641036,1075
1075,0.004704773426055908,0.0002163653777644383,0.0016229748725891113,0.0001772541021292782,"ElasticNet(alpha=1.0, copy_X=True, fit_intercept=True, l1_ratio=0.5,
           max_iter=1000, normalize=False, positive=False, precompute=False,
           random_state=None, selection='cyclic', tol=0.0001, warm_start=False)",9.796122448979592,100000.0,0.75,,,,,"{'model': ElasticNet(alpha=1.0, copy_X=True, fit_intercept=True, l1_ratio=0.5,
           max_iter=1000, normalize=False, positive=False, precompute=False,
           random_state=None, selection='cyclic', tol=0.0001, warm_start=False), 'model__alpha': 9.796122448979592, 'model__l1_ratio': 0.75, 'model__max_iter': 100000.0}",-45.519004245448016,-18.141520790589244,-37.97678979078923,-102.21015708333253,-50.961867977539754,31.232192313641036,1075
1076,0.004926323890686035,0.0015081193416748501,0.0013769865036010742,0.0003106978541596737,"ElasticNet(alpha=1.0, copy_X=True, fit_intercept=True, l1_ratio=0.5,
           max_iter=1000, normalize=False, positive=False, precompute=False,
           random_state=None, selection='cyclic', tol=0.0001, warm_start=False)",9.796122448979592,100000.0,0.7999999999999999,,,,,"{'model': ElasticNet(alpha=1.0, copy_X=True, fit_intercept=True, l1_ratio=0.5,
           max_iter=1000, normalize=False, positive=False, precompute=False,
           random_state=None, selection='cyclic', tol=0.0001, warm_start=False), 'model__alpha': 9.796122448979592, 'model__l1_ratio': 0.7999999999999999, 'model__max_iter': 100000.0}",-45.519004245448016,-18.141520790589244,-37.97678979078923,-102.21015708333253,-50.961867977539754,31.232192313641036,1075
1077,0.004339754581451416,0.0008503009249578429,0.0013917088508605957,0.00019408710229349435,"ElasticNet(alpha=1.0, copy_X=True, fit_intercept=True, l1_ratio=0.5,
           max_iter=1000, normalize=False, positive=False, precompute=False,
           random_state=None, selection='cyclic', tol=0.0001, warm_start=False)",9.796122448979592,100000.0,0.85,,,,,"{'model': ElasticNet(alpha=1.0, copy_X=True, fit_intercept=True, l1_ratio=0.5,
           max_iter=1000, normalize=False, positive=False, precompute=False,
           random_state=None, selection='cyclic', tol=0.0001, warm_start=False), 'model__alpha': 9.796122448979592, 'model__l1_ratio': 0.85, 'model__max_iter': 100000.0}",-45.519004245448016,-18.141520790589244,-37.97678979078923,-102.21015708333253,-50.961867977539754,31.232192313641036,1075
1078,0.004569053649902344,0.00021768373557681981,0.0015076994895935059,9.629460111153275e-05,"ElasticNet(alpha=1.0, copy_X=True, fit_intercept=True, l1_ratio=0.5,
           max_iter=1000, normalize=False, positive=False, precompute=False,
           random_state=None, selection='cyclic', tol=0.0001, warm_start=False)",9.796122448979592,100000.0,0.9,,,,,"{'model': ElasticNet(alpha=1.0, copy_X=True, fit_intercept=True, l1_ratio=0.5,
           max_iter=1000, normalize=False, positive=False, precompute=False,
           random_state=None, selection='cyclic', tol=0.0001, warm_start=False), 'model__alpha': 9.796122448979592, 'model__l1_ratio': 0.9, 'model__max_iter': 100000.0}",-45.519004245448016,-18.141520790589244,-37.97678979078923,-102.21015708333253,-50.961867977539754,31.232192313641036,1075
1079,0.005624353885650635,0.0019132706779042222,0.001371622085571289,0.0002554252579898899,"ElasticNet(alpha=1.0, copy_X=True, fit_intercept=True, l1_ratio=0.5,
           max_iter=1000, normalize=False, positive=False, precompute=False,
           random_state=None, selection='cyclic', tol=0.0001, warm_start=False)",9.796122448979592,100000.0,0.95,,,,,"{'model': ElasticNet(alpha=1.0, copy_X=True, fit_intercept=True, l1_ratio=0.5,
           max_iter=1000, normalize=False, positive=False, precompute=False,
           random_state=None, selection='cyclic', tol=0.0001, warm_start=False), 'model__alpha': 9.796122448979592, 'model__l1_ratio': 0.95, 'model__max_iter': 100000.0}",-45.519004245448016,-18.141520790589244,-37.97678979078923,-102.21015708333253,-50.961867977539754,31.232192313641036,1075
1080,0.004163563251495361,0.0004704377197022701,0.0012424588203430176,0.0002672071571780017,"ElasticNet(alpha=1.0, copy_X=True, fit_intercept=True, l1_ratio=0.5,
           max_iter=1000, normalize=False, positive=False, precompute=False,
           random_state=None, selection='cyclic', tol=0.0001, warm_start=False)",9.796122448979592,100000.0,1.0,,,,,"{'model': ElasticNet(alpha=1.0, copy_X=True, fit_intercept=True, l1_ratio=0.5,
           max_iter=1000, normalize=False, positive=False, precompute=False,
           random_state=None, selection='cyclic', tol=0.0001, warm_start=False), 'model__alpha': 9.796122448979592, 'model__l1_ratio': 1.0, 'model__max_iter': 100000.0}",-45.519004245448016,-18.141520790589244,-37.97678979078923,-102.21015708333253,-50.961867977539754,31.232192313641036,1075
1081,0.00491642951965332,0.000270215827923187,0.0015442967414855957,0.0001538013634679066,"ElasticNet(alpha=1.0, copy_X=True, fit_intercept=True, l1_ratio=0.5,
           max_iter=1000, normalize=False, positive=False, precompute=False,
           random_state=None, selection='cyclic', tol=0.0001, warm_start=False)",10.0,100000.0,0.05,,,,,"{'model': ElasticNet(alpha=1.0, copy_X=True, fit_intercept=True, l1_ratio=0.5,
           max_iter=1000, normalize=False, positive=False, precompute=False,
           random_state=None, selection='cyclic', tol=0.0001, warm_start=False), 'model__alpha': 10.0, 'model__l1_ratio': 0.05, 'model__max_iter': 100000.0}",-32.661378456527146,-12.803856136725209,-23.527908564484214,-72.91625077084464,-35.4773484821453,22.72926231343404,595
1082,0.004574835300445557,6.627379850580002e-05,0.001508474349975586,0.00012177390848111157,"ElasticNet(alpha=1.0, copy_X=True, fit_intercept=True, l1_ratio=0.5,
           max_iter=1000, normalize=False, positive=False, precompute=False,
           random_state=None, selection='cyclic', tol=0.0001, warm_start=False)",10.0,100000.0,0.1,,,,,"{'model': ElasticNet(alpha=1.0, copy_X=True, fit_intercept=True, l1_ratio=0.5,
           max_iter=1000, normalize=False, positive=False, precompute=False,
           random_state=None, selection='cyclic', tol=0.0001, warm_start=False), 'model__alpha': 10.0, 'model__l1_ratio': 0.1, 'model__max_iter': 100000.0}",-35.5229837432239,-14.350744466494094,-25.42009130359239,-83.06961657264532,-39.590859021488924,26.195534008374402,652
1083,0.0042209625244140625,0.0002873339566408904,0.0013700127601623535,0.00011240524199896551,"ElasticNet(alpha=1.0, copy_X=True, fit_intercept=True, l1_ratio=0.5,
           max_iter=1000, normalize=False, positive=False, precompute=False,
           random_state=None, selection='cyclic', tol=0.0001, warm_start=False)",10.0,100000.0,0.15,,,,,"{'model': ElasticNet(alpha=1.0, copy_X=True, fit_intercept=True, l1_ratio=0.5,
           max_iter=1000, normalize=False, positive=False, precompute=False,
           random_state=None, selection='cyclic', tol=0.0001, warm_start=False), 'model__alpha': 10.0, 'model__l1_ratio': 0.15, 'model__max_iter': 100000.0}",-38.501804653522726,-16.03524870003288,-27.622731531332384,-93.59144716922358,-43.93780801352789,29.74797703540957,710
1084,0.0047550201416015625,0.0004991342635644299,0.0013142228126525879,0.00027573015258827087,"ElasticNet(alpha=1.0, copy_X=True, fit_intercept=True, l1_ratio=0.5,
           max_iter=1000, normalize=False, positive=False, precompute=False,
           random_state=None, selection='cyclic', tol=0.0001, warm_start=False)",10.0,100000.0,0.2,,,,,"{'model': ElasticNet(alpha=1.0, copy_X=True, fit_intercept=True, l1_ratio=0.5,
           max_iter=1000, normalize=False, positive=False, precompute=False,
           random_state=None, selection='cyclic', tol=0.0001, warm_start=False), 'model__alpha': 10.0, 'model__l1_ratio': 0.2, 'model__max_iter': 100000.0}",-40.297304921644816,-17.022164202647247,-30.05414393790996,-103.26305891385911,-47.659167994015284,33.14571083357004,807
1085,0.005334258079528809,0.0009475800356769092,0.0016027092933654785,0.0002121592060847012,"ElasticNet(alpha=1.0, copy_X=True, fit_intercept=True, l1_ratio=0.5,
           max_iter=1000, normalize=False, positive=False, precompute=False,
           random_state=None, selection='cyclic', tol=0.0001, warm_start=False)",10.0,100000.0,0.25,,,,,"{'model': ElasticNet(alpha=1.0, copy_X=True, fit_intercept=True, l1_ratio=0.5,
           max_iter=1000, normalize=False, positive=False, precompute=False,
           random_state=None, selection='cyclic', tol=0.0001, warm_start=False), 'model__alpha': 10.0, 'model__l1_ratio': 0.25, 'model__max_iter': 100000.0}",-41.476963168417555,-17.388638790270893,-31.81132282220602,-103.41934016715716,-48.5240662370129,32.832466387196256,899
1086,0.0049596428871154785,0.0007798561910422056,0.0014955401420593262,3.5643129042925865e-05,"ElasticNet(alpha=1.0, copy_X=True, fit_intercept=True, l1_ratio=0.5,
           max_iter=1000, normalize=False, positive=False, precompute=False,
           random_state=None, selection='cyclic', tol=0.0001, warm_start=False)",10.0,100000.0,0.3,,,,,"{'model': ElasticNet(alpha=1.0, copy_X=True, fit_intercept=True, l1_ratio=0.5,
           max_iter=1000, normalize=False, positive=False, precompute=False,
           random_state=None, selection='cyclic', tol=0.0001, warm_start=False), 'model__alpha': 10.0, 'model__l1_ratio': 0.3, 'model__max_iter': 100000.0}",-42.51248237041887,-17.59230259949915,-33.71327370733051,-103.23531808404283,-49.26334419032284,32.41684619441543,956
1087,0.004289031028747559,0.00023569521592989426,0.001473069190979004,0.0001204725918896859,"ElasticNet(alpha=1.0, copy_X=True, fit_intercept=True, l1_ratio=0.5,
           max_iter=1000, normalize=False, positive=False, precompute=False,
           random_state=None, selection='cyclic', tol=0.0001, warm_start=False)",10.0,100000.0,0.35,,,,,"{'model': ElasticNet(alpha=1.0, copy_X=True, fit_intercept=True, l1_ratio=0.5,
           max_iter=1000, normalize=False, positive=False, precompute=False,
           random_state=None, selection='cyclic', tol=0.0001, warm_start=False), 'model__alpha': 10.0, 'model__l1_ratio': 0.35, 'model__max_iter': 100000.0}",-43.57556588807468,-17.74610498821983,-35.130712525418446,-102.3184614962069,-49.692711224479964,31.778634783667925,983
1088,0.004609227180480957,0.0002033126577851575,0.0015194416046142578,1.9264752314582596e-05,"ElasticNet(alpha=1.0, copy_X=True, fit_intercept=True, l1_ratio=0.5,
           max_iter=1000, normalize=False, positive=False, precompute=False,
           random_state=None, selection='cyclic', tol=0.0001, warm_start=False)",10.0,100000.0,0.39999999999999997,,,,,"{'model': ElasticNet(alpha=1.0, copy_X=True, fit_intercept=True, l1_ratio=0.5,
           max_iter=1000, normalize=False, positive=False, precompute=False,
           random_state=None, selection='cyclic', tol=0.0001, warm_start=False), 'model__alpha': 10.0, 'model__l1_ratio': 0.39999999999999997, 'model__max_iter': 100000.0}",-44.725953298601894,-17.949303816078807,-36.5607663241697,-102.21015708333253,-50.361545130545736,31.46844983239837,1019
1089,0.004907786846160889,0.0005508560627534105,0.0015197992324829102,0.0001078322321302118,"ElasticNet(alpha=1.0, copy_X=True, fit_intercept=True, l1_ratio=0.5,
           max_iter=1000, normalize=False, positive=False, precompute=False,
           random_state=None, selection='cyclic', tol=0.0001, warm_start=False)",10.0,100000.0,0.44999999999999996,,,,,"{'model': ElasticNet(alpha=1.0, copy_X=True, fit_intercept=True, l1_ratio=0.5,
           max_iter=1000, normalize=False, positive=False, precompute=False,
           random_state=None, selection='cyclic', tol=0.0001, warm_start=False), 'model__alpha': 10.0, 'model__l1_ratio': 0.44999999999999996, 'model__max_iter': 100000.0}",-45.519004245448016,-18.1603004886718,-37.41392844800248,-102.21015708333253,-50.825847566363706,31.28668802738143,1057
1090,0.004194498062133789,0.00033525903976132094,0.0013008713722229004,0.0002679889192330054,"ElasticNet(alpha=1.0, copy_X=True, fit_intercept=True, l1_ratio=0.5,
           max_iter=1000, normalize=False, positive=False, precompute=False,
           random_state=None, selection='cyclic', tol=0.0001, warm_start=False)",10.0,100000.0,0.49999999999999994,,,,,"{'model': ElasticNet(alpha=1.0, copy_X=True, fit_intercept=True, l1_ratio=0.5,
           max_iter=1000, normalize=False, positive=False, precompute=False,
           random_state=None, selection='cyclic', tol=0.0001, warm_start=False), 'model__alpha': 10.0, 'model__l1_ratio': 0.49999999999999994, 'model__max_iter': 100000.0}",-45.519004245448016,-18.141520790589244,-37.97678979078923,-102.21015708333253,-50.961867977539754,31.232192313641036,1075
1091,0.00420689582824707,0.0002587821990009127,0.001422584056854248,6.399804307413498e-05,"ElasticNet(alpha=1.0, copy_X=True, fit_intercept=True, l1_ratio=0.5,
           max_iter=1000, normalize=False, positive=False, precompute=False,
           random_state=None, selection='cyclic', tol=0.0001, warm_start=False)",10.0,100000.0,0.5499999999999999,,,,,"{'model': ElasticNet(alpha=1.0, copy_X=True, fit_intercept=True, l1_ratio=0.5,
           max_iter=1000, normalize=False, positive=False, precompute=False,
           random_state=None, selection='cyclic', tol=0.0001, warm_start=False), 'model__alpha': 10.0, 'model__l1_ratio': 0.5499999999999999, 'model__max_iter': 100000.0}",-45.519004245448016,-18.141520790589244,-37.97678979078923,-102.21015708333253,-50.961867977539754,31.232192313641036,1075
1092,0.004609525203704834,0.0003080765861160791,0.0014834403991699219,1.3007476167158449e-05,"ElasticNet(alpha=1.0, copy_X=True, fit_intercept=True, l1_ratio=0.5,
           max_iter=1000, normalize=False, positive=False, precompute=False,
           random_state=None, selection='cyclic', tol=0.0001, warm_start=False)",10.0,100000.0,0.6,,,,,"{'model': ElasticNet(alpha=1.0, copy_X=True, fit_intercept=True, l1_ratio=0.5,
           max_iter=1000, normalize=False, positive=False, precompute=False,
           random_state=None, selection='cyclic', tol=0.0001, warm_start=False), 'model__alpha': 10.0, 'model__l1_ratio': 0.6, 'model__max_iter': 100000.0}",-45.519004245448016,-18.141520790589244,-37.97678979078923,-102.21015708333253,-50.961867977539754,31.232192313641036,1075
1093,0.004655301570892334,0.0002225656511233191,0.0016887784004211426,0.0002431280620533546,"ElasticNet(alpha=1.0, copy_X=True, fit_intercept=True, l1_ratio=0.5,
           max_iter=1000, normalize=False, positive=False, precompute=False,
           random_state=None, selection='cyclic', tol=0.0001, warm_start=False)",10.0,100000.0,0.65,,,,,"{'model': ElasticNet(alpha=1.0, copy_X=True, fit_intercept=True, l1_ratio=0.5,
           max_iter=1000, normalize=False, positive=False, precompute=False,
           random_state=None, selection='cyclic', tol=0.0001, warm_start=False), 'model__alpha': 10.0, 'model__l1_ratio': 0.65, 'model__max_iter': 100000.0}",-45.519004245448016,-18.141520790589244,-37.97678979078923,-102.21015708333253,-50.961867977539754,31.232192313641036,1075
1094,0.0043236613273620605,0.00041560610037585103,0.0015383362770080566,0.00019446498355128825,"ElasticNet(alpha=1.0, copy_X=True, fit_intercept=True, l1_ratio=0.5,
           max_iter=1000, normalize=False, positive=False, precompute=False,
           random_state=None, selection='cyclic', tol=0.0001, warm_start=False)",10.0,100000.0,0.7,,,,,"{'model': ElasticNet(alpha=1.0, copy_X=True, fit_intercept=True, l1_ratio=0.5,
           max_iter=1000, normalize=False, positive=False, precompute=False,
           random_state=None, selection='cyclic', tol=0.0001, warm_start=False), 'model__alpha': 10.0, 'model__l1_ratio': 0.7, 'model__max_iter': 100000.0}",-45.519004245448016,-18.141520790589244,-37.97678979078923,-102.21015708333253,-50.961867977539754,31.232192313641036,1075
1095,0.004070281982421875,0.00017451222121672393,0.0012202858924865723,0.0001708489450905414,"ElasticNet(alpha=1.0, copy_X=True, fit_intercept=True, l1_ratio=0.5,
           max_iter=1000, normalize=False, positive=False, precompute=False,
           random_state=None, selection='cyclic', tol=0.0001, warm_start=False)",10.0,100000.0,0.75,,,,,"{'model': ElasticNet(alpha=1.0, copy_X=True, fit_intercept=True, l1_ratio=0.5,
           max_iter=1000, normalize=False, positive=False, precompute=False,
           random_state=None, selection='cyclic', tol=0.0001, warm_start=False), 'model__alpha': 10.0, 'model__l1_ratio': 0.75, 'model__max_iter': 100000.0}",-45.519004245448016,-18.141520790589244,-37.97678979078923,-102.21015708333253,-50.961867977539754,31.232192313641036,1075
1096,0.004469871520996094,8.800100485414869e-05,0.0015398859977722168,0.00022119034719749397,"ElasticNet(alpha=1.0, copy_X=True, fit_intercept=True, l1_ratio=0.5,
           max_iter=1000, normalize=False, positive=False, precompute=False,
           random_state=None, selection='cyclic', tol=0.0001, warm_start=False)",10.0,100000.0,0.7999999999999999,,,,,"{'model': ElasticNet(alpha=1.0, copy_X=True, fit_intercept=True, l1_ratio=0.5,
           max_iter=1000, normalize=False, positive=False, precompute=False,
           random_state=None, selection='cyclic', tol=0.0001, warm_start=False), 'model__alpha': 10.0, 'model__l1_ratio': 0.7999999999999999, 'model__max_iter': 100000.0}",-45.519004245448016,-18.141520790589244,-37.97678979078923,-102.21015708333253,-50.961867977539754,31.232192313641036,1075
1097,0.004942119121551514,0.00022025137339643292,0.0015327930450439453,6.70102551451564e-05,"ElasticNet(alpha=1.0, copy_X=True, fit_intercept=True, l1_ratio=0.5,
           max_iter=1000, normalize=False, positive=False, precompute=False,
           random_state=None, selection='cyclic', tol=0.0001, warm_start=False)",10.0,100000.0,0.85,,,,,"{'model': ElasticNet(alpha=1.0, copy_X=True, fit_intercept=True, l1_ratio=0.5,
           max_iter=1000, normalize=False, positive=False, precompute=False,
           random_state=None, selection='cyclic', tol=0.0001, warm_start=False), 'model__alpha': 10.0, 'model__l1_ratio': 0.85, 'model__max_iter': 100000.0}",-45.519004245448016,-18.141520790589244,-37.97678979078923,-102.21015708333253,-50.961867977539754,31.232192313641036,1075
1098,0.00426250696182251,0.0003081707644206289,0.0013118982315063477,0.00018854014759720056,"ElasticNet(alpha=1.0, copy_X=True, fit_intercept=True, l1_ratio=0.5,
           max_iter=1000, normalize=False, positive=False, precompute=False,
           random_state=None, selection='cyclic', tol=0.0001, warm_start=False)",10.0,100000.0,0.9,,,,,"{'model': ElasticNet(alpha=1.0, copy_X=True, fit_intercept=True, l1_ratio=0.5,
           max_iter=1000, normalize=False, positive=False, precompute=False,
           random_state=None, selection='cyclic', tol=0.0001, warm_start=False), 'model__alpha': 10.0, 'model__l1_ratio': 0.9, 'model__max_iter': 100000.0}",-45.519004245448016,-18.141520790589244,-37.97678979078923,-102.21015708333253,-50.961867977539754,31.232192313641036,1075
1099,0.004046738147735596,0.0003015119617337857,0.0012246966361999512,0.00023278912030932756,"ElasticNet(alpha=1.0, copy_X=True, fit_intercept=True, l1_ratio=0.5,
           max_iter=1000, normalize=False, positive=False, precompute=False,
           random_state=None, selection='cyclic', tol=0.0001, warm_start=False)",10.0,100000.0,0.95,,,,,"{'model': ElasticNet(alpha=1.0, copy_X=True, fit_intercept=True, l1_ratio=0.5,
           max_iter=1000, normalize=False, positive=False, precompute=False,
           random_state=None, selection='cyclic', tol=0.0001, warm_start=False), 'model__alpha': 10.0, 'model__l1_ratio': 0.95, 'model__max_iter': 100000.0}",-45.519004245448016,-18.141520790589244,-37.97678979078923,-102.21015708333253,-50.961867977539754,31.232192313641036,1075
1100,0.0040819644927978516,0.0006446763431801879,0.0014572739601135254,0.0005508692968473802,"ElasticNet(alpha=1.0, copy_X=True, fit_intercept=True, l1_ratio=0.5,
           max_iter=1000, normalize=False, positive=False, precompute=False,
           random_state=None, selection='cyclic', tol=0.0001, warm_start=False)",10.0,100000.0,1.0,,,,,"{'model': ElasticNet(alpha=1.0, copy_X=True, fit_intercept=True, l1_ratio=0.5,
           max_iter=1000, normalize=False, positive=False, precompute=False,
           random_state=None, selection='cyclic', tol=0.0001, warm_start=False), 'model__alpha': 10.0, 'model__l1_ratio': 1.0, 'model__max_iter': 100000.0}",-45.519004245448016,-18.141520790589244,-37.97678979078923,-102.21015708333253,-50.961867977539754,31.232192313641036,1075
1101,0.006971538066864014,0.0011072352151467232,0.001394510269165039,0.0003504897863941069,"BayesianRidge(alpha_1=1e-06, alpha_2=1e-06, alpha_init=None,
              compute_score=False, copy_X=True, fit_intercept=True,
              lambda_1=1e-06, lambda_2=1e-06, lambda_init=None, n_iter=300,
              normalize=False, tol=0.001, verbose=False)",,,,,,,,"{'model': BayesianRidge(alpha_1=1e-06, alpha_2=1e-06, alpha_init=None,
              compute_score=False, copy_X=True, fit_intercept=True,
              lambda_1=1e-06, lambda_2=1e-06, lambda_init=None, n_iter=300,
              normalize=False, tol=0.001, verbose=False)}",-7.336850640724541,-2.003047450209502,-2.865886889904836,-12.45135271963144,-6.16428442511758,4.156244059589857,47
1102,0.026820719242095947,0.003975935368666218,0.0010323524475097656,0.00010069325796940377,"ARDRegression(alpha_1=1e-06, alpha_2=1e-06, compute_score=False, copy_X=True,
              fit_intercept=True, lambda_1=1e-06, lambda_2=1e-06, n_iter=300,
              normalize=False, threshold_lambda=10000.0, tol=0.001,
              verbose=False)",,,,,,,,"{'model': ARDRegression(alpha_1=1e-06, alpha_2=1e-06, compute_score=False, copy_X=True,
              fit_intercept=True, lambda_1=1e-06, lambda_2=1e-06, n_iter=300,
              normalize=False, threshold_lambda=10000.0, tol=0.001,
              verbose=False)}",-6.18394333339811,-2.2581575144846355,-2.908563030290389,-10.035235577280831,-5.346474863863492,3.088970242002209,4
1103,0.006094932556152344,0.0036673936431356213,0.0010764002799987793,0.00016794328718564298,"LinearSVR(C=1.0, dual=True, epsilon=0.0, fit_intercept=True,
          intercept_scaling=1.0, loss='epsilon_insensitive', max_iter=1000,
          random_state=None, tol=0.0001, verbose=0)",,1000000.0,,0.01,,,,"{'model': LinearSVR(C=1.0, dual=True, epsilon=0.0, fit_intercept=True,
          intercept_scaling=1.0, loss='epsilon_insensitive', max_iter=1000,
          random_state=None, tol=0.0001, verbose=0), 'model__C': 0.01, 'model__max_iter': 1000000.0}",-35.18627929071078,-23.94041095722995,-29.96995191547564,-26.15323185071765,-28.812468503533502,4.265375602154847,410
1104,0.00439906120300293,0.0006137642364649479,0.0015404820442199707,0.00027690064415107033,"LinearSVR(C=1.0, dual=True, epsilon=0.0, fit_intercept=True,
          intercept_scaling=1.0, loss='epsilon_insensitive', max_iter=1000,
          random_state=None, tol=0.0001, verbose=0)",,1000000.0,,0.21387755102040817,,,,"{'model': LinearSVR(C=1.0, dual=True, epsilon=0.0, fit_intercept=True,
          intercept_scaling=1.0, loss='epsilon_insensitive', max_iter=1000,
          random_state=None, tol=0.0001, verbose=0), 'model__C': 0.21387755102040817, 'model__max_iter': 1000000.0}",-9.738666730287168,-3.4275004021683837,-3.9711397164167335,-12.858208348511086,-7.498878799345842,3.9610645122989023,154
1105,0.004682421684265137,0.00016861525080896672,0.001570582389831543,7.641947745409902e-05,"LinearSVR(C=1.0, dual=True, epsilon=0.0, fit_intercept=True,
          intercept_scaling=1.0, loss='epsilon_insensitive', max_iter=1000,
          random_state=None, tol=0.0001, verbose=0)",,1000000.0,,0.41775510204081634,,,,"{'model': LinearSVR(C=1.0, dual=True, epsilon=0.0, fit_intercept=True,
          intercept_scaling=1.0, loss='epsilon_insensitive', max_iter=1000,
          random_state=None, tol=0.0001, verbose=0), 'model__C': 0.41775510204081634, 'model__max_iter': 1000000.0}",-9.348449760130823,-3.4189826695173204,-3.4046883938737644,-12.753977812645207,-7.231524659041779,4.004966071630866,151
1106,0.004795730113983154,0.00020013818774186504,0.001521468162536621,0.0001235544910145185,"LinearSVR(C=1.0, dual=True, epsilon=0.0, fit_intercept=True,
          intercept_scaling=1.0, loss='epsilon_insensitive', max_iter=1000,
          random_state=None, tol=0.0001, verbose=0)",,1000000.0,,0.6216326530612245,,,,"{'model': LinearSVR(C=1.0, dual=True, epsilon=0.0, fit_intercept=True,
          intercept_scaling=1.0, loss='epsilon_insensitive', max_iter=1000,
          random_state=None, tol=0.0001, verbose=0), 'model__C': 0.6216326530612245, 'model__max_iter': 1000000.0}",-9.045954326478867,-3.500177180983753,-3.19358221373295,-11.978756482668935,-6.929617550966126,3.7313438126010476,145
1107,0.004270315170288086,0.00020319691108799495,0.0012151598930358887,0.00023135482021000175,"LinearSVR(C=1.0, dual=True, epsilon=0.0, fit_intercept=True,
          intercept_scaling=1.0, loss='epsilon_insensitive', max_iter=1000,
          random_state=None, tol=0.0001, verbose=0)",,1000000.0,,0.8255102040816327,,,,"{'model': LinearSVR(C=1.0, dual=True, epsilon=0.0, fit_intercept=True,
          intercept_scaling=1.0, loss='epsilon_insensitive', max_iter=1000,
          random_state=None, tol=0.0001, verbose=0), 'model__C': 0.8255102040816327, 'model__max_iter': 1000000.0}",-8.847851555317636,-3.6982239512893487,-3.143479992600853,-12.490690933923142,-7.0450616082827455,3.8512527751207375,149
1108,0.005060255527496338,0.00028515741041081565,0.001424252986907959,0.00020295173235032862,"LinearSVR(C=1.0, dual=True, epsilon=0.0, fit_intercept=True,
          intercept_scaling=1.0, loss='epsilon_insensitive', max_iter=1000,
          random_state=None, tol=0.0001, verbose=0)",,1000000.0,,1.029387755102041,,,,"{'model': LinearSVR(C=1.0, dual=True, epsilon=0.0, fit_intercept=True,
          intercept_scaling=1.0, loss='epsilon_insensitive', max_iter=1000,
          random_state=None, tol=0.0001, verbose=0), 'model__C': 1.029387755102041, 'model__max_iter': 1000000.0}",-8.823823468491241,-3.642379211191114,-2.9093700498193127,-12.497682809464328,-6.968313884741499,3.9228084017975937,147
1109,0.006038069725036621,0.0015877768460814433,0.0015388727188110352,0.00013045282311222923,"LinearSVR(C=1.0, dual=True, epsilon=0.0, fit_intercept=True,
          intercept_scaling=1.0, loss='epsilon_insensitive', max_iter=1000,
          random_state=None, tol=0.0001, verbose=0)",,1000000.0,,1.233265306122449,,,,"{'model': LinearSVR(C=1.0, dual=True, epsilon=0.0, fit_intercept=True,
          intercept_scaling=1.0, loss='epsilon_insensitive', max_iter=1000,
          random_state=None, tol=0.0001, verbose=0), 'model__C': 1.233265306122449, 'model__max_iter': 1000000.0}",-8.858133984301855,-3.51732185020705,-2.84008583420134,-12.468643381878566,-6.921046262647202,3.9613040950257603,143
1110,0.005068659782409668,0.0005618538186046942,0.0014186501502990723,8.63821432572076e-05,"LinearSVR(C=1.0, dual=True, epsilon=0.0, fit_intercept=True,
          intercept_scaling=1.0, loss='epsilon_insensitive', max_iter=1000,
          random_state=None, tol=0.0001, verbose=0)",,1000000.0,,1.437142857142857,,,,"{'model': LinearSVR(C=1.0, dual=True, epsilon=0.0, fit_intercept=True,
          intercept_scaling=1.0, loss='epsilon_insensitive', max_iter=1000,
          random_state=None, tol=0.0001, verbose=0), 'model__C': 1.437142857142857, 'model__max_iter': 1000000.0}",-9.093908570462755,-3.4263633802232607,-2.8036649252509704,-12.065520215991164,-6.847364272982038,3.8836472628574805,140
1111,0.005661427974700928,0.0008006178312568869,0.001297593116760254,0.0002515048480608983,"LinearSVR(C=1.0, dual=True, epsilon=0.0, fit_intercept=True,
          intercept_scaling=1.0, loss='epsilon_insensitive', max_iter=1000,
          random_state=None, tol=0.0001, verbose=0)",,1000000.0,,1.6410204081632653,,,,"{'model': LinearSVR(C=1.0, dual=True, epsilon=0.0, fit_intercept=True,
          intercept_scaling=1.0, loss='epsilon_insensitive', max_iter=1000,
          random_state=None, tol=0.0001, verbose=0), 'model__C': 1.6410204081632653, 'model__max_iter': 1000000.0}",-9.407011808092559,-3.362330046540252,-2.83737563905293,-11.689608970966727,-6.824081616163117,3.8151812962962635,138
1112,0.006088435649871826,0.0012331471653804636,0.0012974739074707031,0.0003493640923204406,"LinearSVR(C=1.0, dual=True, epsilon=0.0, fit_intercept=True,
          intercept_scaling=1.0, loss='epsilon_insensitive', max_iter=1000,
          random_state=None, tol=0.0001, verbose=0)",,1000000.0,,1.8448979591836736,,,,"{'model': LinearSVR(C=1.0, dual=True, epsilon=0.0, fit_intercept=True,
          intercept_scaling=1.0, loss='epsilon_insensitive', max_iter=1000,
          random_state=None, tol=0.0001, verbose=0), 'model__C': 1.8448979591836736, 'model__max_iter': 1000000.0}",-9.461486971940012,-3.2776323299325365,-2.8639028341804007,-11.619566693830993,-6.805647207470986,3.814824483386887,135
1113,0.006017446517944336,0.000572209879731522,0.0015472173690795898,9.322174064945315e-05,"LinearSVR(C=1.0, dual=True, epsilon=0.0, fit_intercept=True,
          intercept_scaling=1.0, loss='epsilon_insensitive', max_iter=1000,
          random_state=None, tol=0.0001, verbose=0)",,1000000.0,,2.0487755102040817,,,,"{'model': LinearSVR(C=1.0, dual=True, epsilon=0.0, fit_intercept=True,
          intercept_scaling=1.0, loss='epsilon_insensitive', max_iter=1000,
          random_state=None, tol=0.0001, verbose=0), 'model__C': 2.0487755102040817, 'model__max_iter': 1000000.0}",-9.541978919346057,-3.2121183065259618,-2.9753201825021645,-11.909561576069501,-6.909744746110921,3.9076515648573897,142
1114,0.006736457347869873,0.0002443617358126415,0.001499772071838379,0.0002096461012816089,"LinearSVR(C=1.0, dual=True, epsilon=0.0, fit_intercept=True,
          intercept_scaling=1.0, loss='epsilon_insensitive', max_iter=1000,
          random_state=None, tol=0.0001, verbose=0)",,1000000.0,,2.2526530612244895,,,,"{'model': LinearSVR(C=1.0, dual=True, epsilon=0.0, fit_intercept=True,
          intercept_scaling=1.0, loss='epsilon_insensitive', max_iter=1000,
          random_state=None, tol=0.0001, verbose=0), 'model__C': 2.2526530612244895, 'model__max_iter': 1000000.0}",-9.623516154367758,-3.203759490575433,-3.1616075596012725,-11.306178306543332,-6.823765377771949,3.689392652713714,137
1115,0.007974565029144287,0.0025529804749738916,0.0013425350189208984,0.0001895650364735096,"LinearSVR(C=1.0, dual=True, epsilon=0.0, fit_intercept=True,
          intercept_scaling=1.0, loss='epsilon_insensitive', max_iter=1000,
          random_state=None, tol=0.0001, verbose=0)",,1000000.0,,2.4565306122448978,,,,"{'model': LinearSVR(C=1.0, dual=True, epsilon=0.0, fit_intercept=True,
          intercept_scaling=1.0, loss='epsilon_insensitive', max_iter=1000,
          random_state=None, tol=0.0001, verbose=0), 'model__C': 2.4565306122448978, 'model__max_iter': 1000000.0}",-9.690891766693914,-3.149003527164187,-3.1730266692610933,-11.030585303808598,-6.7608768167319475,3.630898494595197,133
1116,0.00894707441329956,0.004069784188869576,0.0015630125999450684,0.0008054671218243395,"LinearSVR(C=1.0, dual=True, epsilon=0.0, fit_intercept=True,
          intercept_scaling=1.0, loss='epsilon_insensitive', max_iter=1000,
          random_state=None, tol=0.0001, verbose=0)",,1000000.0,,2.660408163265306,,,,"{'model': LinearSVR(C=1.0, dual=True, epsilon=0.0, fit_intercept=True,
          intercept_scaling=1.0, loss='epsilon_insensitive', max_iter=1000,
          random_state=None, tol=0.0001, verbose=0), 'model__C': 2.660408163265306, 'model__max_iter': 1000000.0}",-9.426529702003482,-3.106577815248785,-3.182767208873749,-11.035077362466183,-6.68773802214805,3.5885187764210786,125
1117,0.007014214992523193,0.0013576716456727405,0.0015638470649719238,7.433468718413e-05,"LinearSVR(C=1.0, dual=True, epsilon=0.0, fit_intercept=True,
          intercept_scaling=1.0, loss='epsilon_insensitive', max_iter=1000,
          random_state=None, tol=0.0001, verbose=0)",,1000000.0,,2.864285714285714,,,,"{'model': LinearSVR(C=1.0, dual=True, epsilon=0.0, fit_intercept=True,
          intercept_scaling=1.0, loss='epsilon_insensitive', max_iter=1000,
          random_state=None, tol=0.0001, verbose=0), 'model__C': 2.864285714285714, 'model__max_iter': 1000000.0}",-9.165152853123402,-3.1329033970115012,-3.164572397429297,-11.195608830428274,-6.664559369498119,3.5883798468249064,121
1118,0.00730818510055542,0.0018390504871429593,0.0014622211456298828,0.0003963516166132495,"LinearSVR(C=1.0, dual=True, epsilon=0.0, fit_intercept=True,
          intercept_scaling=1.0, loss='epsilon_insensitive', max_iter=1000,
          random_state=None, tol=0.0001, verbose=0)",,1000000.0,,3.068163265306122,,,,"{'model': LinearSVR(C=1.0, dual=True, epsilon=0.0, fit_intercept=True,
          intercept_scaling=1.0, loss='epsilon_insensitive', max_iter=1000,
          random_state=None, tol=0.0001, verbose=0), 'model__C': 3.068163265306122, 'model__max_iter': 1000000.0}",-8.957449651926595,-3.177227197611725,-3.1625651794888165,-11.343982540525598,-6.660306142388183,3.5909512557598573,120
1119,0.007246911525726318,0.0020470047053983025,0.0013414621353149414,0.000276693184152019,"LinearSVR(C=1.0, dual=True, epsilon=0.0, fit_intercept=True,
          intercept_scaling=1.0, loss='epsilon_insensitive', max_iter=1000,
          random_state=None, tol=0.0001, verbose=0)",,1000000.0,,3.2720408163265304,,,,"{'model': LinearSVR(C=1.0, dual=True, epsilon=0.0, fit_intercept=True,
          intercept_scaling=1.0, loss='epsilon_insensitive', max_iter=1000,
          random_state=None, tol=0.0001, verbose=0), 'model__C': 3.2720408163265304, 'model__max_iter': 1000000.0}",-8.778502361800948,-3.2588909786294837,-3.1960771469820384,-11.314011091083772,-6.636870394624061,3.5253381286486403,118
1120,0.007950067520141602,0.0015487617037619578,0.001523435115814209,0.00039667400712222606,"LinearSVR(C=1.0, dual=True, epsilon=0.0, fit_intercept=True,
          intercept_scaling=1.0, loss='epsilon_insensitive', max_iter=1000,
          random_state=None, tol=0.0001, verbose=0)",,1000000.0,,3.4759183673469387,,,,"{'model': LinearSVR(C=1.0, dual=True, epsilon=0.0, fit_intercept=True,
          intercept_scaling=1.0, loss='epsilon_insensitive', max_iter=1000,
          random_state=None, tol=0.0001, verbose=0), 'model__C': 3.4759183673469387, 'model__max_iter': 1000000.0}",-8.627834177553222,-3.393399207196372,-3.218691541313894,-11.1814289106957,-6.605338459189797,3.4211483399589793,117
1121,0.007970273494720459,0.0014078312394816207,0.0014148354530334473,0.00027278317533199574,"LinearSVR(C=1.0, dual=True, epsilon=0.0, fit_intercept=True,
          intercept_scaling=1.0, loss='epsilon_insensitive', max_iter=1000,
          random_state=None, tol=0.0001, verbose=0)",,1000000.0,,3.679795918367347,,,,"{'model': LinearSVR(C=1.0, dual=True, epsilon=0.0, fit_intercept=True,
          intercept_scaling=1.0, loss='epsilon_insensitive', max_iter=1000,
          random_state=None, tol=0.0001, verbose=0), 'model__C': 3.679795918367347, 'model__max_iter': 1000000.0}",-8.453042055317855,-3.4479787981545384,-3.20984719646403,-11.059642262084273,-6.542627578005174,3.344300422866068,111
1122,0.009959399700164795,0.0028465996080268103,0.0015358328819274902,9.05277220736879e-05,"LinearSVR(C=1.0, dual=True, epsilon=0.0, fit_intercept=True,
          intercept_scaling=1.0, loss='epsilon_insensitive', max_iter=1000,
          random_state=None, tol=0.0001, verbose=0)",,1000000.0,,3.883673469387755,,,,"{'model': LinearSVR(C=1.0, dual=True, epsilon=0.0, fit_intercept=True,
          intercept_scaling=1.0, loss='epsilon_insensitive', max_iter=1000,
          random_state=None, tol=0.0001, verbose=0), 'model__C': 3.883673469387755, 'model__max_iter': 1000000.0}",-8.458782212532592,-3.4495703257295935,-3.2230457754462245,-11.145688861237712,-6.56927179373653,3.370593738995498,114
1123,0.009443700313568115,0.0024980653349621212,0.0014619827270507812,0.000265184755539711,"LinearSVR(C=1.0, dual=True, epsilon=0.0, fit_intercept=True,
          intercept_scaling=1.0, loss='epsilon_insensitive', max_iter=1000,
          random_state=None, tol=0.0001, verbose=0)",,1000000.0,,4.0875510204081635,,,,"{'model': LinearSVR(C=1.0, dual=True, epsilon=0.0, fit_intercept=True,
          intercept_scaling=1.0, loss='epsilon_insensitive', max_iter=1000,
          random_state=None, tol=0.0001, verbose=0), 'model__C': 4.0875510204081635, 'model__max_iter': 1000000.0}",-8.456842044925958,-3.444649975554519,-3.197584403931037,-11.137783055108779,-6.559214869880073,3.3751055314176104,113
1124,0.010050177574157715,0.002904456242459197,0.0013523101806640625,0.000359201663900989,"LinearSVR(C=1.0, dual=True, epsilon=0.0, fit_intercept=True,
          intercept_scaling=1.0, loss='epsilon_insensitive', max_iter=1000,
          random_state=None, tol=0.0001, verbose=0)",,1000000.0,,4.291428571428571,,,,"{'model': LinearSVR(C=1.0, dual=True, epsilon=0.0, fit_intercept=True,
          intercept_scaling=1.0, loss='epsilon_insensitive', max_iter=1000,
          random_state=None, tol=0.0001, verbose=0), 'model__C': 4.291428571428571, 'model__max_iter': 1000000.0}",-8.458944337361599,-3.433320390095603,-3.176665341947891,-11.120555139962772,-6.547371302341967,3.3773915095968987,112
1125,0.008383095264434814,0.0020115452055552633,0.0013034939765930176,0.00024739626383860595,"LinearSVR(C=1.0, dual=True, epsilon=0.0, fit_intercept=True,
          intercept_scaling=1.0, loss='epsilon_insensitive', max_iter=1000,
          random_state=None, tol=0.0001, verbose=0)",,1000000.0,,4.495306122448979,,,,"{'model': LinearSVR(C=1.0, dual=True, epsilon=0.0, fit_intercept=True,
          intercept_scaling=1.0, loss='epsilon_insensitive', max_iter=1000,
          random_state=None, tol=0.0001, verbose=0), 'model__C': 4.495306122448979, 'model__max_iter': 1000000.0}",-8.45480090249595,-3.39525677139533,-3.181645393272812,-11.11478427622522,-6.536621835847328,3.382418648711499,110
1126,0.010284006595611572,0.0037734471998209407,0.001461803913116455,0.00013623816067231606,"LinearSVR(C=1.0, dual=True, epsilon=0.0, fit_intercept=True,
          intercept_scaling=1.0, loss='epsilon_insensitive', max_iter=1000,
          random_state=None, tol=0.0001, verbose=0)",,1000000.0,,4.6991836734693875,,,,"{'model': LinearSVR(C=1.0, dual=True, epsilon=0.0, fit_intercept=True,
          intercept_scaling=1.0, loss='epsilon_insensitive', max_iter=1000,
          random_state=None, tol=0.0001, verbose=0), 'model__C': 4.6991836734693875, 'model__max_iter': 1000000.0}",-8.421913474273229,-3.3263038565919687,-3.1796741202943224,-10.961606502461112,-6.472374488405158,3.3426614571310935,108
1127,0.008753716945648193,0.0019514449818851913,0.001299142837524414,0.0002902974574056633,"LinearSVR(C=1.0, dual=True, epsilon=0.0, fit_intercept=True,
          intercept_scaling=1.0, loss='epsilon_insensitive', max_iter=1000,
          random_state=None, tol=0.0001, verbose=0)",,1000000.0,,4.903061224489796,,,,"{'model': LinearSVR(C=1.0, dual=True, epsilon=0.0, fit_intercept=True,
          intercept_scaling=1.0, loss='epsilon_insensitive', max_iter=1000,
          random_state=None, tol=0.0001, verbose=0), 'model__C': 4.903061224489796, 'model__max_iter': 1000000.0}",-8.391670659747671,-3.257860873323282,-3.1818134959910247,-10.733057242781493,-6.3911005679608675,3.277635693321355,106
1128,0.008875846862792969,0.001917414768561726,0.0012677907943725586,0.00028722431289839755,"LinearSVR(C=1.0, dual=True, epsilon=0.0, fit_intercept=True,
          intercept_scaling=1.0, loss='epsilon_insensitive', max_iter=1000,
          random_state=None, tol=0.0001, verbose=0)",,1000000.0,,5.106938775510204,,,,"{'model': LinearSVR(C=1.0, dual=True, epsilon=0.0, fit_intercept=True,
          intercept_scaling=1.0, loss='epsilon_insensitive', max_iter=1000,
          random_state=None, tol=0.0001, verbose=0), 'model__C': 5.106938775510204, 'model__max_iter': 1000000.0}",-8.321673269049862,-3.1867529726104817,-3.187139079187855,-10.572556077294513,-6.317030349535678,3.229665163568234,89
1129,0.009418070316314697,0.00320799476188973,0.0012978911399841309,0.0003015540947770178,"LinearSVR(C=1.0, dual=True, epsilon=0.0, fit_intercept=True,
          intercept_scaling=1.0, loss='epsilon_insensitive', max_iter=1000,
          random_state=None, tol=0.0001, verbose=0)",,1000000.0,,5.310816326530612,,,,"{'model': LinearSVR(C=1.0, dual=True, epsilon=0.0, fit_intercept=True,
          intercept_scaling=1.0, loss='epsilon_insensitive', max_iter=1000,
          random_state=None, tol=0.0001, verbose=0), 'model__C': 5.310816326530612, 'model__max_iter': 1000000.0}",-8.230746609378338,-3.1165374492909605,-3.1839356110478465,-10.579634923183079,-6.277713648225056,3.235945067028916,66
1130,0.009004771709442139,0.0016365471759527946,0.0016075372695922852,0.00011885608561555505,"LinearSVR(C=1.0, dual=True, epsilon=0.0, fit_intercept=True,
          intercept_scaling=1.0, loss='epsilon_insensitive', max_iter=1000,
          random_state=None, tol=0.0001, verbose=0)",,1000000.0,,5.514693877551021,,,,"{'model': LinearSVR(C=1.0, dual=True, epsilon=0.0, fit_intercept=True,
          intercept_scaling=1.0, loss='epsilon_insensitive', max_iter=1000,
          random_state=None, tol=0.0001, verbose=0), 'model__C': 5.514693877551021, 'model__max_iter': 1000000.0}",-8.133432279944683,-3.0544484183107503,-3.187464665994281,-10.567007387893215,-6.235588188035733,3.2316292996813556,53
1131,0.009084224700927734,0.00160746172439977,0.001285552978515625,0.000296663520401005,"LinearSVR(C=1.0, dual=True, epsilon=0.0, fit_intercept=True,
          intercept_scaling=1.0, loss='epsilon_insensitive', max_iter=1000,
          random_state=None, tol=0.0001, verbose=0)",,1000000.0,,5.718571428571428,,,,"{'model': LinearSVR(C=1.0, dual=True, epsilon=0.0, fit_intercept=True,
          intercept_scaling=1.0, loss='epsilon_insensitive', max_iter=1000,
          random_state=None, tol=0.0001, verbose=0), 'model__C': 5.718571428571428, 'model__max_iter': 1000000.0}",-8.037805474786754,-2.9989251304928604,-3.193523256167371,-10.50923703484646,-6.184872724073362,3.2106043114629226,49
1132,0.013978838920593262,0.00893603436737028,0.0011535882949829102,0.00018522825951631234,"LinearSVR(C=1.0, dual=True, epsilon=0.0, fit_intercept=True,
          intercept_scaling=1.0, loss='epsilon_insensitive', max_iter=1000,
          random_state=None, tol=0.0001, verbose=0)",,1000000.0,,5.922448979591836,,,,"{'model': LinearSVR(C=1.0, dual=True, epsilon=0.0, fit_intercept=True,
          intercept_scaling=1.0, loss='epsilon_insensitive', max_iter=1000,
          random_state=None, tol=0.0001, verbose=0), 'model__C': 5.922448979591836, 'model__max_iter': 1000000.0}",-7.945664734006382,-2.987940824158927,-3.175270313263015,-10.346884186959786,-6.113940014597027,3.149630230923676,43
1133,0.008714497089385986,0.0018225380790756912,0.001232743263244629,0.000276061819138553,"LinearSVR(C=1.0, dual=True, epsilon=0.0, fit_intercept=True,
          intercept_scaling=1.0, loss='epsilon_insensitive', max_iter=1000,
          random_state=None, tol=0.0001, verbose=0)",,1000000.0,,6.1263265306122445,,,,"{'model': LinearSVR(C=1.0, dual=True, epsilon=0.0, fit_intercept=True,
          intercept_scaling=1.0, loss='epsilon_insensitive', max_iter=1000,
          random_state=None, tol=0.0001, verbose=0), 'model__C': 6.1263265306122445, 'model__max_iter': 1000000.0}",-7.866030853802708,-2.9882077686487714,-3.176666540455859,-10.211946330842952,-6.060712873437573,3.0923261106265127,36
1134,0.010509967803955078,0.0024715229877329435,0.0013886690139770508,0.00027776421899341526,"LinearSVR(C=1.0, dual=True, epsilon=0.0, fit_intercept=True,
          intercept_scaling=1.0, loss='epsilon_insensitive', max_iter=1000,
          random_state=None, tol=0.0001, verbose=0)",,1000000.0,,6.330204081632653,,,,"{'model': LinearSVR(C=1.0, dual=True, epsilon=0.0, fit_intercept=True,
          intercept_scaling=1.0, loss='epsilon_insensitive', max_iter=1000,
          random_state=None, tol=0.0001, verbose=0), 'model__C': 6.330204081632653, 'model__max_iter': 1000000.0}",-7.787984742473108,-2.997475452038287,-3.2003130141552516,-10.243457752406359,-6.057307740268252,3.0839944595936286,35
1135,0.010482251644134521,0.00022270492861614925,0.0013415813446044922,0.00028867798943127594,"LinearSVR(C=1.0, dual=True, epsilon=0.0, fit_intercept=True,
          intercept_scaling=1.0, loss='epsilon_insensitive', max_iter=1000,
          random_state=None, tol=0.0001, verbose=0)",,1000000.0,,6.534081632653061,,,,"{'model': LinearSVR(C=1.0, dual=True, epsilon=0.0, fit_intercept=True,
          intercept_scaling=1.0, loss='epsilon_insensitive', max_iter=1000,
          random_state=None, tol=0.0001, verbose=0), 'model__C': 6.534081632653061, 'model__max_iter': 1000000.0}",-7.899921316552833,-2.9908944199159953,-3.203950576737737,-10.288769914591917,-6.09588405694962,3.1160504709210852,40
1136,0.011659979820251465,0.002134282827343215,0.0012882351875305176,0.00028492034585803235,"LinearSVR(C=1.0, dual=True, epsilon=0.0, fit_intercept=True,
          intercept_scaling=1.0, loss='epsilon_insensitive', max_iter=1000,
          random_state=None, tol=0.0001, verbose=0)",,1000000.0,,6.737959183673469,,,,"{'model': LinearSVR(C=1.0, dual=True, epsilon=0.0, fit_intercept=True,
          intercept_scaling=1.0, loss='epsilon_insensitive', max_iter=1000,
          random_state=None, tol=0.0001, verbose=0), 'model__C': 6.737959183673469, 'model__max_iter': 1000000.0}",-7.911852668693356,-3.0018430531417297,-3.1861496747887377,-10.28606947609362,-6.096478718179361,3.118294339022988,41
1137,0.013965189456939697,0.004683017655987079,0.001360774040222168,0.0002388479717239733,"LinearSVR(C=1.0, dual=True, epsilon=0.0, fit_intercept=True,
          intercept_scaling=1.0, loss='epsilon_insensitive', max_iter=1000,
          random_state=None, tol=0.0001, verbose=0)",,1000000.0,,6.941836734693878,,,,"{'model': LinearSVR(C=1.0, dual=True, epsilon=0.0, fit_intercept=True,
          intercept_scaling=1.0, loss='epsilon_insensitive', max_iter=1000,
          random_state=None, tol=0.0001, verbose=0), 'model__C': 6.941836734693878, 'model__max_iter': 1000000.0}",-7.860270058198589,-3.017656421124544,-3.188286588892246,-10.263362444313616,-6.082393878132249,3.0987826055187435,38
1138,0.014844954013824463,0.0023419254440406123,0.0014972686767578125,0.0004476807378594444,"LinearSVR(C=1.0, dual=True, epsilon=0.0, fit_intercept=True,
          intercept_scaling=1.0, loss='epsilon_insensitive', max_iter=1000,
          random_state=None, tol=0.0001, verbose=0)",,1000000.0,,7.145714285714286,,,,"{'model': LinearSVR(C=1.0, dual=True, epsilon=0.0, fit_intercept=True,
          intercept_scaling=1.0, loss='epsilon_insensitive', max_iter=1000,
          random_state=None, tol=0.0001, verbose=0), 'model__C': 7.145714285714286, 'model__max_iter': 1000000.0}",-7.797923526471087,-3.016014975658673,-3.1879534263104317,-10.223601154373178,-6.056373270703342,3.076946395931933,34
1139,0.01167142391204834,0.0017861175034208704,0.0012343525886535645,0.0002424253533277983,"LinearSVR(C=1.0, dual=True, epsilon=0.0, fit_intercept=True,
          intercept_scaling=1.0, loss='epsilon_insensitive', max_iter=1000,
          random_state=None, tol=0.0001, verbose=0)",,1000000.0,,7.349591836734694,,,,"{'model': LinearSVR(C=1.0, dual=True, epsilon=0.0, fit_intercept=True,
          intercept_scaling=1.0, loss='epsilon_insensitive', max_iter=1000,
          random_state=None, tol=0.0001, verbose=0), 'model__C': 7.349591836734694, 'model__max_iter': 1000000.0}",-7.7295038612806595,-2.988754237454634,-3.1901393339077844,-10.184115902262194,-6.0231283337263175,3.0601792355907795,32
1140,0.011896789073944092,0.004067006159783317,0.0013053417205810547,0.00032268107258844953,"LinearSVR(C=1.0, dual=True, epsilon=0.0, fit_intercept=True,
          intercept_scaling=1.0, loss='epsilon_insensitive', max_iter=1000,
          random_state=None, tol=0.0001, verbose=0)",,1000000.0,,7.553469387755102,,,,"{'model': LinearSVR(C=1.0, dual=True, epsilon=0.0, fit_intercept=True,
          intercept_scaling=1.0, loss='epsilon_insensitive', max_iter=1000,
          random_state=None, tol=0.0001, verbose=0), 'model__C': 7.553469387755102, 'model__max_iter': 1000000.0}",-7.667239145212024,-2.9575819679728665,-3.1952147155276913,-10.233682816534012,-6.013429661311648,3.075148903253596,28
1141,0.013411223888397217,0.0033166316861897695,0.0013636946678161621,0.0003360947046923988,"LinearSVR(C=1.0, dual=True, epsilon=0.0, fit_intercept=True,
          intercept_scaling=1.0, loss='epsilon_insensitive', max_iter=1000,
          random_state=None, tol=0.0001, verbose=0)",,1000000.0,,7.75734693877551,,,,"{'model': LinearSVR(C=1.0, dual=True, epsilon=0.0, fit_intercept=True,
          intercept_scaling=1.0, loss='epsilon_insensitive', max_iter=1000,
          random_state=None, tol=0.0001, verbose=0), 'model__C': 7.75734693877551, 'model__max_iter': 1000000.0}",-7.634107268683356,-2.9591204334167203,-3.194968216847916,-10.229532566514251,-6.004432121365561,3.0689707380865614,21
1142,0.01512974500656128,0.003308493599987321,0.0013399720191955566,0.00021238347735424848,"LinearSVR(C=1.0, dual=True, epsilon=0.0, fit_intercept=True,
          intercept_scaling=1.0, loss='epsilon_insensitive', max_iter=1000,
          random_state=None, tol=0.0001, verbose=0)",,1000000.0,,7.961224489795918,,,,"{'model': LinearSVR(C=1.0, dual=True, epsilon=0.0, fit_intercept=True,
          intercept_scaling=1.0, loss='epsilon_insensitive', max_iter=1000,
          random_state=None, tol=0.0001, verbose=0), 'model__C': 7.961224489795918, 'model__max_iter': 1000000.0}",-7.642570466946667,-2.9567492349211957,-3.1992998065521348,-10.203934560510781,-6.000638517232694,3.0608985073772446,20
1143,0.01800084114074707,0.005069508854940471,0.0013284683227539062,0.0003452606856119567,"LinearSVR(C=1.0, dual=True, epsilon=0.0, fit_intercept=True,
          intercept_scaling=1.0, loss='epsilon_insensitive', max_iter=1000,
          random_state=None, tol=0.0001, verbose=0)",,1000000.0,,8.165102040816327,,,,"{'model': LinearSVR(C=1.0, dual=True, epsilon=0.0, fit_intercept=True,
          intercept_scaling=1.0, loss='epsilon_insensitive', max_iter=1000,
          random_state=None, tol=0.0001, verbose=0), 'model__C': 8.165102040816327, 'model__max_iter': 1000000.0}",-7.651163381763388,-2.9593358365737643,-3.2048672239768363,-10.229351066718566,-6.01117937725814,3.0688620380879694,25
1144,0.016066670417785645,0.0043113924063357505,0.0012820959091186523,0.0002801049238608498,"LinearSVR(C=1.0, dual=True, epsilon=0.0, fit_intercept=True,
          intercept_scaling=1.0, loss='epsilon_insensitive', max_iter=1000,
          random_state=None, tol=0.0001, verbose=0)",,1000000.0,,8.368979591836734,,,,"{'model': LinearSVR(C=1.0, dual=True, epsilon=0.0, fit_intercept=True,
          intercept_scaling=1.0, loss='epsilon_insensitive', max_iter=1000,
          random_state=None, tol=0.0001, verbose=0), 'model__C': 8.368979591836734, 'model__max_iter': 1000000.0}",-7.659297471678752,-2.95376129024889,-3.195660923312537,-10.217389674331674,-6.006527339892963,3.069338742866165,24
1145,0.015854060649871826,0.0028216091911587647,0.0013950467109680176,0.00037518412936736093,"LinearSVR(C=1.0, dual=True, epsilon=0.0, fit_intercept=True,
          intercept_scaling=1.0, loss='epsilon_insensitive', max_iter=1000,
          random_state=None, tol=0.0001, verbose=0)",,1000000.0,,8.572857142857142,,,,"{'model': LinearSVR(C=1.0, dual=True, epsilon=0.0, fit_intercept=True,
          intercept_scaling=1.0, loss='epsilon_insensitive', max_iter=1000,
          random_state=None, tol=0.0001, verbose=0), 'model__C': 8.572857142857142, 'model__max_iter': 1000000.0}",-7.664325415574451,-2.9580324426046345,-3.1956857343411165,-10.231525951842436,-6.01239238609066,3.0737973992252186,26
1146,0.017468929290771484,0.004679808252050463,0.0010840892791748047,0.0001027438857135176,"LinearSVR(C=1.0, dual=True, epsilon=0.0, fit_intercept=True,
          intercept_scaling=1.0, loss='epsilon_insensitive', max_iter=1000,
          random_state=None, tol=0.0001, verbose=0)",,1000000.0,,8.77673469387755,,,,"{'model': LinearSVR(C=1.0, dual=True, epsilon=0.0, fit_intercept=True,
          intercept_scaling=1.0, loss='epsilon_insensitive', max_iter=1000,
          random_state=None, tol=0.0001, verbose=0), 'model__C': 8.77673469387755, 'model__max_iter': 1000000.0}",-7.667739946002954,-2.9384079986632794,-3.196271542247189,-10.215379627258468,-6.0044497785429725,3.0734728555310724,22
1147,0.01954495906829834,0.0029786164982178757,0.0010815858840942383,0.00011469017887609455,"LinearSVR(C=1.0, dual=True, epsilon=0.0, fit_intercept=True,
          intercept_scaling=1.0, loss='epsilon_insensitive', max_iter=1000,
          random_state=None, tol=0.0001, verbose=0)",,1000000.0,,8.980612244897959,,,,"{'model': LinearSVR(C=1.0, dual=True, epsilon=0.0, fit_intercept=True,
          intercept_scaling=1.0, loss='epsilon_insensitive', max_iter=1000,
          random_state=None, tol=0.0001, verbose=0), 'model__C': 8.980612244897959, 'model__max_iter': 1000000.0}",-7.675486114182556,-2.936593940957919,-3.1955010723395243,-10.216108126740755,-6.005922313555189,3.0754004648915685,23
1148,0.015133976936340332,0.004709335710784268,0.0013846158981323242,0.000231931744577148,"LinearSVR(C=1.0, dual=True, epsilon=0.0, fit_intercept=True,
          intercept_scaling=1.0, loss='epsilon_insensitive', max_iter=1000,
          random_state=None, tol=0.0001, verbose=0)",,1000000.0,,9.184489795918367,,,,"{'model': LinearSVR(C=1.0, dual=True, epsilon=0.0, fit_intercept=True,
          intercept_scaling=1.0, loss='epsilon_insensitive', max_iter=1000,
          random_state=None, tol=0.0001, verbose=0), 'model__C': 9.184489795918367, 'model__max_iter': 1000000.0}",-7.678340345360627,-2.9417511551536353,-3.198218622011454,-10.166062779093414,-5.996093225404783,3.05678381758137,19
1149,0.017784297466278076,0.006254279550623627,0.0012880563735961914,0.00018054698506787155,"LinearSVR(C=1.0, dual=True, epsilon=0.0, fit_intercept=True,
          intercept_scaling=1.0, loss='epsilon_insensitive', max_iter=1000,
          random_state=None, tol=0.0001, verbose=0)",,1000000.0,,9.388367346938775,,,,"{'model': LinearSVR(C=1.0, dual=True, epsilon=0.0, fit_intercept=True,
          intercept_scaling=1.0, loss='epsilon_insensitive', max_iter=1000,
          random_state=None, tol=0.0001, verbose=0), 'model__C': 9.388367346938775, 'model__max_iter': 1000000.0}",-7.684095262412755,-2.95289277745263,-3.1962630759068316,-10.225992555699237,-6.014810917867863,3.0757159998030486,30
1150,0.019125819206237793,0.0040682906558321295,0.0012110471725463867,0.0002868114315800827,"LinearSVR(C=1.0, dual=True, epsilon=0.0, fit_intercept=True,
          intercept_scaling=1.0, loss='epsilon_insensitive', max_iter=1000,
          random_state=None, tol=0.0001, verbose=0)",,1000000.0,,9.592244897959183,,,,"{'model': LinearSVR(C=1.0, dual=True, epsilon=0.0, fit_intercept=True,
          intercept_scaling=1.0, loss='epsilon_insensitive', max_iter=1000,
          random_state=None, tol=0.0001, verbose=0), 'model__C': 9.592244897959183, 'model__max_iter': 1000000.0}",-7.66836624094526,-2.967939374876144,-3.198076242881926,-10.217065939959188,-6.012861949665629,3.0663739869763935,27
1151,0.020026862621307373,0.006928790376895761,0.0015798211097717285,0.0005566379805839418,"LinearSVR(C=1.0, dual=True, epsilon=0.0, fit_intercept=True,
          intercept_scaling=1.0, loss='epsilon_insensitive', max_iter=1000,
          random_state=None, tol=0.0001, verbose=0)",,1000000.0,,9.796122448979592,,,,"{'model': LinearSVR(C=1.0, dual=True, epsilon=0.0, fit_intercept=True,
          intercept_scaling=1.0, loss='epsilon_insensitive', max_iter=1000,
          random_state=None, tol=0.0001, verbose=0), 'model__C': 9.796122448979592, 'model__max_iter': 1000000.0}",-7.67766750798562,-2.988038259359229,-3.196966309433761,-10.215267113429395,-6.019484797552002,3.062288273215826,31
1152,0.01777595281600952,0.004648227473490821,0.0011355280876159668,0.00020466178951572783,"LinearSVR(C=1.0, dual=True, epsilon=0.0, fit_intercept=True,
          intercept_scaling=1.0, loss='epsilon_insensitive', max_iter=1000,
          random_state=None, tol=0.0001, verbose=0)",,1000000.0,,10.0,,,,"{'model': LinearSVR(C=1.0, dual=True, epsilon=0.0, fit_intercept=True,
          intercept_scaling=1.0, loss='epsilon_insensitive', max_iter=1000,
          random_state=None, tol=0.0001, verbose=0), 'model__C': 10.0, 'model__max_iter': 1000000.0}",-7.684066293590281,-2.9854561489568097,-3.198307858189091,-10.190884845007236,-6.014678786435855,3.055146751204458,29
1153,0.005267024040222168,0.001015426246848385,0.0016657114028930664,3.524908027614702e-05,"SVR(C=1.0, cache_size=200, coef0=0.0, degree=3, epsilon=0.1, gamma='scale',
    kernel='rbf', max_iter=-1, shrinking=True, tol=0.001, verbose=False)",,,,0.01,2,,,"{'model': SVR(C=1.0, cache_size=200, coef0=0.0, degree=3, epsilon=0.1, gamma='scale',
    kernel='rbf', max_iter=-1, shrinking=True, tol=0.001, verbose=False), 'model__C': 0.01, 'model__degree': 2}",-44.197758262252776,-16.827709343967452,-35.96008481441694,-107.32411289368137,-51.07741632857963,33.9580502614516,1279
1154,0.004866063594818115,0.00016864878028912742,0.0017474889755249023,0.0002085927881936654,"SVR(C=1.0, cache_size=200, coef0=0.0, degree=3, epsilon=0.1, gamma='scale',
    kernel='rbf', max_iter=-1, shrinking=True, tol=0.001, verbose=False)",,,,0.01,3,,,"{'model': SVR(C=1.0, cache_size=200, coef0=0.0, degree=3, epsilon=0.1, gamma='scale',
    kernel='rbf', max_iter=-1, shrinking=True, tol=0.001, verbose=False), 'model__C': 0.01, 'model__degree': 3}",-44.197758262252776,-16.827709343967452,-35.96008481441694,-107.32411289368137,-51.07741632857963,33.9580502614516,1279
1155,0.004268050193786621,0.0005218559946606335,0.0015352964401245117,0.00016325062611411402,"SVR(C=1.0, cache_size=200, coef0=0.0, degree=3, epsilon=0.1, gamma='scale',
    kernel='rbf', max_iter=-1, shrinking=True, tol=0.001, verbose=False)",,,,0.21387755102040817,2,,,"{'model': SVR(C=1.0, cache_size=200, coef0=0.0, degree=3, epsilon=0.1, gamma='scale',
    kernel='rbf', max_iter=-1, shrinking=True, tol=0.001, verbose=False), 'model__C': 0.21387755102040817, 'model__degree': 2}",-32.85281372509748,-8.753004780147664,-23.51019361623299,-97.4132385080098,-40.63231265737198,33.88971590056001,670
1156,0.0042032599449157715,0.0007128225379659101,0.00139695405960083,0.0003234901454267751,"SVR(C=1.0, cache_size=200, coef0=0.0, degree=3, epsilon=0.1, gamma='scale',
    kernel='rbf', max_iter=-1, shrinking=True, tol=0.001, verbose=False)",,,,0.21387755102040817,3,,,"{'model': SVR(C=1.0, cache_size=200, coef0=0.0, degree=3, epsilon=0.1, gamma='scale',
    kernel='rbf', max_iter=-1, shrinking=True, tol=0.001, verbose=False), 'model__C': 0.21387755102040817, 'model__degree': 3}",-32.85281372509748,-8.753004780147664,-23.51019361623299,-97.4132385080098,-40.63231265737198,33.88971590056001,670
1157,0.005211174488067627,0.001194622995204961,0.0015444755554199219,0.00030535998782709557,"SVR(C=1.0, cache_size=200, coef0=0.0, degree=3, epsilon=0.1, gamma='scale',
    kernel='rbf', max_iter=-1, shrinking=True, tol=0.001, verbose=False)",,,,0.41775510204081634,2,,,"{'model': SVR(C=1.0, cache_size=200, coef0=0.0, degree=3, epsilon=0.1, gamma='scale',
    kernel='rbf', max_iter=-1, shrinking=True, tol=0.001, verbose=False), 'model__C': 0.41775510204081634, 'model__degree': 2}",-28.59811558583132,-6.221104854482487,-22.35428620424718,-96.26435503611118,-38.35946542016804,34.414023935042174,636
1158,0.004738211631774902,8.778669534439658e-05,0.0015845298767089844,5.9074668309107054e-05,"SVR(C=1.0, cache_size=200, coef0=0.0, degree=3, epsilon=0.1, gamma='scale',
    kernel='rbf', max_iter=-1, shrinking=True, tol=0.001, verbose=False)",,,,0.41775510204081634,3,,,"{'model': SVR(C=1.0, cache_size=200, coef0=0.0, degree=3, epsilon=0.1, gamma='scale',
    kernel='rbf', max_iter=-1, shrinking=True, tol=0.001, verbose=False), 'model__C': 0.41775510204081634, 'model__degree': 3}",-28.59811558583132,-6.221104854482487,-22.35428620424718,-96.26435503611118,-38.35946542016804,34.414023935042174,636
1159,0.004501938819885254,0.0005989277459048986,0.0014548301696777344,0.00014406628828459377,"SVR(C=1.0, cache_size=200, coef0=0.0, degree=3, epsilon=0.1, gamma='scale',
    kernel='rbf', max_iter=-1, shrinking=True, tol=0.001, verbose=False)",,,,0.6216326530612245,2,,,"{'model': SVR(C=1.0, cache_size=200, coef0=0.0, degree=3, epsilon=0.1, gamma='scale',
    kernel='rbf', max_iter=-1, shrinking=True, tol=0.001, verbose=False), 'model__C': 0.6216326530612245, 'model__degree': 2}",-26.32647640266491,-5.7660959572202835,-22.6276640074092,-95.7033046736571,-37.605885260237876,34.42620550334541,625
1160,0.0045157670974731445,0.0002472370489169921,0.0014490485191345215,5.004302468349405e-05,"SVR(C=1.0, cache_size=200, coef0=0.0, degree=3, epsilon=0.1, gamma='scale',
    kernel='rbf', max_iter=-1, shrinking=True, tol=0.001, verbose=False)",,,,0.6216326530612245,3,,,"{'model': SVR(C=1.0, cache_size=200, coef0=0.0, degree=3, epsilon=0.1, gamma='scale',
    kernel='rbf', max_iter=-1, shrinking=True, tol=0.001, verbose=False), 'model__C': 0.6216326530612245, 'model__degree': 3}",-26.32647640266491,-5.7660959572202835,-22.6276640074092,-95.7033046736571,-37.605885260237876,34.42620550334541,625
1161,0.004721939563751221,0.0003521865461848646,0.001652836799621582,7.067783964527823e-05,"SVR(C=1.0, cache_size=200, coef0=0.0, degree=3, epsilon=0.1, gamma='scale',
    kernel='rbf', max_iter=-1, shrinking=True, tol=0.001, verbose=False)",,,,0.8255102040816327,2,,,"{'model': SVR(C=1.0, cache_size=200, coef0=0.0, degree=3, epsilon=0.1, gamma='scale',
    kernel='rbf', max_iter=-1, shrinking=True, tol=0.001, verbose=False), 'model__C': 0.8255102040816327, 'model__degree': 2}",-24.65333268933966,-5.324720597154135,-21.250667760818214,-93.46688015802096,-36.17390030133324,33.87323344781379,604
1162,0.004897415637969971,0.00015590299859929828,0.0015975236892700195,1.557450092727799e-05,"SVR(C=1.0, cache_size=200, coef0=0.0, degree=3, epsilon=0.1, gamma='scale',
    kernel='rbf', max_iter=-1, shrinking=True, tol=0.001, verbose=False)",,,,0.8255102040816327,3,,,"{'model': SVR(C=1.0, cache_size=200, coef0=0.0, degree=3, epsilon=0.1, gamma='scale',
    kernel='rbf', max_iter=-1, shrinking=True, tol=0.001, verbose=False), 'model__C': 0.8255102040816327, 'model__degree': 3}",-24.65333268933966,-5.324720597154135,-21.250667760818214,-93.46688015802096,-36.17390030133324,33.87323344781379,604
1163,0.004761397838592529,0.0003249432422735898,0.0016399621963500977,8.074236234209354e-05,"SVR(C=1.0, cache_size=200, coef0=0.0, degree=3, epsilon=0.1, gamma='scale',
    kernel='rbf', max_iter=-1, shrinking=True, tol=0.001, verbose=False)",,,,1.029387755102041,2,,,"{'model': SVR(C=1.0, cache_size=200, coef0=0.0, degree=3, epsilon=0.1, gamma='scale',
    kernel='rbf', max_iter=-1, shrinking=True, tol=0.001, verbose=False), 'model__C': 1.029387755102041, 'model__degree': 2}",-22.373964684254126,-4.535500262262809,-20.25555119841986,-93.01255643692863,-35.04439314546636,34.16997989416237,589
1164,0.005014896392822266,0.0010099853533171478,0.0015774965286254883,6.210277703478523e-05,"SVR(C=1.0, cache_size=200, coef0=0.0, degree=3, epsilon=0.1, gamma='scale',
    kernel='rbf', max_iter=-1, shrinking=True, tol=0.001, verbose=False)",,,,1.029387755102041,3,,,"{'model': SVR(C=1.0, cache_size=200, coef0=0.0, degree=3, epsilon=0.1, gamma='scale',
    kernel='rbf', max_iter=-1, shrinking=True, tol=0.001, verbose=False), 'model__C': 1.029387755102041, 'model__degree': 3}",-22.373964684254126,-4.535500262262809,-20.25555119841986,-93.01255643692863,-35.04439314546636,34.16997989416237,589
1165,0.004879295825958252,0.00021950670273811185,0.0014670491218566895,0.00021356365849033897,"SVR(C=1.0, cache_size=200, coef0=0.0, degree=3, epsilon=0.1, gamma='scale',
    kernel='rbf', max_iter=-1, shrinking=True, tol=0.001, verbose=False)",,,,1.233265306122449,2,,,"{'model': SVR(C=1.0, cache_size=200, coef0=0.0, degree=3, epsilon=0.1, gamma='scale',
    kernel='rbf', max_iter=-1, shrinking=True, tol=0.001, verbose=False), 'model__C': 1.233265306122449, 'model__degree': 2}",-21.081782603824774,-4.5953618880360825,-19.0384243512013,-92.33208544461027,-34.26191357191811,34.12374403009518,565
1166,0.0048277974128723145,0.00020033633620820688,0.0016016364097595215,8.620181495700913e-05,"SVR(C=1.0, cache_size=200, coef0=0.0, degree=3, epsilon=0.1, gamma='scale',
    kernel='rbf', max_iter=-1, shrinking=True, tol=0.001, verbose=False)",,,,1.233265306122449,3,,,"{'model': SVR(C=1.0, cache_size=200, coef0=0.0, degree=3, epsilon=0.1, gamma='scale',
    kernel='rbf', max_iter=-1, shrinking=True, tol=0.001, verbose=False), 'model__C': 1.233265306122449, 'model__degree': 3}",-21.081782603824774,-4.5953618880360825,-19.0384243512013,-92.33208544461027,-34.26191357191811,34.12374403009518,565
1167,0.004970669746398926,0.0001735245486647027,0.001629948616027832,0.00012830935039355565,"SVR(C=1.0, cache_size=200, coef0=0.0, degree=3, epsilon=0.1, gamma='scale',
    kernel='rbf', max_iter=-1, shrinking=True, tol=0.001, verbose=False)",,,,1.437142857142857,2,,,"{'model': SVR(C=1.0, cache_size=200, coef0=0.0, degree=3, epsilon=0.1, gamma='scale',
    kernel='rbf', max_iter=-1, shrinking=True, tol=0.001, verbose=False), 'model__C': 1.437142857142857, 'model__degree': 2}",-20.673286073692744,-4.748577790129187,-19.079710579621587,-93.27717194956821,-34.44468659825293,34.528445416126196,574
1168,0.005016922950744629,0.0001393108850737128,0.001674652099609375,3.110745796391864e-05,"SVR(C=1.0, cache_size=200, coef0=0.0, degree=3, epsilon=0.1, gamma='scale',
    kernel='rbf', max_iter=-1, shrinking=True, tol=0.001, verbose=False)",,,,1.437142857142857,3,,,"{'model': SVR(C=1.0, cache_size=200, coef0=0.0, degree=3, epsilon=0.1, gamma='scale',
    kernel='rbf', max_iter=-1, shrinking=True, tol=0.001, verbose=False), 'model__C': 1.437142857142857, 'model__degree': 3}",-20.673286073692744,-4.748577790129187,-19.079710579621587,-93.27717194956821,-34.44468659825293,34.528445416126196,574
1169,0.004491627216339111,0.0002261992656820476,0.0014412999153137207,0.00021391743300548769,"SVR(C=1.0, cache_size=200, coef0=0.0, degree=3, epsilon=0.1, gamma='scale',
    kernel='rbf', max_iter=-1, shrinking=True, tol=0.001, verbose=False)",,,,1.6410204081632653,2,,,"{'model': SVR(C=1.0, cache_size=200, coef0=0.0, degree=3, epsilon=0.1, gamma='scale',
    kernel='rbf', max_iter=-1, shrinking=True, tol=0.001, verbose=False), 'model__C': 1.6410204081632653, 'model__degree': 2}",-20.265453597965934,-4.393331376634871,-19.02003867678387,-93.76469149768653,-34.3608787872678,34.86003890167679,571
1170,0.004849910736083984,0.0002454106723247588,0.0017025470733642578,8.200923342919864e-05,"SVR(C=1.0, cache_size=200, coef0=0.0, degree=3, epsilon=0.1, gamma='scale',
    kernel='rbf', max_iter=-1, shrinking=True, tol=0.001, verbose=False)",,,,1.6410204081632653,3,,,"{'model': SVR(C=1.0, cache_size=200, coef0=0.0, degree=3, epsilon=0.1, gamma='scale',
    kernel='rbf', max_iter=-1, shrinking=True, tol=0.001, verbose=False), 'model__C': 1.6410204081632653, 'model__degree': 3}",-20.265453597965934,-4.393331376634871,-19.02003867678387,-93.76469149768653,-34.3608787872678,34.86003890167679,571
1171,0.004634737968444824,0.0002848374950339413,0.0014147162437438965,0.0002404545858145559,"SVR(C=1.0, cache_size=200, coef0=0.0, degree=3, epsilon=0.1, gamma='scale',
    kernel='rbf', max_iter=-1, shrinking=True, tol=0.001, verbose=False)",,,,1.8448979591836736,2,,,"{'model': SVR(C=1.0, cache_size=200, coef0=0.0, degree=3, epsilon=0.1, gamma='scale',
    kernel='rbf', max_iter=-1, shrinking=True, tol=0.001, verbose=False), 'model__C': 1.8448979591836736, 'model__degree': 2}",-19.76447449275316,-4.337486778429782,-18.80334615930925,-93.5071410701839,-34.10311212516902,34.83715859160454,561
1172,0.0049523115158081055,0.0007051859051224323,0.0014864206314086914,0.0002848530606304816,"SVR(C=1.0, cache_size=200, coef0=0.0, degree=3, epsilon=0.1, gamma='scale',
    kernel='rbf', max_iter=-1, shrinking=True, tol=0.001, verbose=False)",,,,1.8448979591836736,3,,,"{'model': SVR(C=1.0, cache_size=200, coef0=0.0, degree=3, epsilon=0.1, gamma='scale',
    kernel='rbf', max_iter=-1, shrinking=True, tol=0.001, verbose=False), 'model__C': 1.8448979591836736, 'model__degree': 3}",-19.76447449275316,-4.337486778429782,-18.80334615930925,-93.5071410701839,-34.10311212516902,34.83715859160454,561
1173,0.004467964172363281,0.000454232258720874,0.001424551010131836,0.00027550414522430804,"SVR(C=1.0, cache_size=200, coef0=0.0, degree=3, epsilon=0.1, gamma='scale',
    kernel='rbf', max_iter=-1, shrinking=True, tol=0.001, verbose=False)",,,,2.0487755102040817,2,,,"{'model': SVR(C=1.0, cache_size=200, coef0=0.0, degree=3, epsilon=0.1, gamma='scale',
    kernel='rbf', max_iter=-1, shrinking=True, tol=0.001, verbose=False), 'model__C': 2.0487755102040817, 'model__degree': 2}",-19.366908063030383,-4.253722681699645,-18.64646465063904,-92.89275741415115,-33.78996320238005,34.651406377208374,554
1174,0.004777014255523682,0.00023258929188837199,0.0016832947731018066,0.00015831840796597945,"SVR(C=1.0, cache_size=200, coef0=0.0, degree=3, epsilon=0.1, gamma='scale',
    kernel='rbf', max_iter=-1, shrinking=True, tol=0.001, verbose=False)",,,,2.0487755102040817,3,,,"{'model': SVR(C=1.0, cache_size=200, coef0=0.0, degree=3, epsilon=0.1, gamma='scale',
    kernel='rbf', max_iter=-1, shrinking=True, tol=0.001, verbose=False), 'model__C': 2.0487755102040817, 'model__degree': 3}",-19.366908063030383,-4.253722681699645,-18.64646465063904,-92.89275741415115,-33.78996320238005,34.651406377208374,554
1175,0.004280447959899902,0.00036359390270157235,0.0012947916984558105,0.0002332792923403022,"SVR(C=1.0, cache_size=200, coef0=0.0, degree=3, epsilon=0.1, gamma='scale',
    kernel='rbf', max_iter=-1, shrinking=True, tol=0.001, verbose=False)",,,,2.2526530612244895,2,,,"{'model': SVR(C=1.0, cache_size=200, coef0=0.0, degree=3, epsilon=0.1, gamma='scale',
    kernel='rbf', max_iter=-1, shrinking=True, tol=0.001, verbose=False), 'model__C': 2.2526530612244895, 'model__degree': 2}",-19.08282035252115,-4.150590871593376,-18.114026455387584,-91.96359583394151,-33.327758378360905,34.36511471034017,548
1176,0.0047394633293151855,7.88436533884035e-05,0.0015234947204589844,0.0001407233222295062,"SVR(C=1.0, cache_size=200, coef0=0.0, degree=3, epsilon=0.1, gamma='scale',
    kernel='rbf', max_iter=-1, shrinking=True, tol=0.001, verbose=False)",,,,2.2526530612244895,3,,,"{'model': SVR(C=1.0, cache_size=200, coef0=0.0, degree=3, epsilon=0.1, gamma='scale',
    kernel='rbf', max_iter=-1, shrinking=True, tol=0.001, verbose=False), 'model__C': 2.2526530612244895, 'model__degree': 3}",-19.08282035252115,-4.150590871593376,-18.114026455387584,-91.96359583394151,-33.327758378360905,34.36511471034017,548
1177,0.004978537559509277,0.00018377932126775742,0.0016580820083618164,6.97920251392475e-05,"SVR(C=1.0, cache_size=200, coef0=0.0, degree=3, epsilon=0.1, gamma='scale',
    kernel='rbf', max_iter=-1, shrinking=True, tol=0.001, verbose=False)",,,,2.4565306122448978,2,,,"{'model': SVR(C=1.0, cache_size=200, coef0=0.0, degree=3, epsilon=0.1, gamma='scale',
    kernel='rbf', max_iter=-1, shrinking=True, tol=0.001, verbose=False), 'model__C': 2.4565306122448978, 'model__degree': 2}",-18.836567321067214,-4.07517307058307,-17.738679746658235,-91.44236714376952,-33.02319682051951,34.22595673980373,542
1178,0.0045506954193115234,0.0004228309977156602,0.0014105439186096191,0.0002329315581972549,"SVR(C=1.0, cache_size=200, coef0=0.0, degree=3, epsilon=0.1, gamma='scale',
    kernel='rbf', max_iter=-1, shrinking=True, tol=0.001, verbose=False)",,,,2.4565306122448978,3,,,"{'model': SVR(C=1.0, cache_size=200, coef0=0.0, degree=3, epsilon=0.1, gamma='scale',
    kernel='rbf', max_iter=-1, shrinking=True, tol=0.001, verbose=False), 'model__C': 2.4565306122448978, 'model__degree': 3}",-18.836567321067214,-4.07517307058307,-17.738679746658235,-91.44236714376952,-33.02319682051951,34.22595673980373,542
1179,0.00470578670501709,0.0009586093366867727,0.0014337897300720215,0.0002857355596068113,"SVR(C=1.0, cache_size=200, coef0=0.0, degree=3, epsilon=0.1, gamma='scale',
    kernel='rbf', max_iter=-1, shrinking=True, tol=0.001, verbose=False)",,,,2.660408163265306,2,,,"{'model': SVR(C=1.0, cache_size=200, coef0=0.0, degree=3, epsilon=0.1, gamma='scale',
    kernel='rbf', max_iter=-1, shrinking=True, tol=0.001, verbose=False), 'model__C': 2.660408163265306, 'model__degree': 2}",-18.588691293386386,-4.062896023731261,-17.441620838310264,-90.63761317066823,-32.68270533152403,33.944059552794435,532
1180,0.005280196666717529,0.00031638910708159347,0.0016615986824035645,0.00023689920616650975,"SVR(C=1.0, cache_size=200, coef0=0.0, degree=3, epsilon=0.1, gamma='scale',
    kernel='rbf', max_iter=-1, shrinking=True, tol=0.001, verbose=False)",,,,2.660408163265306,3,,,"{'model': SVR(C=1.0, cache_size=200, coef0=0.0, degree=3, epsilon=0.1, gamma='scale',
    kernel='rbf', max_iter=-1, shrinking=True, tol=0.001, verbose=False), 'model__C': 2.660408163265306, 'model__degree': 3}",-18.588691293386386,-4.062896023731261,-17.441620838310264,-90.63761317066823,-32.68270533152403,33.944059552794435,532
1181,0.004691720008850098,0.00014673210880945133,0.0014137029647827148,0.00025328574232952637,"SVR(C=1.0, cache_size=200, coef0=0.0, degree=3, epsilon=0.1, gamma='scale',
    kernel='rbf', max_iter=-1, shrinking=True, tol=0.001, verbose=False)",,,,2.864285714285714,2,,,"{'model': SVR(C=1.0, cache_size=200, coef0=0.0, degree=3, epsilon=0.1, gamma='scale',
    kernel='rbf', max_iter=-1, shrinking=True, tol=0.001, verbose=False), 'model__C': 2.864285714285714, 'model__degree': 2}",-18.49154308859579,-4.09942263481638,-17.203443233985972,-90.21337671562142,-32.50194641825489,33.79218898419942,529
1182,0.004545688629150391,0.0005952228578192479,0.00135880708694458,0.0002603493971768215,"SVR(C=1.0, cache_size=200, coef0=0.0, degree=3, epsilon=0.1, gamma='scale',
    kernel='rbf', max_iter=-1, shrinking=True, tol=0.001, verbose=False)",,,,2.864285714285714,3,,,"{'model': SVR(C=1.0, cache_size=200, coef0=0.0, degree=3, epsilon=0.1, gamma='scale',
    kernel='rbf', max_iter=-1, shrinking=True, tol=0.001, verbose=False), 'model__C': 2.864285714285714, 'model__degree': 3}",-18.49154308859579,-4.09942263481638,-17.203443233985972,-90.21337671562142,-32.50194641825489,33.79218898419942,529
1183,0.005998432636260986,0.0028095660748358063,0.0015332698822021484,0.00031409948961764854,"SVR(C=1.0, cache_size=200, coef0=0.0, degree=3, epsilon=0.1, gamma='scale',
    kernel='rbf', max_iter=-1, shrinking=True, tol=0.001, verbose=False)",,,,3.068163265306122,2,,,"{'model': SVR(C=1.0, cache_size=200, coef0=0.0, degree=3, epsilon=0.1, gamma='scale',
    kernel='rbf', max_iter=-1, shrinking=True, tol=0.001, verbose=False), 'model__C': 3.068163265306122, 'model__degree': 2}",-18.407716051589606,-4.164954765767262,-16.97702996442266,-89.84100718419715,-32.34767699149417,33.65385620451444,523
1184,0.005024254322052002,0.00039749519804771716,0.0016292333602905273,0.0001226145632189905,"SVR(C=1.0, cache_size=200, coef0=0.0, degree=3, epsilon=0.1, gamma='scale',
    kernel='rbf', max_iter=-1, shrinking=True, tol=0.001, verbose=False)",,,,3.068163265306122,3,,,"{'model': SVR(C=1.0, cache_size=200, coef0=0.0, degree=3, epsilon=0.1, gamma='scale',
    kernel='rbf', max_iter=-1, shrinking=True, tol=0.001, verbose=False), 'model__C': 3.068163265306122, 'model__degree': 3}",-18.407716051589606,-4.164954765767262,-16.97702996442266,-89.84100718419715,-32.34767699149417,33.65385620451444,523
1185,0.005064427852630615,0.00010422824457356383,0.001585543155670166,3.7480043312925275e-05,"SVR(C=1.0, cache_size=200, coef0=0.0, degree=3, epsilon=0.1, gamma='scale',
    kernel='rbf', max_iter=-1, shrinking=True, tol=0.001, verbose=False)",,,,3.2720408163265304,2,,,"{'model': SVR(C=1.0, cache_size=200, coef0=0.0, degree=3, epsilon=0.1, gamma='scale',
    kernel='rbf', max_iter=-1, shrinking=True, tol=0.001, verbose=False), 'model__C': 3.2720408163265304, 'model__degree': 2}",-18.306584512277364,-4.22737403280011,-16.7678821852411,-89.55071757117422,-32.2131395753732,33.551263660996376,518
1186,0.005456268787384033,0.00043132693112395365,0.0017197132110595703,0.00012255607843341014,"SVR(C=1.0, cache_size=200, coef0=0.0, degree=3, epsilon=0.1, gamma='scale',
    kernel='rbf', max_iter=-1, shrinking=True, tol=0.001, verbose=False)",,,,3.2720408163265304,3,,,"{'model': SVR(C=1.0, cache_size=200, coef0=0.0, degree=3, epsilon=0.1, gamma='scale',
    kernel='rbf', max_iter=-1, shrinking=True, tol=0.001, verbose=False), 'model__C': 3.2720408163265304, 'model__degree': 3}",-18.306584512277364,-4.22737403280011,-16.7678821852411,-89.55071757117422,-32.2131395753732,33.551263660996376,518
1187,0.005245566368103027,0.0001318162075933551,0.0018622279167175293,0.00032137269641659236,"SVR(C=1.0, cache_size=200, coef0=0.0, degree=3, epsilon=0.1, gamma='scale',
    kernel='rbf', max_iter=-1, shrinking=True, tol=0.001, verbose=False)",,,,3.4759183673469387,2,,,"{'model': SVR(C=1.0, cache_size=200, coef0=0.0, degree=3, epsilon=0.1, gamma='scale',
    kernel='rbf', max_iter=-1, shrinking=True, tol=0.001, verbose=False), 'model__C': 3.4759183673469387, 'model__degree': 2}",-18.22080013926854,-4.257517806247353,-16.54488424320042,-89.28547419702093,-32.07716909643431,33.46630396319749,515
1188,0.005097508430480957,0.000447069246239312,0.0016173124313354492,0.00019797425921257215,"SVR(C=1.0, cache_size=200, coef0=0.0, degree=3, epsilon=0.1, gamma='scale',
    kernel='rbf', max_iter=-1, shrinking=True, tol=0.001, verbose=False)",,,,3.4759183673469387,3,,,"{'model': SVR(C=1.0, cache_size=200, coef0=0.0, degree=3, epsilon=0.1, gamma='scale',
    kernel='rbf', max_iter=-1, shrinking=True, tol=0.001, verbose=False), 'model__C': 3.4759183673469387, 'model__degree': 3}",-18.22080013926854,-4.257517806247353,-16.54488424320042,-89.28547419702093,-32.07716909643431,33.46630396319749,515
1189,0.004809021949768066,0.0008415451859546579,0.00146406888961792,0.00029278609053249644,"SVR(C=1.0, cache_size=200, coef0=0.0, degree=3, epsilon=0.1, gamma='scale',
    kernel='rbf', max_iter=-1, shrinking=True, tol=0.001, verbose=False)",,,,3.679795918367347,2,,,"{'model': SVR(C=1.0, cache_size=200, coef0=0.0, degree=3, epsilon=0.1, gamma='scale',
    kernel='rbf', max_iter=-1, shrinking=True, tol=0.001, verbose=False), 'model__C': 3.679795918367347, 'model__degree': 2}",-18.143465501421584,-4.320084513308988,-16.377173728642244,-88.97641253411209,-31.954284069371226,33.34875258475851,511
1190,0.005739450454711914,0.0013603752755431398,0.0015385150909423828,0.0003703960197653286,"SVR(C=1.0, cache_size=200, coef0=0.0, degree=3, epsilon=0.1, gamma='scale',
    kernel='rbf', max_iter=-1, shrinking=True, tol=0.001, verbose=False)",,,,3.679795918367347,3,,,"{'model': SVR(C=1.0, cache_size=200, coef0=0.0, degree=3, epsilon=0.1, gamma='scale',
    kernel='rbf', max_iter=-1, shrinking=True, tol=0.001, verbose=False), 'model__C': 3.679795918367347, 'model__degree': 3}",-18.143465501421584,-4.320084513308988,-16.377173728642244,-88.97641253411209,-31.954284069371226,33.34875258475851,511
1191,0.004990220069885254,0.000193998423032969,0.0014930367469787598,0.00028705306696256305,"SVR(C=1.0, cache_size=200, coef0=0.0, degree=3, epsilon=0.1, gamma='scale',
    kernel='rbf', max_iter=-1, shrinking=True, tol=0.001, verbose=False)",,,,3.883673469387755,2,,,"{'model': SVR(C=1.0, cache_size=200, coef0=0.0, degree=3, epsilon=0.1, gamma='scale',
    kernel='rbf', max_iter=-1, shrinking=True, tol=0.001, verbose=False), 'model__C': 3.883673469387755, 'model__degree': 2}",-18.066193440837115,-4.37254397575821,-16.282626897348983,-88.53938744633987,-31.815187940071045,33.17012518692414,509
1192,0.004784762859344482,0.000442770884130468,0.0018724799156188965,0.0007596215802349582,"SVR(C=1.0, cache_size=200, coef0=0.0, degree=3, epsilon=0.1, gamma='scale',
    kernel='rbf', max_iter=-1, shrinking=True, tol=0.001, verbose=False)",,,,3.883673469387755,3,,,"{'model': SVR(C=1.0, cache_size=200, coef0=0.0, degree=3, epsilon=0.1, gamma='scale',
    kernel='rbf', max_iter=-1, shrinking=True, tol=0.001, verbose=False), 'model__C': 3.883673469387755, 'model__degree': 3}",-18.066193440837115,-4.37254397575821,-16.282626897348983,-88.53938744633987,-31.815187940071045,33.17012518692414,509
1193,0.004507303237915039,0.0005300685530263337,0.00157850980758667,0.00041024658562455613,"SVR(C=1.0, cache_size=200, coef0=0.0, degree=3, epsilon=0.1, gamma='scale',
    kernel='rbf', max_iter=-1, shrinking=True, tol=0.001, verbose=False)",,,,4.0875510204081635,2,,,"{'model': SVR(C=1.0, cache_size=200, coef0=0.0, degree=3, epsilon=0.1, gamma='scale',
    kernel='rbf', max_iter=-1, shrinking=True, tol=0.001, verbose=False), 'model__C': 4.0875510204081635, 'model__degree': 2}",-17.965536041395726,-4.425971115988509,-16.312950238389146,-88.23643226191447,-31.735222414421962,33.03646720895908,505
1194,0.005655109882354736,0.0005461405836128808,0.0018027424812316895,0.00017368530644212943,"SVR(C=1.0, cache_size=200, coef0=0.0, degree=3, epsilon=0.1, gamma='scale',
    kernel='rbf', max_iter=-1, shrinking=True, tol=0.001, verbose=False)",,,,4.0875510204081635,3,,,"{'model': SVR(C=1.0, cache_size=200, coef0=0.0, degree=3, epsilon=0.1, gamma='scale',
    kernel='rbf', max_iter=-1, shrinking=True, tol=0.001, verbose=False), 'model__C': 4.0875510204081635, 'model__degree': 3}",-17.965536041395726,-4.425971115988509,-16.312950238389146,-88.23643226191447,-31.735222414421962,33.03646720895908,505
1195,0.005724549293518066,0.0005089816342985856,0.0019109845161437988,0.0002613575726185361,"SVR(C=1.0, cache_size=200, coef0=0.0, degree=3, epsilon=0.1, gamma='scale',
    kernel='rbf', max_iter=-1, shrinking=True, tol=0.001, verbose=False)",,,,4.291428571428571,2,,,"{'model': SVR(C=1.0, cache_size=200, coef0=0.0, degree=3, epsilon=0.1, gamma='scale',
    kernel='rbf', max_iter=-1, shrinking=True, tol=0.001, verbose=False), 'model__C': 4.291428571428571, 'model__degree': 2}",-17.860218954742763,-4.484789553386873,-16.363847387480863,-87.82856317285066,-31.63435476711529,32.85499643376508,500
1196,0.004789292812347412,0.0006215226054146974,0.0015734434127807617,0.0004554761695333619,"SVR(C=1.0, cache_size=200, coef0=0.0, degree=3, epsilon=0.1, gamma='scale',
    kernel='rbf', max_iter=-1, shrinking=True, tol=0.001, verbose=False)",,,,4.291428571428571,3,,,"{'model': SVR(C=1.0, cache_size=200, coef0=0.0, degree=3, epsilon=0.1, gamma='scale',
    kernel='rbf', max_iter=-1, shrinking=True, tol=0.001, verbose=False), 'model__C': 4.291428571428571, 'model__degree': 3}",-17.860218954742763,-4.484789553386873,-16.363847387480863,-87.82856317285066,-31.63435476711529,32.85499643376508,500
1197,0.004476070404052734,0.0006951328878589065,0.00129777193069458,0.0003028036745451777,"SVR(C=1.0, cache_size=200, coef0=0.0, degree=3, epsilon=0.1, gamma='scale',
    kernel='rbf', max_iter=-1, shrinking=True, tol=0.001, verbose=False)",,,,4.495306122448979,2,,,"{'model': SVR(C=1.0, cache_size=200, coef0=0.0, degree=3, epsilon=0.1, gamma='scale',
    kernel='rbf', max_iter=-1, shrinking=True, tol=0.001, verbose=False), 'model__C': 4.495306122448979, 'model__degree': 2}",-17.73509488924019,-4.53154908001112,-16.4210404882828,-87.31631591655969,-31.50100009352345,32.632828931095304,497
1198,0.0055370330810546875,0.0009126471842081937,0.0015883445739746094,6.646962896221975e-05,"SVR(C=1.0, cache_size=200, coef0=0.0, degree=3, epsilon=0.1, gamma='scale',
    kernel='rbf', max_iter=-1, shrinking=True, tol=0.001, verbose=False)",,,,4.495306122448979,3,,,"{'model': SVR(C=1.0, cache_size=200, coef0=0.0, degree=3, epsilon=0.1, gamma='scale',
    kernel='rbf', max_iter=-1, shrinking=True, tol=0.001, verbose=False), 'model__C': 4.495306122448979, 'model__degree': 3}",-17.73509488924019,-4.53154908001112,-16.4210404882828,-87.31631591655969,-31.50100009352345,32.632828931095304,497
1199,0.005293428897857666,0.00032026872425814116,0.0016157031059265137,0.00020373417760106483,"SVR(C=1.0, cache_size=200, coef0=0.0, degree=3, epsilon=0.1, gamma='scale',
    kernel='rbf', max_iter=-1, shrinking=True, tol=0.001, verbose=False)",,,,4.6991836734693875,2,,,"{'model': SVR(C=1.0, cache_size=200, coef0=0.0, degree=3, epsilon=0.1, gamma='scale',
    kernel='rbf', max_iter=-1, shrinking=True, tol=0.001, verbose=False), 'model__C': 4.6991836734693875, 'model__degree': 2}",-17.615015095765607,-4.566056283663126,-16.466342605208773,-86.98794043330726,-31.408838604486192,32.492765642907756,495
1200,0.005023002624511719,0.00012299267884287933,0.0015107989311218262,0.00018855438315335668,"SVR(C=1.0, cache_size=200, coef0=0.0, degree=3, epsilon=0.1, gamma='scale',
    kernel='rbf', max_iter=-1, shrinking=True, tol=0.001, verbose=False)",,,,4.6991836734693875,3,,,"{'model': SVR(C=1.0, cache_size=200, coef0=0.0, degree=3, epsilon=0.1, gamma='scale',
    kernel='rbf', max_iter=-1, shrinking=True, tol=0.001, verbose=False), 'model__C': 4.6991836734693875, 'model__degree': 3}",-17.615015095765607,-4.566056283663126,-16.466342605208773,-86.98794043330726,-31.408838604486192,32.492765642907756,495
1201,0.004619181156158447,0.0005561393134581024,0.001421809196472168,0.00023818854321037405,"SVR(C=1.0, cache_size=200, coef0=0.0, degree=3, epsilon=0.1, gamma='scale',
    kernel='rbf', max_iter=-1, shrinking=True, tol=0.001, verbose=False)",,,,4.903061224489796,2,,,"{'model': SVR(C=1.0, cache_size=200, coef0=0.0, degree=3, epsilon=0.1, gamma='scale',
    kernel='rbf', max_iter=-1, shrinking=True, tol=0.001, verbose=False), 'model__C': 4.903061224489796, 'model__degree': 2}",-17.499051387274672,-4.604273588121263,-16.53703771874409,-86.76250874024367,-31.350717858595925,32.39271767366715,492
1202,0.00542902946472168,0.0003255074210418208,0.0017462372779846191,0.00011844021850704309,"SVR(C=1.0, cache_size=200, coef0=0.0, degree=3, epsilon=0.1, gamma='scale',
    kernel='rbf', max_iter=-1, shrinking=True, tol=0.001, verbose=False)",,,,4.903061224489796,3,,,"{'model': SVR(C=1.0, cache_size=200, coef0=0.0, degree=3, epsilon=0.1, gamma='scale',
    kernel='rbf', max_iter=-1, shrinking=True, tol=0.001, verbose=False), 'model__C': 4.903061224489796, 'model__degree': 3}",-17.499051387274672,-4.604273588121263,-16.53703771874409,-86.76250874024367,-31.350717858595925,32.39271767366715,492
1203,0.005270242691040039,9.225674617379444e-05,0.00180894136428833,0.00022854273077521097,"SVR(C=1.0, cache_size=200, coef0=0.0, degree=3, epsilon=0.1, gamma='scale',
    kernel='rbf', max_iter=-1, shrinking=True, tol=0.001, verbose=False)",,,,5.106938775510204,2,,,"{'model': SVR(C=1.0, cache_size=200, coef0=0.0, degree=3, epsilon=0.1, gamma='scale',
    kernel='rbf', max_iter=-1, shrinking=True, tol=0.001, verbose=False), 'model__C': 5.106938775510204, 'model__degree': 2}",-17.39112698866558,-4.651901835751671,-16.628657159450213,-86.53738619565439,-31.302268044880464,32.287749217441416,489
1204,0.005335748195648193,0.0004421796152730953,0.0017054080963134766,0.0001223107062658061,"SVR(C=1.0, cache_size=200, coef0=0.0, degree=3, epsilon=0.1, gamma='scale',
    kernel='rbf', max_iter=-1, shrinking=True, tol=0.001, verbose=False)",,,,5.106938775510204,3,,,"{'model': SVR(C=1.0, cache_size=200, coef0=0.0, degree=3, epsilon=0.1, gamma='scale',
    kernel='rbf', max_iter=-1, shrinking=True, tol=0.001, verbose=False), 'model__C': 5.106938775510204, 'model__degree': 3}",-17.39112698866558,-4.651901835751671,-16.628657159450213,-86.53738619565439,-31.302268044880464,32.287749217441416,489
1205,0.005860030651092529,0.0017300551023304513,0.0015914440155029297,0.00045207277901857787,"SVR(C=1.0, cache_size=200, coef0=0.0, degree=3, epsilon=0.1, gamma='scale',
    kernel='rbf', max_iter=-1, shrinking=True, tol=0.001, verbose=False)",,,,5.310816326530612,2,,,"{'model': SVR(C=1.0, cache_size=200, coef0=0.0, degree=3, epsilon=0.1, gamma='scale',
    kernel='rbf', max_iter=-1, shrinking=True, tol=0.001, verbose=False), 'model__C': 5.310816326530612, 'model__degree': 2}",-17.30062416749685,-4.66268046644454,-16.72031830341637,-86.36021074067298,-31.260958419507688,32.20914910329593,487
1206,0.005293488502502441,0.00017787923500715635,0.0016454458236694336,8.410762404772817e-05,"SVR(C=1.0, cache_size=200, coef0=0.0, degree=3, epsilon=0.1, gamma='scale',
    kernel='rbf', max_iter=-1, shrinking=True, tol=0.001, verbose=False)",,,,5.310816326530612,3,,,"{'model': SVR(C=1.0, cache_size=200, coef0=0.0, degree=3, epsilon=0.1, gamma='scale',
    kernel='rbf', max_iter=-1, shrinking=True, tol=0.001, verbose=False), 'model__C': 5.310816326530612, 'model__degree': 3}",-17.30062416749685,-4.66268046644454,-16.72031830341637,-86.36021074067298,-31.260958419507688,32.20914910329593,487
1207,0.005499482154846191,0.00041903991573546804,0.0017586946487426758,0.00010959872840241514,"SVR(C=1.0, cache_size=200, coef0=0.0, degree=3, epsilon=0.1, gamma='scale',
    kernel='rbf', max_iter=-1, shrinking=True, tol=0.001, verbose=False)",,,,5.514693877551021,2,,,"{'model': SVR(C=1.0, cache_size=200, coef0=0.0, degree=3, epsilon=0.1, gamma='scale',
    kernel='rbf', max_iter=-1, shrinking=True, tol=0.001, verbose=False), 'model__C': 5.514693877551021, 'model__degree': 2}",-17.210435889338683,-4.662125459388354,-16.81807591782931,-86.1256240400099,-31.20406532664156,32.107750386479346,485
1208,0.00474172830581665,0.0005949642698828492,0.0013836026191711426,0.000224445443035177,"SVR(C=1.0, cache_size=200, coef0=0.0, degree=3, epsilon=0.1, gamma='scale',
    kernel='rbf', max_iter=-1, shrinking=True, tol=0.001, verbose=False)",,,,5.514693877551021,3,,,"{'model': SVR(C=1.0, cache_size=200, coef0=0.0, degree=3, epsilon=0.1, gamma='scale',
    kernel='rbf', max_iter=-1, shrinking=True, tol=0.001, verbose=False), 'model__C': 5.514693877551021, 'model__degree': 3}",-17.210435889338683,-4.662125459388354,-16.81807591782931,-86.1256240400099,-31.20406532664156,32.107750386479346,485
1209,0.005846977233886719,0.001363687955470989,0.0016002655029296875,0.00015649060717922575,"SVR(C=1.0, cache_size=200, coef0=0.0, degree=3, epsilon=0.1, gamma='scale',
    kernel='rbf', max_iter=-1, shrinking=True, tol=0.001, verbose=False)",,,,5.718571428571428,2,,,"{'model': SVR(C=1.0, cache_size=200, coef0=0.0, degree=3, epsilon=0.1, gamma='scale',
    kernel='rbf', max_iter=-1, shrinking=True, tol=0.001, verbose=False), 'model__C': 5.718571428571428, 'model__degree': 2}",-17.113865961051374,-4.661823908295942,-16.928281874774836,-85.81160895741891,-31.128895175385267,31.971798158756666,481
1210,0.005551278591156006,0.00033648867160617814,0.0016754865646362305,5.54456489698239e-05,"SVR(C=1.0, cache_size=200, coef0=0.0, degree=3, epsilon=0.1, gamma='scale',
    kernel='rbf', max_iter=-1, shrinking=True, tol=0.001, verbose=False)",,,,5.718571428571428,3,,,"{'model': SVR(C=1.0, cache_size=200, coef0=0.0, degree=3, epsilon=0.1, gamma='scale',
    kernel='rbf', max_iter=-1, shrinking=True, tol=0.001, verbose=False), 'model__C': 5.718571428571428, 'model__degree': 3}",-17.113865961051374,-4.661823908295942,-16.928281874774836,-85.81160895741891,-31.128895175385267,31.971798158756666,481
1211,0.00585097074508667,0.000908865342116092,0.0016078352928161621,0.0001421373081655732,"SVR(C=1.0, cache_size=200, coef0=0.0, degree=3, epsilon=0.1, gamma='scale',
    kernel='rbf', max_iter=-1, shrinking=True, tol=0.001, verbose=False)",,,,5.922448979591836,2,,,"{'model': SVR(C=1.0, cache_size=200, coef0=0.0, degree=3, epsilon=0.1, gamma='scale',
    kernel='rbf', max_iter=-1, shrinking=True, tol=0.001, verbose=False), 'model__C': 5.922448979591836, 'model__degree': 2}",-17.041396858949916,-4.667484008624265,-17.00281172644568,-85.26844988196792,-30.995035618996948,31.73810735402344,478
1212,0.004962027072906494,0.0002535870137831886,0.0014570951461791992,0.0002374774417765801,"SVR(C=1.0, cache_size=200, coef0=0.0, degree=3, epsilon=0.1, gamma='scale',
    kernel='rbf', max_iter=-1, shrinking=True, tol=0.001, verbose=False)",,,,5.922448979591836,3,,,"{'model': SVR(C=1.0, cache_size=200, coef0=0.0, degree=3, epsilon=0.1, gamma='scale',
    kernel='rbf', max_iter=-1, shrinking=True, tol=0.001, verbose=False), 'model__C': 5.922448979591836, 'model__degree': 3}",-17.041396858949916,-4.667484008624265,-17.00281172644568,-85.26844988196792,-30.995035618996948,31.73810735402344,478
1213,0.005387067794799805,0.00014807953193308893,0.0017592310905456543,0.00012000739142064152,"SVR(C=1.0, cache_size=200, coef0=0.0, degree=3, epsilon=0.1, gamma='scale',
    kernel='rbf', max_iter=-1, shrinking=True, tol=0.001, verbose=False)",,,,6.1263265306122445,2,,,"{'model': SVR(C=1.0, cache_size=200, coef0=0.0, degree=3, epsilon=0.1, gamma='scale',
    kernel='rbf', max_iter=-1, shrinking=True, tol=0.001, verbose=False), 'model__C': 6.1263265306122445, 'model__degree': 2}",-16.979624957550474,-4.663604888506533,-17.048011635359668,-84.72132613124585,-30.85314190316563,31.506861217931373,475
1214,0.005754351615905762,0.0007377820554923773,0.0015480518341064453,0.00021626214539648838,"SVR(C=1.0, cache_size=200, coef0=0.0, degree=3, epsilon=0.1, gamma='scale',
    kernel='rbf', max_iter=-1, shrinking=True, tol=0.001, verbose=False)",,,,6.1263265306122445,3,,,"{'model': SVR(C=1.0, cache_size=200, coef0=0.0, degree=3, epsilon=0.1, gamma='scale',
    kernel='rbf', max_iter=-1, shrinking=True, tol=0.001, verbose=False), 'model__C': 6.1263265306122445, 'model__degree': 3}",-16.979624957550474,-4.663604888506533,-17.048011635359668,-84.72132613124585,-30.85314190316563,31.506861217931373,475
1215,0.005237162113189697,0.00013049060440663626,0.0017148852348327637,7.282592481178764e-05,"SVR(C=1.0, cache_size=200, coef0=0.0, degree=3, epsilon=0.1, gamma='scale',
    kernel='rbf', max_iter=-1, shrinking=True, tol=0.001, verbose=False)",,,,6.330204081632653,2,,,"{'model': SVR(C=1.0, cache_size=200, coef0=0.0, degree=3, epsilon=0.1, gamma='scale',
    kernel='rbf', max_iter=-1, shrinking=True, tol=0.001, verbose=False), 'model__C': 6.330204081632653, 'model__degree': 2}",-16.930621024548905,-4.654111994283538,-17.076133265071444,-84.22874056167997,-30.722401711395964,31.300630516652383,470
1216,0.005502581596374512,0.0006222142428872937,0.001729428768157959,0.00013793585015766397,"SVR(C=1.0, cache_size=200, coef0=0.0, degree=3, epsilon=0.1, gamma='scale',
    kernel='rbf', max_iter=-1, shrinking=True, tol=0.001, verbose=False)",,,,6.330204081632653,3,,,"{'model': SVR(C=1.0, cache_size=200, coef0=0.0, degree=3, epsilon=0.1, gamma='scale',
    kernel='rbf', max_iter=-1, shrinking=True, tol=0.001, verbose=False), 'model__C': 6.330204081632653, 'model__degree': 3}",-16.930621024548905,-4.654111994283538,-17.076133265071444,-84.22874056167997,-30.722401711395964,31.300630516652383,470
1217,0.005354762077331543,0.0001536198917513253,0.0018007159233093262,0.00028405707085282095,"SVR(C=1.0, cache_size=200, coef0=0.0, degree=3, epsilon=0.1, gamma='scale',
    kernel='rbf', max_iter=-1, shrinking=True, tol=0.001, verbose=False)",,,,6.534081632653061,2,,,"{'model': SVR(C=1.0, cache_size=200, coef0=0.0, degree=3, epsilon=0.1, gamma='scale',
    kernel='rbf', max_iter=-1, shrinking=True, tol=0.001, verbose=False), 'model__C': 6.534081632653061, 'model__degree': 2}",-16.892068560077437,-4.648026804188927,-17.074127363078826,-83.735353741686,-30.587394117257798,31.095525037088986,467
1218,0.005625486373901367,0.0004118673880773894,0.0017043352127075195,0.00026426613114061457,"SVR(C=1.0, cache_size=200, coef0=0.0, degree=3, epsilon=0.1, gamma='scale',
    kernel='rbf', max_iter=-1, shrinking=True, tol=0.001, verbose=False)",,,,6.534081632653061,3,,,"{'model': SVR(C=1.0, cache_size=200, coef0=0.0, degree=3, epsilon=0.1, gamma='scale',
    kernel='rbf', max_iter=-1, shrinking=True, tol=0.001, verbose=False), 'model__C': 6.534081632653061, 'model__degree': 3}",-16.892068560077437,-4.648026804188927,-17.074127363078826,-83.735353741686,-30.587394117257798,31.095525037088986,467
1219,0.005156755447387695,3.759952458180457e-05,0.0016820430755615234,4.4390376620607083e-05,"SVR(C=1.0, cache_size=200, coef0=0.0, degree=3, epsilon=0.1, gamma='scale',
    kernel='rbf', max_iter=-1, shrinking=True, tol=0.001, verbose=False)",,,,6.737959183673469,2,,,"{'model': SVR(C=1.0, cache_size=200, coef0=0.0, degree=3, epsilon=0.1, gamma='scale',
    kernel='rbf', max_iter=-1, shrinking=True, tol=0.001, verbose=False), 'model__C': 6.737959183673469, 'model__degree': 2}",-16.85653909523091,-4.642121678760647,-17.078426810454808,-83.29347396879115,-30.467640388309377,30.911402543130645,461
1220,0.005193650722503662,0.00012547969761489124,0.0016433000564575195,0.00013752779519294984,"SVR(C=1.0, cache_size=200, coef0=0.0, degree=3, epsilon=0.1, gamma='scale',
    kernel='rbf', max_iter=-1, shrinking=True, tol=0.001, verbose=False)",,,,6.737959183673469,3,,,"{'model': SVR(C=1.0, cache_size=200, coef0=0.0, degree=3, epsilon=0.1, gamma='scale',
    kernel='rbf', max_iter=-1, shrinking=True, tol=0.001, verbose=False), 'model__C': 6.737959183673469, 'model__degree': 3}",-16.85653909523091,-4.642121678760647,-17.078426810454808,-83.29347396879115,-30.467640388309377,30.911402543130645,461
1221,0.004868507385253906,0.0008914801449134166,0.0015122294425964355,0.00034679809454480373,"SVR(C=1.0, cache_size=200, coef0=0.0, degree=3, epsilon=0.1, gamma='scale',
    kernel='rbf', max_iter=-1, shrinking=True, tol=0.001, verbose=False)",,,,6.941836734693878,2,,,"{'model': SVR(C=1.0, cache_size=200, coef0=0.0, degree=3, epsilon=0.1, gamma='scale',
    kernel='rbf', max_iter=-1, shrinking=True, tol=0.001, verbose=False), 'model__C': 6.941836734693878, 'model__degree': 2}",-16.826598327407865,-4.632354267734394,-17.045366061544648,-82.84847163206514,-30.33819757218801,30.730204789255897,458
1222,0.00596928596496582,0.0006410899147451424,0.0018599629402160645,0.0005605412554320577,"SVR(C=1.0, cache_size=200, coef0=0.0, degree=3, epsilon=0.1, gamma='scale',
    kernel='rbf', max_iter=-1, shrinking=True, tol=0.001, verbose=False)",,,,6.941836734693878,3,,,"{'model': SVR(C=1.0, cache_size=200, coef0=0.0, degree=3, epsilon=0.1, gamma='scale',
    kernel='rbf', max_iter=-1, shrinking=True, tol=0.001, verbose=False), 'model__C': 6.941836734693878, 'model__degree': 3}",-16.826598327407865,-4.632354267734394,-17.045366061544648,-82.84847163206514,-30.33819757218801,30.730204789255897,458
1223,0.0060266852378845215,0.0008882684912829116,0.0014001727104187012,0.0003045839280942801,"SVR(C=1.0, cache_size=200, coef0=0.0, degree=3, epsilon=0.1, gamma='scale',
    kernel='rbf', max_iter=-1, shrinking=True, tol=0.001, verbose=False)",,,,7.145714285714286,2,,,"{'model': SVR(C=1.0, cache_size=200, coef0=0.0, degree=3, epsilon=0.1, gamma='scale',
    kernel='rbf', max_iter=-1, shrinking=True, tol=0.001, verbose=False), 'model__C': 7.145714285714286, 'model__degree': 2}",-16.790492084397574,-4.627952899370402,-16.987234932112436,-82.39034156643531,-30.19900537057893,30.545676474169987,455
1224,0.005207479000091553,0.00048190978252038756,0.0015574097633361816,0.00013378069656457976,"SVR(C=1.0, cache_size=200, coef0=0.0, degree=3, epsilon=0.1, gamma='scale',
    kernel='rbf', max_iter=-1, shrinking=True, tol=0.001, verbose=False)",,,,7.145714285714286,3,,,"{'model': SVR(C=1.0, cache_size=200, coef0=0.0, degree=3, epsilon=0.1, gamma='scale',
    kernel='rbf', max_iter=-1, shrinking=True, tol=0.001, verbose=False), 'model__C': 7.145714285714286, 'model__degree': 3}",-16.790492084397574,-4.627952899370402,-16.987234932112436,-82.39034156643531,-30.19900537057893,30.545676474169987,455
1225,0.005380809307098389,0.00023185298939903208,0.0016183853149414062,0.00017874915221062932,"SVR(C=1.0, cache_size=200, coef0=0.0, degree=3, epsilon=0.1, gamma='scale',
    kernel='rbf', max_iter=-1, shrinking=True, tol=0.001, verbose=False)",,,,7.349591836734694,2,,,"{'model': SVR(C=1.0, cache_size=200, coef0=0.0, degree=3, epsilon=0.1, gamma='scale',
    kernel='rbf', max_iter=-1, shrinking=True, tol=0.001, verbose=False), 'model__C': 7.349591836734694, 'model__degree': 2}",-16.742931112115635,-4.6256445839975155,-16.983571837774512,-81.8764890938519,-30.05715915693489,30.33229402141286,450
1226,0.005705535411834717,0.0002948469837867308,0.0019685029983520508,0.0003881658209261627,"SVR(C=1.0, cache_size=200, coef0=0.0, degree=3, epsilon=0.1, gamma='scale',
    kernel='rbf', max_iter=-1, shrinking=True, tol=0.001, verbose=False)",,,,7.349591836734694,3,,,"{'model': SVR(C=1.0, cache_size=200, coef0=0.0, degree=3, epsilon=0.1, gamma='scale',
    kernel='rbf', max_iter=-1, shrinking=True, tol=0.001, verbose=False), 'model__C': 7.349591836734694, 'model__degree': 3}",-16.742931112115635,-4.6256445839975155,-16.983571837774512,-81.8764890938519,-30.05715915693489,30.33229402141286,450
1227,0.0057509541511535645,0.0009140117801548025,0.0020260214805603027,0.0008081700634442392,"SVR(C=1.0, cache_size=200, coef0=0.0, degree=3, epsilon=0.1, gamma='scale',
    kernel='rbf', max_iter=-1, shrinking=True, tol=0.001, verbose=False)",,,,7.553469387755102,2,,,"{'model': SVR(C=1.0, cache_size=200, coef0=0.0, degree=3, epsilon=0.1, gamma='scale',
    kernel='rbf', max_iter=-1, shrinking=True, tol=0.001, verbose=False), 'model__C': 7.553469387755102, 'model__degree': 2}",-16.68131377265357,-4.623713116465793,-16.981461031710488,-81.33988864876892,-29.906594142399694,30.110525416944594,444
1228,0.005829274654388428,0.0011636384505853835,0.001567065715789795,0.000581526970233802,"SVR(C=1.0, cache_size=200, coef0=0.0, degree=3, epsilon=0.1, gamma='scale',
    kernel='rbf', max_iter=-1, shrinking=True, tol=0.001, verbose=False)",,,,7.553469387755102,3,,,"{'model': SVR(C=1.0, cache_size=200, coef0=0.0, degree=3, epsilon=0.1, gamma='scale',
    kernel='rbf', max_iter=-1, shrinking=True, tol=0.001, verbose=False), 'model__C': 7.553469387755102, 'model__degree': 3}",-16.68131377265357,-4.623713116465793,-16.981461031710488,-81.33988864876892,-29.906594142399694,30.110525416944594,444
1229,0.006776988506317139,0.0017263727263656264,0.0015041232109069824,0.00044601669000450165,"SVR(C=1.0, cache_size=200, coef0=0.0, degree=3, epsilon=0.1, gamma='scale',
    kernel='rbf', max_iter=-1, shrinking=True, tol=0.001, verbose=False)",,,,7.75734693877551,2,,,"{'model': SVR(C=1.0, cache_size=200, coef0=0.0, degree=3, epsilon=0.1, gamma='scale',
    kernel='rbf', max_iter=-1, shrinking=True, tol=0.001, verbose=False), 'model__C': 7.75734693877551, 'model__degree': 2}",-16.633085838768228,-4.6241498970556245,-16.994846985831067,-80.79253222296553,-29.761153736155112,29.880576078084445,440
1230,0.005406796932220459,0.00010309244930767598,0.0018711686134338379,0.0007551597408723505,"SVR(C=1.0, cache_size=200, coef0=0.0, degree=3, epsilon=0.1, gamma='scale',
    kernel='rbf', max_iter=-1, shrinking=True, tol=0.001, verbose=False)",,,,7.75734693877551,3,,,"{'model': SVR(C=1.0, cache_size=200, coef0=0.0, degree=3, epsilon=0.1, gamma='scale',
    kernel='rbf', max_iter=-1, shrinking=True, tol=0.001, verbose=False), 'model__C': 7.75734693877551, 'model__degree': 3}",-16.633085838768228,-4.6241498970556245,-16.994846985831067,-80.79253222296553,-29.761153736155112,29.880576078084445,440
1231,0.0055844783782958984,0.00123027781355912,0.0014872550964355469,0.0003378696215884849,"SVR(C=1.0, cache_size=200, coef0=0.0, degree=3, epsilon=0.1, gamma='scale',
    kernel='rbf', max_iter=-1, shrinking=True, tol=0.001, verbose=False)",,,,7.961224489795918,2,,,"{'model': SVR(C=1.0, cache_size=200, coef0=0.0, degree=3, epsilon=0.1, gamma='scale',
    kernel='rbf', max_iter=-1, shrinking=True, tol=0.001, verbose=False), 'model__C': 7.961224489795918, 'model__degree': 2}",-16.58229176832092,-4.630140693943696,-17.065228833266623,-80.24286416012632,-29.630131363914387,29.64275269065098,437
1232,0.0054514408111572266,9.988813767164418e-05,0.0016692280769348145,4.982217451050085e-05,"SVR(C=1.0, cache_size=200, coef0=0.0, degree=3, epsilon=0.1, gamma='scale',
    kernel='rbf', max_iter=-1, shrinking=True, tol=0.001, verbose=False)",,,,7.961224489795918,3,,,"{'model': SVR(C=1.0, cache_size=200, coef0=0.0, degree=3, epsilon=0.1, gamma='scale',
    kernel='rbf', max_iter=-1, shrinking=True, tol=0.001, verbose=False), 'model__C': 7.961224489795918, 'model__degree': 3}",-16.58229176832092,-4.630140693943696,-17.065228833266623,-80.24286416012632,-29.630131363914387,29.64275269065098,437
1233,0.006687462329864502,0.0014401746784251366,0.001782834529876709,0.00044567857281782575,"SVR(C=1.0, cache_size=200, coef0=0.0, degree=3, epsilon=0.1, gamma='scale',
    kernel='rbf', max_iter=-1, shrinking=True, tol=0.001, verbose=False)",,,,8.165102040816327,2,,,"{'model': SVR(C=1.0, cache_size=200, coef0=0.0, degree=3, epsilon=0.1, gamma='scale',
    kernel='rbf', max_iter=-1, shrinking=True, tol=0.001, verbose=False), 'model__C': 8.165102040816327, 'model__degree': 2}",-16.532149770008342,-4.637009560426491,-17.177772665288458,-79.70213372887272,-29.512266431149005,29.40418485838546,433
1234,0.005371510982513428,0.00011466327252861087,0.0016781091690063477,3.959633051020665e-05,"SVR(C=1.0, cache_size=200, coef0=0.0, degree=3, epsilon=0.1, gamma='scale',
    kernel='rbf', max_iter=-1, shrinking=True, tol=0.001, verbose=False)",,,,8.165102040816327,3,,,"{'model': SVR(C=1.0, cache_size=200, coef0=0.0, degree=3, epsilon=0.1, gamma='scale',
    kernel='rbf', max_iter=-1, shrinking=True, tol=0.001, verbose=False), 'model__C': 8.165102040816327, 'model__degree': 3}",-16.532149770008342,-4.637009560426491,-17.177772665288458,-79.70213372887272,-29.512266431149005,29.40418485838546,433
1235,0.005452632904052734,0.0008783772916895552,0.0016903877258300781,0.00041727273610920457,"SVR(C=1.0, cache_size=200, coef0=0.0, degree=3, epsilon=0.1, gamma='scale',
    kernel='rbf', max_iter=-1, shrinking=True, tol=0.001, verbose=False)",,,,8.368979591836734,2,,,"{'model': SVR(C=1.0, cache_size=200, coef0=0.0, degree=3, epsilon=0.1, gamma='scale',
    kernel='rbf', max_iter=-1, shrinking=True, tol=0.001, verbose=False), 'model__C': 8.368979591836734, 'model__degree': 2}",-16.480447332343577,-4.644647963321976,-17.303330394997896,-79.15343990371835,-29.39546639859545,29.161088847827408,431
1236,0.005326807498931885,0.0004846064912402252,0.0016456842422485352,0.0003714498911430107,"SVR(C=1.0, cache_size=200, coef0=0.0, degree=3, epsilon=0.1, gamma='scale',
    kernel='rbf', max_iter=-1, shrinking=True, tol=0.001, verbose=False)",,,,8.368979591836734,3,,,"{'model': SVR(C=1.0, cache_size=200, coef0=0.0, degree=3, epsilon=0.1, gamma='scale',
    kernel='rbf', max_iter=-1, shrinking=True, tol=0.001, verbose=False), 'model__C': 8.368979591836734, 'model__degree': 3}",-16.480447332343577,-4.644647963321976,-17.303330394997896,-79.15343990371835,-29.39546639859545,29.161088847827408,431
1237,0.005330145359039307,5.8231358591782975e-05,0.0017101168632507324,3.636152030834245e-05,"SVR(C=1.0, cache_size=200, coef0=0.0, degree=3, epsilon=0.1, gamma='scale',
    kernel='rbf', max_iter=-1, shrinking=True, tol=0.001, verbose=False)",,,,8.572857142857142,2,,,"{'model': SVR(C=1.0, cache_size=200, coef0=0.0, degree=3, epsilon=0.1, gamma='scale',
    kernel='rbf', max_iter=-1, shrinking=True, tol=0.001, verbose=False), 'model__C': 8.572857142857142, 'model__degree': 2}",-16.425379963410208,-4.646746804293275,-17.428437558609005,-78.64586190473054,-29.286606557760756,28.937372455881274,427
1238,0.005505502223968506,0.00023523635136331807,0.0018736720085144043,0.00033148952115397764,"SVR(C=1.0, cache_size=200, coef0=0.0, degree=3, epsilon=0.1, gamma='scale',
    kernel='rbf', max_iter=-1, shrinking=True, tol=0.001, verbose=False)",,,,8.572857142857142,3,,,"{'model': SVR(C=1.0, cache_size=200, coef0=0.0, degree=3, epsilon=0.1, gamma='scale',
    kernel='rbf', max_iter=-1, shrinking=True, tol=0.001, verbose=False), 'model__C': 8.572857142857142, 'model__degree': 3}",-16.425379963410208,-4.646746804293275,-17.428437558609005,-78.64586190473054,-29.286606557760756,28.937372455881274,427
1239,0.006061971187591553,0.00029795309076024274,0.0017789602279663086,0.0001704553201598207,"SVR(C=1.0, cache_size=200, coef0=0.0, degree=3, epsilon=0.1, gamma='scale',
    kernel='rbf', max_iter=-1, shrinking=True, tol=0.001, verbose=False)",,,,8.77673469387755,2,,,"{'model': SVR(C=1.0, cache_size=200, coef0=0.0, degree=3, epsilon=0.1, gamma='scale',
    kernel='rbf', max_iter=-1, shrinking=True, tol=0.001, verbose=False), 'model__C': 8.77673469387755, 'model__degree': 2}",-16.363179614373976,-4.641595017399497,-17.553928900743482,-78.21390842199098,-29.193152988626984,28.74844872434093,422
1240,0.004889070987701416,0.0007685316552190738,0.0016004443168640137,0.0003087526755437274,"SVR(C=1.0, cache_size=200, coef0=0.0, degree=3, epsilon=0.1, gamma='scale',
    kernel='rbf', max_iter=-1, shrinking=True, tol=0.001, verbose=False)",,,,8.77673469387755,3,,,"{'model': SVR(C=1.0, cache_size=200, coef0=0.0, degree=3, epsilon=0.1, gamma='scale',
    kernel='rbf', max_iter=-1, shrinking=True, tol=0.001, verbose=False), 'model__C': 8.77673469387755, 'model__degree': 3}",-16.363179614373976,-4.641595017399497,-17.553928900743482,-78.21390842199098,-29.193152988626984,28.74844872434093,422
1241,0.006354808807373047,0.0009751351217718548,0.0018115043640136719,0.0002948912557892455,"SVR(C=1.0, cache_size=200, coef0=0.0, degree=3, epsilon=0.1, gamma='scale',
    kernel='rbf', max_iter=-1, shrinking=True, tol=0.001, verbose=False)",,,,8.980612244897959,2,,,"{'model': SVR(C=1.0, cache_size=200, coef0=0.0, degree=3, epsilon=0.1, gamma='scale',
    kernel='rbf', max_iter=-1, shrinking=True, tol=0.001, verbose=False), 'model__C': 8.980612244897959, 'model__degree': 2}",-16.30243720679066,-4.6360096847361945,-17.678935602329506,-77.77611745406048,-29.09837498697921,28.5572650450197,419
1242,0.00589674711227417,0.000941402143077189,0.0015057921409606934,0.0002964139583962689,"SVR(C=1.0, cache_size=200, coef0=0.0, degree=3, epsilon=0.1, gamma='scale',
    kernel='rbf', max_iter=-1, shrinking=True, tol=0.001, verbose=False)",,,,8.980612244897959,3,,,"{'model': SVR(C=1.0, cache_size=200, coef0=0.0, degree=3, epsilon=0.1, gamma='scale',
    kernel='rbf', max_iter=-1, shrinking=True, tol=0.001, verbose=False), 'model__C': 8.980612244897959, 'model__degree': 3}",-16.30243720679066,-4.6360096847361945,-17.678935602329506,-77.77611745406048,-29.09837498697921,28.5572650450197,419
1243,0.006000876426696777,0.0007043123826334582,0.0017804503440856934,8.226121221278286e-05,"SVR(C=1.0, cache_size=200, coef0=0.0, degree=3, epsilon=0.1, gamma='scale',
    kernel='rbf', max_iter=-1, shrinking=True, tol=0.001, verbose=False)",,,,9.184489795918367,2,,,"{'model': SVR(C=1.0, cache_size=200, coef0=0.0, degree=3, epsilon=0.1, gamma='scale',
    kernel='rbf', max_iter=-1, shrinking=True, tol=0.001, verbose=False), 'model__C': 9.184489795918367, 'model__degree': 2}",-16.255252285203643,-4.638724680862224,-17.808573900783003,-77.33378637357514,-29.009084310106,28.360636993597794,416
1244,0.005406200885772705,0.0006123717126284573,0.0018922686576843262,0.0007545660145821435,"SVR(C=1.0, cache_size=200, coef0=0.0, degree=3, epsilon=0.1, gamma='scale',
    kernel='rbf', max_iter=-1, shrinking=True, tol=0.001, verbose=False)",,,,9.184489795918367,3,,,"{'model': SVR(C=1.0, cache_size=200, coef0=0.0, degree=3, epsilon=0.1, gamma='scale',
    kernel='rbf', max_iter=-1, shrinking=True, tol=0.001, verbose=False), 'model__C': 9.184489795918367, 'model__degree': 3}",-16.255252285203643,-4.638724680862224,-17.808573900783003,-77.33378637357514,-29.009084310106,28.360636993597794,416
1245,0.006078541278839111,0.0011933441435049632,0.0019295215606689453,0.0007669822673206582,"SVR(C=1.0, cache_size=200, coef0=0.0, degree=3, epsilon=0.1, gamma='scale',
    kernel='rbf', max_iter=-1, shrinking=True, tol=0.001, verbose=False)",,,,9.388367346938775,2,,,"{'model': SVR(C=1.0, cache_size=200, coef0=0.0, degree=3, epsilon=0.1, gamma='scale',
    kernel='rbf', max_iter=-1, shrinking=True, tol=0.001, verbose=False), 'model__C': 9.388367346938775, 'model__degree': 2}",-16.22989241348351,-4.6348795533175435,-17.940574245818677,-76.87920792639507,-28.9211385347537,28.157766758484986,413
1246,0.006048798561096191,0.0004736193475204532,0.0017076730728149414,0.00015222316791129378,"SVR(C=1.0, cache_size=200, coef0=0.0, degree=3, epsilon=0.1, gamma='scale',
    kernel='rbf', max_iter=-1, shrinking=True, tol=0.001, verbose=False)",,,,9.388367346938775,3,,,"{'model': SVR(C=1.0, cache_size=200, coef0=0.0, degree=3, epsilon=0.1, gamma='scale',
    kernel='rbf', max_iter=-1, shrinking=True, tol=0.001, verbose=False), 'model__C': 9.388367346938775, 'model__degree': 3}",-16.22989241348351,-4.6348795533175435,-17.940574245818677,-76.87920792639507,-28.9211385347537,28.157766758484986,413
1247,0.005969703197479248,0.00046419706643585623,0.0018110275268554688,0.00010363943471448637,"SVR(C=1.0, cache_size=200, coef0=0.0, degree=3, epsilon=0.1, gamma='scale',
    kernel='rbf', max_iter=-1, shrinking=True, tol=0.001, verbose=False)",,,,9.592244897959183,2,,,"{'model': SVR(C=1.0, cache_size=200, coef0=0.0, degree=3, epsilon=0.1, gamma='scale',
    kernel='rbf', max_iter=-1, shrinking=True, tol=0.001, verbose=False), 'model__C': 9.592244897959183, 'model__degree': 2}",-16.202862531781335,-4.629720015738287,-18.064979204787434,-76.42518061954505,-28.830685592963025,27.9565960061587,411
1248,0.0054811835289001465,0.00025637749536366487,0.001723170280456543,0.00010168664200448778,"SVR(C=1.0, cache_size=200, coef0=0.0, degree=3, epsilon=0.1, gamma='scale',
    kernel='rbf', max_iter=-1, shrinking=True, tol=0.001, verbose=False)",,,,9.592244897959183,3,,,"{'model': SVR(C=1.0, cache_size=200, coef0=0.0, degree=3, epsilon=0.1, gamma='scale',
    kernel='rbf', max_iter=-1, shrinking=True, tol=0.001, verbose=False), 'model__C': 9.592244897959183, 'model__degree': 3}",-16.202862531781335,-4.629720015738287,-18.064979204787434,-76.42518061954505,-28.830685592963025,27.9565960061587,411
1249,0.005460023880004883,0.0002183101301831767,0.0017672181129455566,0.00010810480143684909,"SVR(C=1.0, cache_size=200, coef0=0.0, degree=3, epsilon=0.1, gamma='scale',
    kernel='rbf', max_iter=-1, shrinking=True, tol=0.001, verbose=False)",,,,9.796122448979592,2,,,"{'model': SVR(C=1.0, cache_size=200, coef0=0.0, degree=3, epsilon=0.1, gamma='scale',
    kernel='rbf', max_iter=-1, shrinking=True, tol=0.001, verbose=False), 'model__C': 9.796122448979592, 'model__degree': 2}",-16.17282893682394,-4.62602732453573,-18.186513803068554,-75.94490170335904,-28.732567941946815,27.7448015919867,407
1250,0.006091654300689697,0.0002764551776425752,0.0018404126167297363,0.00011796605502432722,"SVR(C=1.0, cache_size=200, coef0=0.0, degree=3, epsilon=0.1, gamma='scale',
    kernel='rbf', max_iter=-1, shrinking=True, tol=0.001, verbose=False)",,,,9.796122448979592,3,,,"{'model': SVR(C=1.0, cache_size=200, coef0=0.0, degree=3, epsilon=0.1, gamma='scale',
    kernel='rbf', max_iter=-1, shrinking=True, tol=0.001, verbose=False), 'model__C': 9.796122448979592, 'model__degree': 3}",-16.17282893682394,-4.62602732453573,-18.186513803068554,-75.94490170335904,-28.732567941946815,27.7448015919867,407
1251,0.006034791469573975,0.0006930850930589664,0.001765131950378418,5.7398127854394574e-05,"SVR(C=1.0, cache_size=200, coef0=0.0, degree=3, epsilon=0.1, gamma='scale',
    kernel='rbf', max_iter=-1, shrinking=True, tol=0.001, verbose=False)",,,,10.0,2,,,"{'model': SVR(C=1.0, cache_size=200, coef0=0.0, degree=3, epsilon=0.1, gamma='scale',
    kernel='rbf', max_iter=-1, shrinking=True, tol=0.001, verbose=False), 'model__C': 10.0, 'model__degree': 2}",-16.14467100905717,-4.625033259303328,-18.310351818495818,-75.40495956444316,-28.62125391282487,27.50687888103257,404
1252,0.005281805992126465,0.0007855892271843593,0.0015130043029785156,0.0004482835812478436,"SVR(C=1.0, cache_size=200, coef0=0.0, degree=3, epsilon=0.1, gamma='scale',
    kernel='rbf', max_iter=-1, shrinking=True, tol=0.001, verbose=False)",,,,10.0,3,,,"{'model': SVR(C=1.0, cache_size=200, coef0=0.0, degree=3, epsilon=0.1, gamma='scale',
    kernel='rbf', max_iter=-1, shrinking=True, tol=0.001, verbose=False), 'model__C': 10.0, 'model__degree': 3}",-16.14467100905717,-4.625033259303328,-18.310351818495818,-75.40495956444316,-28.62125391282487,27.50687888103257,404
1253,0.0043759942054748535,0.0008288181242434382,0.0013406872749328613,0.0002433503045827005,"Lars(copy_X=True, eps=2.220446049250313e-16, fit_intercept=True, fit_path=True,
     n_nonzero_coefs=500, normalize=True, precompute='auto', verbose=False)",,,,,,1,False,"{'model': Lars(copy_X=True, eps=2.220446049250313e-16, fit_intercept=True, fit_path=True,
     n_nonzero_coefs=500, normalize=True, precompute='auto', verbose=False), 'model__n_nonzero_coefs': 1, 'model__normalize': False}",-43.458835950861456,-18.421595713902494,-29.59174455942132,-102.95475259397305,-48.60673220453958,32.60720923427556,905
1254,0.0047095417976379395,0.0004801363765797786,0.0014364123344421387,0.0003749367487834095,"Lars(copy_X=True, eps=2.220446049250313e-16, fit_intercept=True, fit_path=True,
     n_nonzero_coefs=500, normalize=True, precompute='auto', verbose=False)",,,,,,2,False,"{'model': Lars(copy_X=True, eps=2.220446049250313e-16, fit_intercept=True, fit_path=True,
     n_nonzero_coefs=500, normalize=True, precompute='auto', verbose=False), 'model__n_nonzero_coefs': 2, 'model__normalize': False}",-39.73380102466948,-18.81143974951211,-29.41141545320032,-113.06018484397444,-50.254210267839085,37.00790242183159,1015
1255,0.006044983863830566,0.0006139584066133861,0.0016954541206359863,0.00028266397233628267,"Lars(copy_X=True, eps=2.220446049250313e-16, fit_intercept=True, fit_path=True,
     n_nonzero_coefs=500, normalize=True, precompute='auto', verbose=False)",,,,,,3,False,"{'model': Lars(copy_X=True, eps=2.220446049250313e-16, fit_intercept=True, fit_path=True,
     n_nonzero_coefs=500, normalize=True, precompute='auto', verbose=False), 'model__n_nonzero_coefs': 3, 'model__normalize': False}",-38.818940860582686,-18.842357029624427,-28.365387598661282,-93.25978082778329,-44.82161657916292,28.844485047231064,723
1256,0.005476832389831543,0.00021542391821215837,0.0014952421188354492,8.91949205363462e-05,"Lars(copy_X=True, eps=2.220446049250313e-16, fit_intercept=True, fit_path=True,
     n_nonzero_coefs=500, normalize=True, precompute='auto', verbose=False)",,,,,,4,False,"{'model': Lars(copy_X=True, eps=2.220446049250313e-16, fit_intercept=True, fit_path=True,
     n_nonzero_coefs=500, normalize=True, precompute='auto', verbose=False), 'model__n_nonzero_coefs': 4, 'model__normalize': False}",-32.93275362823464,-18.847995197071707,-28.065198370182426,-60.642756617889276,-35.12217595334451,15.578378441531694,591
1257,0.005612075328826904,0.0003898568587748726,0.0015192031860351562,0.0001359747999228213,"Lars(copy_X=True, eps=2.220446049250313e-16, fit_intercept=True, fit_path=True,
     n_nonzero_coefs=500, normalize=True, precompute='auto', verbose=False)",,,,,,5,False,"{'model': Lars(copy_X=True, eps=2.220446049250313e-16, fit_intercept=True, fit_path=True,
     n_nonzero_coefs=500, normalize=True, precompute='auto', verbose=False), 'model__n_nonzero_coefs': 5, 'model__normalize': False}",-32.51901296385861,-18.310633084842507,-27.321948064204268,-51.55423840013949,-32.42645812826122,12.157231224432987,526
1258,0.006452620029449463,0.0001863631559489617,0.0016261935234069824,6.10536343852514e-05,"Lars(copy_X=True, eps=2.220446049250313e-16, fit_intercept=True, fit_path=True,
     n_nonzero_coefs=500, normalize=True, precompute='auto', verbose=False)",,,,,,6,False,"{'model': Lars(copy_X=True, eps=2.220446049250313e-16, fit_intercept=True, fit_path=True,
     n_nonzero_coefs=500, normalize=True, precompute='auto', verbose=False), 'model__n_nonzero_coefs': 6, 'model__normalize': False}",-32.37138924843656,-17.492978794671565,-26.572768815400515,-45.70102359670673,-30.534540113803843,10.236871951945412,465
1259,0.006634712219238281,0.00048459504354393017,0.0016587376594543457,0.00014317312355052,"Lars(copy_X=True, eps=2.220446049250313e-16, fit_intercept=True, fit_path=True,
     n_nonzero_coefs=500, normalize=True, precompute='auto', verbose=False)",,,,,,7,False,"{'model': Lars(copy_X=True, eps=2.220446049250313e-16, fit_intercept=True, fit_path=True,
     n_nonzero_coefs=500, normalize=True, precompute='auto', verbose=False), 'model__n_nonzero_coefs': 7, 'model__normalize': False}",-82.10751803187411,-17.474531621604786,-13.24986492775596,-23.682054431555898,-34.12849225319769,27.9481057566772,563
1260,0.00607377290725708,0.00034479017108793357,0.0014961957931518555,0.0003356302563395721,"Lars(copy_X=True, eps=2.220446049250313e-16, fit_intercept=True, fit_path=True,
     n_nonzero_coefs=500, normalize=True, precompute='auto', verbose=False)",,,,,,8,False,"{'model': Lars(copy_X=True, eps=2.220446049250313e-16, fit_intercept=True, fit_path=True,
     n_nonzero_coefs=500, normalize=True, precompute='auto', verbose=False), 'model__n_nonzero_coefs': 8, 'model__normalize': False}",-87.47720124278165,-17.70407860149985,-12.748933359616329,-14.482222088804146,-33.103108823175496,31.443210474598455,544
1261,0.006546497344970703,0.00016215872756717738,0.001431584358215332,0.0002982774365540571,"Lars(copy_X=True, eps=2.220446049250313e-16, fit_intercept=True, fit_path=True,
     n_nonzero_coefs=500, normalize=True, precompute='auto', verbose=False)",,,,,,9,False,"{'model': Lars(copy_X=True, eps=2.220446049250313e-16, fit_intercept=True, fit_path=True,
     n_nonzero_coefs=500, normalize=True, precompute='auto', verbose=False), 'model__n_nonzero_coefs': 9, 'model__normalize': False}",-231.4625899343312,-18.08142396699706,-12.495842511942802,-13.51867731644079,-68.88963343242796,93.88509302657529,1282
1262,0.00692141056060791,0.0008080096309729518,0.0013931989669799805,0.00036405972502932463,"Lars(copy_X=True, eps=2.220446049250313e-16, fit_intercept=True, fit_path=True,
     n_nonzero_coefs=500, normalize=True, precompute='auto', verbose=False)",,,,,,10,False,"{'model': Lars(copy_X=True, eps=2.220446049250313e-16, fit_intercept=True, fit_path=True,
     n_nonzero_coefs=500, normalize=True, precompute='auto', verbose=False), 'model__n_nonzero_coefs': 10, 'model__normalize': False}",-234.2629081597194,-42.96543658491672,-10.785592340986453,-13.407357026897545,-75.35532352813003,92.61145443310143,1283
1263,0.00786823034286499,0.0012699854940240926,0.0014150142669677734,0.00033790717923546304,"Lars(copy_X=True, eps=2.220446049250313e-16, fit_intercept=True, fit_path=True,
     n_nonzero_coefs=500, normalize=True, precompute='auto', verbose=False)",,,,,,11,False,"{'model': Lars(copy_X=True, eps=2.220446049250313e-16, fit_intercept=True, fit_path=True,
     n_nonzero_coefs=500, normalize=True, precompute='auto', verbose=False), 'model__n_nonzero_coefs': 11, 'model__normalize': False}",-375.3070912132615,-55.18807883747764,-17.820897267259316,-11.091510955245456,-114.85189456831098,151.30921321229079,1284
1264,0.006531238555908203,0.0006972819046963891,0.001304030418395996,0.00037816961543191683,"Lars(copy_X=True, eps=2.220446049250313e-16, fit_intercept=True, fit_path=True,
     n_nonzero_coefs=500, normalize=True, precompute='auto', verbose=False)",,,,,,12,False,"{'model': Lars(copy_X=True, eps=2.220446049250313e-16, fit_intercept=True, fit_path=True,
     n_nonzero_coefs=500, normalize=True, precompute='auto', verbose=False), 'model__n_nonzero_coefs': 12, 'model__normalize': False}",-431.2600875713988,-119.01508875054392,-28.792760511491753,-10.72818730198551,-147.449031033855,168.91499676742592,1285
1265,0.007455289363861084,0.0006545644636722226,0.001543879508972168,0.0006083340684341465,"Lars(copy_X=True, eps=2.220446049250313e-16, fit_intercept=True, fit_path=True,
     n_nonzero_coefs=500, normalize=True, precompute='auto', verbose=False)",,,,,,13,False,"{'model': Lars(copy_X=True, eps=2.220446049250313e-16, fit_intercept=True, fit_path=True,
     n_nonzero_coefs=500, normalize=True, precompute='auto', verbose=False), 'model__n_nonzero_coefs': 13, 'model__normalize': False}",-534.9317701035573,-177.30125647176283,-33.04659949643052,-10.61113559027417,-188.9726904155062,209.73179137763339,1286
1266,0.008179843425750732,0.0015807297827386273,0.0018360018730163574,0.0007327322961566264,"Lars(copy_X=True, eps=2.220446049250313e-16, fit_intercept=True, fit_path=True,
     n_nonzero_coefs=500, normalize=True, precompute='auto', verbose=False)",,,,,,14,False,"{'model': Lars(copy_X=True, eps=2.220446049250313e-16, fit_intercept=True, fit_path=True,
     n_nonzero_coefs=500, normalize=True, precompute='auto', verbose=False), 'model__n_nonzero_coefs': 14, 'model__normalize': False}",-543.0606687302902,-267.16483418909957,-36.340819948453394,-10.66276476943718,-214.3072719093201,214.48534980463836,1287
1267,0.00816124677658081,0.00032941736834294174,0.001562654972076416,0.000405113276009374,"Lars(copy_X=True, eps=2.220446049250313e-16, fit_intercept=True, fit_path=True,
     n_nonzero_coefs=500, normalize=True, precompute='auto', verbose=False)",,,,,,15,False,"{'model': Lars(copy_X=True, eps=2.220446049250313e-16, fit_intercept=True, fit_path=True,
     n_nonzero_coefs=500, normalize=True, precompute='auto', verbose=False), 'model__n_nonzero_coefs': 15, 'model__normalize': False}",-543.2594055184776,-322.94259925999444,-64.99476641691813,-11.159959393578264,-235.58918264724207,213.16807719189842,1288
1268,0.008178889751434326,0.0015053135030354673,0.0013311505317687988,0.0003216833190825227,"Lars(copy_X=True, eps=2.220446049250313e-16, fit_intercept=True, fit_path=True,
     n_nonzero_coefs=500, normalize=True, precompute='auto', verbose=False)",,,,,,16,False,"{'model': Lars(copy_X=True, eps=2.220446049250313e-16, fit_intercept=True, fit_path=True,
     n_nonzero_coefs=500, normalize=True, precompute='auto', verbose=False), 'model__n_nonzero_coefs': 16, 'model__normalize': False}",-617.352062870385,-338.45586251212495,-106.52566396019023,-11.246536870243395,-268.39503155323587,233.99068903646003,1289
1269,0.008776545524597168,0.001967089753040196,0.0015642642974853516,0.0006385594896751888,"Lars(copy_X=True, eps=2.220446049250313e-16, fit_intercept=True, fit_path=True,
     n_nonzero_coefs=500, normalize=True, precompute='auto', verbose=False)",,,,,,17,False,"{'model': Lars(copy_X=True, eps=2.220446049250313e-16, fit_intercept=True, fit_path=True,
     n_nonzero_coefs=500, normalize=True, precompute='auto', verbose=False), 'model__n_nonzero_coefs': 17, 'model__normalize': False}",-695.3086599242436,-532.8560873252995,-158.99556165743286,-15.64045526944222,-350.70019104410454,274.2952145224133,1290
1270,0.008689343929290771,0.0007558558680586567,0.0014973282814025879,0.0002934199724599474,"Lars(copy_X=True, eps=2.220446049250313e-16, fit_intercept=True, fit_path=True,
     n_nonzero_coefs=500, normalize=True, precompute='auto', verbose=False)",,,,,,18,False,"{'model': Lars(copy_X=True, eps=2.220446049250313e-16, fit_intercept=True, fit_path=True,
     n_nonzero_coefs=500, normalize=True, precompute='auto', verbose=False), 'model__n_nonzero_coefs': 18, 'model__normalize': False}",-742.7927130013915,-576.1857439345672,-255.91878632416504,-16.56609217962188,-397.86583385993634,281.2076632992447,1291
1271,0.008999466896057129,0.0002629653441415291,0.0016227364540100098,0.00013938990627773628,"Lars(copy_X=True, eps=2.220446049250313e-16, fit_intercept=True, fit_path=True,
     n_nonzero_coefs=500, normalize=True, precompute='auto', verbose=False)",,,,,,19,False,"{'model': Lars(copy_X=True, eps=2.220446049250313e-16, fit_intercept=True, fit_path=True,
     n_nonzero_coefs=500, normalize=True, precompute='auto', verbose=False), 'model__n_nonzero_coefs': 19, 'model__normalize': False}",-1177.6197425500661,-743.1920104537331,-484.280557698042,-22.12314810113239,-606.8038647007435,418.7170864166951,1292
1272,0.008215248584747314,0.000773329678611528,0.0011341571807861328,0.0002796991889158411,"Lars(copy_X=True, eps=2.220446049250313e-16, fit_intercept=True, fit_path=True,
     n_nonzero_coefs=500, normalize=True, precompute='auto', verbose=False)",,,,,,20,False,"{'model': Lars(copy_X=True, eps=2.220446049250313e-16, fit_intercept=True, fit_path=True,
     n_nonzero_coefs=500, normalize=True, precompute='auto', verbose=False), 'model__n_nonzero_coefs': 20, 'model__normalize': False}",-1242.4517260925381,-1084.7278258309304,-566.9011636772317,-22.12314810113239,-729.0509659254581,478.5723213881457,1293
1273,0.008954048156738281,0.0017110388683485613,0.0014896988868713379,0.0005835621991930971,"Lars(copy_X=True, eps=2.220446049250313e-16, fit_intercept=True, fit_path=True,
     n_nonzero_coefs=500, normalize=True, precompute='auto', verbose=False)",,,,,,21,False,"{'model': Lars(copy_X=True, eps=2.220446049250313e-16, fit_intercept=True, fit_path=True,
     n_nonzero_coefs=500, normalize=True, precompute='auto', verbose=False), 'model__n_nonzero_coefs': 21, 'model__normalize': False}",-1315.034534294311,-1585.2954346466827,-814.5113594294173,-22.12314810113239,-934.2411191178859,594.8045383185079,1294
1274,0.010383188724517822,0.0020689161173568977,0.0015769600868225098,0.0003061133644425754,"Lars(copy_X=True, eps=2.220446049250313e-16, fit_intercept=True, fit_path=True,
     n_nonzero_coefs=500, normalize=True, precompute='auto', verbose=False)",,,,,,22,False,"{'model': Lars(copy_X=True, eps=2.220446049250313e-16, fit_intercept=True, fit_path=True,
     n_nonzero_coefs=500, normalize=True, precompute='auto', verbose=False), 'model__n_nonzero_coefs': 22, 'model__normalize': False}",-1315.034534294311,-1596.9746124288683,-1559.7828840273878,-22.12314810113239,-1123.478794712925,645.0266291862035,1295
1275,0.009554147720336914,0.0006652542947568649,0.001481771469116211,0.0001013302802759065,"Lars(copy_X=True, eps=2.220446049250313e-16, fit_intercept=True, fit_path=True,
     n_nonzero_coefs=500, normalize=True, precompute='auto', verbose=False)",,,,,,23,False,"{'model': Lars(copy_X=True, eps=2.220446049250313e-16, fit_intercept=True, fit_path=True,
     n_nonzero_coefs=500, normalize=True, precompute='auto', verbose=False), 'model__n_nonzero_coefs': 23, 'model__normalize': False}",-1315.034534294311,-1615.1263558823932,-1984.4831850183286,-22.12314810113239,-1234.1918058240412,738.8664058715481,1296
1276,0.009868144989013672,0.0016945962578309868,0.0014420747756958008,0.00022783970388223472,"Lars(copy_X=True, eps=2.220446049250313e-16, fit_intercept=True, fit_path=True,
     n_nonzero_coefs=500, normalize=True, precompute='auto', verbose=False)",,,,,,24,False,"{'model': Lars(copy_X=True, eps=2.220446049250313e-16, fit_intercept=True, fit_path=True,
     n_nonzero_coefs=500, normalize=True, precompute='auto', verbose=False), 'model__n_nonzero_coefs': 24, 'model__normalize': False}",-1315.034534294311,-1615.1263558823932,-1984.4831850183286,-22.12314810113239,-1234.1918058240412,738.8664058715481,1296
1277,0.010739445686340332,0.0010453851121426795,0.0016715526580810547,0.00014816280849561504,"Lars(copy_X=True, eps=2.220446049250313e-16, fit_intercept=True, fit_path=True,
     n_nonzero_coefs=500, normalize=True, precompute='auto', verbose=False)",,,,,,25,False,"{'model': Lars(copy_X=True, eps=2.220446049250313e-16, fit_intercept=True, fit_path=True,
     n_nonzero_coefs=500, normalize=True, precompute='auto', verbose=False), 'model__n_nonzero_coefs': 25, 'model__normalize': False}",-1315.034534294311,-1615.1263558823932,-1984.4831850183286,-22.12314810113239,-1234.1918058240412,738.8664058715481,1296
1278,0.009629487991333008,0.001010350328720007,0.0016350150108337402,0.00012461646443665136,"Lars(copy_X=True, eps=2.220446049250313e-16, fit_intercept=True, fit_path=True,
     n_nonzero_coefs=500, normalize=True, precompute='auto', verbose=False)",,,,,,26,False,"{'model': Lars(copy_X=True, eps=2.220446049250313e-16, fit_intercept=True, fit_path=True,
     n_nonzero_coefs=500, normalize=True, precompute='auto', verbose=False), 'model__n_nonzero_coefs': 26, 'model__normalize': False}",-1315.034534294311,-1615.1263558823932,-1984.4831850183286,-22.12314810113239,-1234.1918058240412,738.8664058715481,1296
1279,0.009619951248168945,0.0011854398924529795,0.0015584230422973633,0.0002600197275687483,"Lars(copy_X=True, eps=2.220446049250313e-16, fit_intercept=True, fit_path=True,
     n_nonzero_coefs=500, normalize=True, precompute='auto', verbose=False)",,,,,,27,False,"{'model': Lars(copy_X=True, eps=2.220446049250313e-16, fit_intercept=True, fit_path=True,
     n_nonzero_coefs=500, normalize=True, precompute='auto', verbose=False), 'model__n_nonzero_coefs': 27, 'model__normalize': False}",-1315.034534294311,-1615.1263558823932,-1984.4831850183286,-22.12314810113239,-1234.1918058240412,738.8664058715481,1296
1280,0.008670806884765625,0.0015354447387966612,0.001366734504699707,0.0004272250220571235,"Lars(copy_X=True, eps=2.220446049250313e-16, fit_intercept=True, fit_path=True,
     n_nonzero_coefs=500, normalize=True, precompute='auto', verbose=False)",,,,,,28,False,"{'model': Lars(copy_X=True, eps=2.220446049250313e-16, fit_intercept=True, fit_path=True,
     n_nonzero_coefs=500, normalize=True, precompute='auto', verbose=False), 'model__n_nonzero_coefs': 28, 'model__normalize': False}",-1315.034534294311,-1615.1263558823932,-1984.4831850183286,-22.12314810113239,-1234.1918058240412,738.8664058715481,1296
1281,0.011224746704101562,0.002934478278929969,0.001719832420349121,0.0005665817132797228,"Lars(copy_X=True, eps=2.220446049250313e-16, fit_intercept=True, fit_path=True,
     n_nonzero_coefs=500, normalize=True, precompute='auto', verbose=False)",,,,,,29,False,"{'model': Lars(copy_X=True, eps=2.220446049250313e-16, fit_intercept=True, fit_path=True,
     n_nonzero_coefs=500, normalize=True, precompute='auto', verbose=False), 'model__n_nonzero_coefs': 29, 'model__normalize': False}",-1315.034534294311,-1615.1263558823932,-1984.4831850183286,-22.12314810113239,-1234.1918058240412,738.8664058715481,1296
1282,0.009810209274291992,0.001169289679477534,0.0013697147369384766,0.0002474971467444207,"Lars(copy_X=True, eps=2.220446049250313e-16, fit_intercept=True, fit_path=True,
     n_nonzero_coefs=500, normalize=True, precompute='auto', verbose=False)",,,,,,30,False,"{'model': Lars(copy_X=True, eps=2.220446049250313e-16, fit_intercept=True, fit_path=True,
     n_nonzero_coefs=500, normalize=True, precompute='auto', verbose=False), 'model__n_nonzero_coefs': 30, 'model__normalize': False}",-1315.034534294311,-1615.1263558823932,-1984.4831850183286,-22.12314810113239,-1234.1918058240412,738.8664058715481,1296
1283,0.01003420352935791,0.0009114154243035377,0.0014497637748718262,0.0003631561624637427,"Lars(copy_X=True, eps=2.220446049250313e-16, fit_intercept=True, fit_path=True,
     n_nonzero_coefs=500, normalize=True, precompute='auto', verbose=False)",,,,,,31,False,"{'model': Lars(copy_X=True, eps=2.220446049250313e-16, fit_intercept=True, fit_path=True,
     n_nonzero_coefs=500, normalize=True, precompute='auto', verbose=False), 'model__n_nonzero_coefs': 31, 'model__normalize': False}",-1315.034534294311,-1615.1263558823932,-1984.4831850183286,-22.12314810113239,-1234.1918058240412,738.8664058715481,1296
1284,0.009701132774353027,0.001941177515244399,0.0015216469764709473,0.00037269774907819207,"Lars(copy_X=True, eps=2.220446049250313e-16, fit_intercept=True, fit_path=True,
     n_nonzero_coefs=500, normalize=True, precompute='auto', verbose=False)",,,,,,32,False,"{'model': Lars(copy_X=True, eps=2.220446049250313e-16, fit_intercept=True, fit_path=True,
     n_nonzero_coefs=500, normalize=True, precompute='auto', verbose=False), 'model__n_nonzero_coefs': 32, 'model__normalize': False}",-1315.034534294311,-1615.1263558823932,-1984.4831850183286,-22.12314810113239,-1234.1918058240412,738.8664058715481,1296
1285,0.009931325912475586,0.001219051226391174,0.0014371871948242188,0.0005310156360310602,"Lars(copy_X=True, eps=2.220446049250313e-16, fit_intercept=True, fit_path=True,
     n_nonzero_coefs=500, normalize=True, precompute='auto', verbose=False)",,,,,,33,False,"{'model': Lars(copy_X=True, eps=2.220446049250313e-16, fit_intercept=True, fit_path=True,
     n_nonzero_coefs=500, normalize=True, precompute='auto', verbose=False), 'model__n_nonzero_coefs': 33, 'model__normalize': False}",-1315.034534294311,-1615.1263558823932,-1984.4831850183286,-22.12314810113239,-1234.1918058240412,738.8664058715481,1296
1286,0.009062886238098145,0.0013692581120715735,0.001450955867767334,0.00028632028416111923,"Lars(copy_X=True, eps=2.220446049250313e-16, fit_intercept=True, fit_path=True,
     n_nonzero_coefs=500, normalize=True, precompute='auto', verbose=False)",,,,,,34,False,"{'model': Lars(copy_X=True, eps=2.220446049250313e-16, fit_intercept=True, fit_path=True,
     n_nonzero_coefs=500, normalize=True, precompute='auto', verbose=False), 'model__n_nonzero_coefs': 34, 'model__normalize': False}",-1315.034534294311,-1615.1263558823932,-1984.4831850183286,-22.12314810113239,-1234.1918058240412,738.8664058715481,1296
1287,0.010796725749969482,0.0018243750209657862,0.0015022754669189453,0.00015108177327934996,"Lars(copy_X=True, eps=2.220446049250313e-16, fit_intercept=True, fit_path=True,
     n_nonzero_coefs=500, normalize=True, precompute='auto', verbose=False)",,,,,,35,False,"{'model': Lars(copy_X=True, eps=2.220446049250313e-16, fit_intercept=True, fit_path=True,
     n_nonzero_coefs=500, normalize=True, precompute='auto', verbose=False), 'model__n_nonzero_coefs': 35, 'model__normalize': False}",-1315.034534294311,-1615.1263558823932,-1984.4831850183286,-22.12314810113239,-1234.1918058240412,738.8664058715481,1296
1288,0.010230481624603271,0.0019172386594054958,0.0013833045959472656,0.00030768677403921195,"Lars(copy_X=True, eps=2.220446049250313e-16, fit_intercept=True, fit_path=True,
     n_nonzero_coefs=500, normalize=True, precompute='auto', verbose=False)",,,,,,36,False,"{'model': Lars(copy_X=True, eps=2.220446049250313e-16, fit_intercept=True, fit_path=True,
     n_nonzero_coefs=500, normalize=True, precompute='auto', verbose=False), 'model__n_nonzero_coefs': 36, 'model__normalize': False}",-1315.034534294311,-1615.1263558823932,-1984.4831850183286,-22.12314810113239,-1234.1918058240412,738.8664058715481,1296
1289,0.010046720504760742,0.0020508547835284274,0.001399695873260498,0.00028467674421775576,"Lars(copy_X=True, eps=2.220446049250313e-16, fit_intercept=True, fit_path=True,
     n_nonzero_coefs=500, normalize=True, precompute='auto', verbose=False)",,,,,,37,False,"{'model': Lars(copy_X=True, eps=2.220446049250313e-16, fit_intercept=True, fit_path=True,
     n_nonzero_coefs=500, normalize=True, precompute='auto', verbose=False), 'model__n_nonzero_coefs': 37, 'model__normalize': False}",-1315.034534294311,-1615.1263558823932,-1984.4831850183286,-22.12314810113239,-1234.1918058240412,738.8664058715481,1296
1290,0.010026991367340088,0.0009117771490069857,0.0014570355415344238,0.00013415768904024777,"Lars(copy_X=True, eps=2.220446049250313e-16, fit_intercept=True, fit_path=True,
     n_nonzero_coefs=500, normalize=True, precompute='auto', verbose=False)",,,,,,38,False,"{'model': Lars(copy_X=True, eps=2.220446049250313e-16, fit_intercept=True, fit_path=True,
     n_nonzero_coefs=500, normalize=True, precompute='auto', verbose=False), 'model__n_nonzero_coefs': 38, 'model__normalize': False}",-1315.034534294311,-1615.1263558823932,-1984.4831850183286,-22.12314810113239,-1234.1918058240412,738.8664058715481,1296
1291,0.010503292083740234,0.0010901417410777328,0.0016182661056518555,0.0003840826556930618,"Lars(copy_X=True, eps=2.220446049250313e-16, fit_intercept=True, fit_path=True,
     n_nonzero_coefs=500, normalize=True, precompute='auto', verbose=False)",,,,,,39,False,"{'model': Lars(copy_X=True, eps=2.220446049250313e-16, fit_intercept=True, fit_path=True,
     n_nonzero_coefs=500, normalize=True, precompute='auto', verbose=False), 'model__n_nonzero_coefs': 39, 'model__normalize': False}",-1315.034534294311,-1615.1263558823932,-1984.4831850183286,-22.12314810113239,-1234.1918058240412,738.8664058715481,1296
1292,0.009876012802124023,0.0008937241045379855,0.0013152360916137695,0.0003057721065497661,"Lars(copy_X=True, eps=2.220446049250313e-16, fit_intercept=True, fit_path=True,
     n_nonzero_coefs=500, normalize=True, precompute='auto', verbose=False)",,,,,,40,False,"{'model': Lars(copy_X=True, eps=2.220446049250313e-16, fit_intercept=True, fit_path=True,
     n_nonzero_coefs=500, normalize=True, precompute='auto', verbose=False), 'model__n_nonzero_coefs': 40, 'model__normalize': False}",-1315.034534294311,-1615.1263558823932,-1984.4831850183286,-22.12314810113239,-1234.1918058240412,738.8664058715481,1296
1293,0.009908735752105713,0.0006395272160288891,0.0014647245407104492,0.00017369358024769526,"Lars(copy_X=True, eps=2.220446049250313e-16, fit_intercept=True, fit_path=True,
     n_nonzero_coefs=500, normalize=True, precompute='auto', verbose=False)",,,,,,41,False,"{'model': Lars(copy_X=True, eps=2.220446049250313e-16, fit_intercept=True, fit_path=True,
     n_nonzero_coefs=500, normalize=True, precompute='auto', verbose=False), 'model__n_nonzero_coefs': 41, 'model__normalize': False}",-1315.034534294311,-1615.1263558823932,-1984.4831850183286,-22.12314810113239,-1234.1918058240412,738.8664058715481,1296
1294,0.010602951049804688,0.0009227266287491911,0.0015802383422851562,2.9981551063201977e-05,"Lars(copy_X=True, eps=2.220446049250313e-16, fit_intercept=True, fit_path=True,
     n_nonzero_coefs=500, normalize=True, precompute='auto', verbose=False)",,,,,,42,False,"{'model': Lars(copy_X=True, eps=2.220446049250313e-16, fit_intercept=True, fit_path=True,
     n_nonzero_coefs=500, normalize=True, precompute='auto', verbose=False), 'model__n_nonzero_coefs': 42, 'model__normalize': False}",-1315.034534294311,-1615.1263558823932,-1984.4831850183286,-22.12314810113239,-1234.1918058240412,738.8664058715481,1296
1295,0.008912503719329834,0.0015349599244035886,0.0014629960060119629,0.00031613419733127467,"Lars(copy_X=True, eps=2.220446049250313e-16, fit_intercept=True, fit_path=True,
     n_nonzero_coefs=500, normalize=True, precompute='auto', verbose=False)",,,,,,43,False,"{'model': Lars(copy_X=True, eps=2.220446049250313e-16, fit_intercept=True, fit_path=True,
     n_nonzero_coefs=500, normalize=True, precompute='auto', verbose=False), 'model__n_nonzero_coefs': 43, 'model__normalize': False}",-1315.034534294311,-1615.1263558823932,-1984.4831850183286,-22.12314810113239,-1234.1918058240412,738.8664058715481,1296
1296,0.009282112121582031,0.0014747003129619767,0.0013986825942993164,0.00037873890686407997,"Lars(copy_X=True, eps=2.220446049250313e-16, fit_intercept=True, fit_path=True,
     n_nonzero_coefs=500, normalize=True, precompute='auto', verbose=False)",,,,,,44,False,"{'model': Lars(copy_X=True, eps=2.220446049250313e-16, fit_intercept=True, fit_path=True,
     n_nonzero_coefs=500, normalize=True, precompute='auto', verbose=False), 'model__n_nonzero_coefs': 44, 'model__normalize': False}",-1315.034534294311,-1615.1263558823932,-1984.4831850183286,-22.12314810113239,-1234.1918058240412,738.8664058715481,1296
1297,0.009952545166015625,0.0004802826438324962,0.0015792250633239746,0.00029822139707649375,"Lars(copy_X=True, eps=2.220446049250313e-16, fit_intercept=True, fit_path=True,
     n_nonzero_coefs=500, normalize=True, precompute='auto', verbose=False)",,,,,,45,False,"{'model': Lars(copy_X=True, eps=2.220446049250313e-16, fit_intercept=True, fit_path=True,
     n_nonzero_coefs=500, normalize=True, precompute='auto', verbose=False), 'model__n_nonzero_coefs': 45, 'model__normalize': False}",-1315.034534294311,-1615.1263558823932,-1984.4831850183286,-22.12314810113239,-1234.1918058240412,738.8664058715481,1296
1298,0.009254276752471924,0.0015050567194520683,0.0013958215713500977,0.00037087255314144433,"Lars(copy_X=True, eps=2.220446049250313e-16, fit_intercept=True, fit_path=True,
     n_nonzero_coefs=500, normalize=True, precompute='auto', verbose=False)",,,,,,46,False,"{'model': Lars(copy_X=True, eps=2.220446049250313e-16, fit_intercept=True, fit_path=True,
     n_nonzero_coefs=500, normalize=True, precompute='auto', verbose=False), 'model__n_nonzero_coefs': 46, 'model__normalize': False}",-1315.034534294311,-1615.1263558823932,-1984.4831850183286,-22.12314810113239,-1234.1918058240412,738.8664058715481,1296
1299,0.010269224643707275,0.001791896047782725,0.0015788078308105469,0.00014523028552416713,"Lars(copy_X=True, eps=2.220446049250313e-16, fit_intercept=True, fit_path=True,
     n_nonzero_coefs=500, normalize=True, precompute='auto', verbose=False)",,,,,,47,False,"{'model': Lars(copy_X=True, eps=2.220446049250313e-16, fit_intercept=True, fit_path=True,
     n_nonzero_coefs=500, normalize=True, precompute='auto', verbose=False), 'model__n_nonzero_coefs': 47, 'model__normalize': False}",-1315.034534294311,-1615.1263558823932,-1984.4831850183286,-22.12314810113239,-1234.1918058240412,738.8664058715481,1296
1300,0.009515941143035889,0.0013466102792181898,0.0014379024505615234,0.000318897572379455,"Lars(copy_X=True, eps=2.220446049250313e-16, fit_intercept=True, fit_path=True,
     n_nonzero_coefs=500, normalize=True, precompute='auto', verbose=False)",,,,,,48,False,"{'model': Lars(copy_X=True, eps=2.220446049250313e-16, fit_intercept=True, fit_path=True,
     n_nonzero_coefs=500, normalize=True, precompute='auto', verbose=False), 'model__n_nonzero_coefs': 48, 'model__normalize': False}",-1315.034534294311,-1615.1263558823932,-1984.4831850183286,-22.12314810113239,-1234.1918058240412,738.8664058715481,1296
1301,0.010739266872406006,0.0011541906746376546,0.001535654067993164,0.000163537853789403,"Lars(copy_X=True, eps=2.220446049250313e-16, fit_intercept=True, fit_path=True,
     n_nonzero_coefs=500, normalize=True, precompute='auto', verbose=False)",,,,,,49,False,"{'model': Lars(copy_X=True, eps=2.220446049250313e-16, fit_intercept=True, fit_path=True,
     n_nonzero_coefs=500, normalize=True, precompute='auto', verbose=False), 'model__n_nonzero_coefs': 49, 'model__normalize': False}",-1315.034534294311,-1615.1263558823932,-1984.4831850183286,-22.12314810113239,-1234.1918058240412,738.8664058715481,1296
1302,0.009970009326934814,0.0010662725715467093,0.0013338923454284668,0.0003049482849448916,"Lars(copy_X=True, eps=2.220446049250313e-16, fit_intercept=True, fit_path=True,
     n_nonzero_coefs=500, normalize=True, precompute='auto', verbose=False)",,,,,,50,False,"{'model': Lars(copy_X=True, eps=2.220446049250313e-16, fit_intercept=True, fit_path=True,
     n_nonzero_coefs=500, normalize=True, precompute='auto', verbose=False), 'model__n_nonzero_coefs': 50, 'model__normalize': False}",-1315.034534294311,-1615.1263558823932,-1984.4831850183286,-22.12314810113239,-1234.1918058240412,738.8664058715481,1296
1303,0.010013759136199951,0.0025996486405025342,0.0013664960861206055,0.0003206394179756751,"Lars(copy_X=True, eps=2.220446049250313e-16, fit_intercept=True, fit_path=True,
     n_nonzero_coefs=500, normalize=True, precompute='auto', verbose=False)",,,,,,51,False,"{'model': Lars(copy_X=True, eps=2.220446049250313e-16, fit_intercept=True, fit_path=True,
     n_nonzero_coefs=500, normalize=True, precompute='auto', verbose=False), 'model__n_nonzero_coefs': 51, 'model__normalize': False}",-1315.034534294311,-1615.1263558823932,-1984.4831850183286,-22.12314810113239,-1234.1918058240412,738.8664058715481,1296
1304,0.010030388832092285,0.0010283817425289863,0.0013630986213684082,0.00031194073047789575,"Lars(copy_X=True, eps=2.220446049250313e-16, fit_intercept=True, fit_path=True,
     n_nonzero_coefs=500, normalize=True, precompute='auto', verbose=False)",,,,,,52,False,"{'model': Lars(copy_X=True, eps=2.220446049250313e-16, fit_intercept=True, fit_path=True,
     n_nonzero_coefs=500, normalize=True, precompute='auto', verbose=False), 'model__n_nonzero_coefs': 52, 'model__normalize': False}",-1315.034534294311,-1615.1263558823932,-1984.4831850183286,-22.12314810113239,-1234.1918058240412,738.8664058715481,1296
1305,0.009580433368682861,0.0021440022705332762,0.0014528632164001465,0.000511827618241828,"Lars(copy_X=True, eps=2.220446049250313e-16, fit_intercept=True, fit_path=True,
     n_nonzero_coefs=500, normalize=True, precompute='auto', verbose=False)",,,,,,53,False,"{'model': Lars(copy_X=True, eps=2.220446049250313e-16, fit_intercept=True, fit_path=True,
     n_nonzero_coefs=500, normalize=True, precompute='auto', verbose=False), 'model__n_nonzero_coefs': 53, 'model__normalize': False}",-1315.034534294311,-1615.1263558823932,-1984.4831850183286,-22.12314810113239,-1234.1918058240412,738.8664058715481,1296
1306,0.009886503219604492,0.0012380837726139384,0.0014037489891052246,0.0002445737351059183,"Lars(copy_X=True, eps=2.220446049250313e-16, fit_intercept=True, fit_path=True,
     n_nonzero_coefs=500, normalize=True, precompute='auto', verbose=False)",,,,,,54,False,"{'model': Lars(copy_X=True, eps=2.220446049250313e-16, fit_intercept=True, fit_path=True,
     n_nonzero_coefs=500, normalize=True, precompute='auto', verbose=False), 'model__n_nonzero_coefs': 54, 'model__normalize': False}",-1315.034534294311,-1615.1263558823932,-1984.4831850183286,-22.12314810113239,-1234.1918058240412,738.8664058715481,1296
1307,0.00984048843383789,0.0015225539731833803,0.0015250444412231445,0.00018357816449980795,"Lars(copy_X=True, eps=2.220446049250313e-16, fit_intercept=True, fit_path=True,
     n_nonzero_coefs=500, normalize=True, precompute='auto', verbose=False)",,,,,,55,False,"{'model': Lars(copy_X=True, eps=2.220446049250313e-16, fit_intercept=True, fit_path=True,
     n_nonzero_coefs=500, normalize=True, precompute='auto', verbose=False), 'model__n_nonzero_coefs': 55, 'model__normalize': False}",-1315.034534294311,-1615.1263558823932,-1984.4831850183286,-22.12314810113239,-1234.1918058240412,738.8664058715481,1296
1308,0.009977459907531738,0.0005166019117097565,0.001686692237854004,0.0002013182326519326,"Lars(copy_X=True, eps=2.220446049250313e-16, fit_intercept=True, fit_path=True,
     n_nonzero_coefs=500, normalize=True, precompute='auto', verbose=False)",,,,,,56,False,"{'model': Lars(copy_X=True, eps=2.220446049250313e-16, fit_intercept=True, fit_path=True,
     n_nonzero_coefs=500, normalize=True, precompute='auto', verbose=False), 'model__n_nonzero_coefs': 56, 'model__normalize': False}",-1315.034534294311,-1615.1263558823932,-1984.4831850183286,-22.12314810113239,-1234.1918058240412,738.8664058715481,1296
1309,0.009898006916046143,0.0007908417471481332,0.001430809497833252,0.00019530370280532655,"Lars(copy_X=True, eps=2.220446049250313e-16, fit_intercept=True, fit_path=True,
     n_nonzero_coefs=500, normalize=True, precompute='auto', verbose=False)",,,,,,57,False,"{'model': Lars(copy_X=True, eps=2.220446049250313e-16, fit_intercept=True, fit_path=True,
     n_nonzero_coefs=500, normalize=True, precompute='auto', verbose=False), 'model__n_nonzero_coefs': 57, 'model__normalize': False}",-1315.034534294311,-1615.1263558823932,-1984.4831850183286,-22.12314810113239,-1234.1918058240412,738.8664058715481,1296
1310,0.009093880653381348,0.0013158730096460294,0.0014319419860839844,0.0002999472973531595,"Lars(copy_X=True, eps=2.220446049250313e-16, fit_intercept=True, fit_path=True,
     n_nonzero_coefs=500, normalize=True, precompute='auto', verbose=False)",,,,,,58,False,"{'model': Lars(copy_X=True, eps=2.220446049250313e-16, fit_intercept=True, fit_path=True,
     n_nonzero_coefs=500, normalize=True, precompute='auto', verbose=False), 'model__n_nonzero_coefs': 58, 'model__normalize': False}",-1315.034534294311,-1615.1263558823932,-1984.4831850183286,-22.12314810113239,-1234.1918058240412,738.8664058715481,1296
1311,0.008676290512084961,0.0014753695272136423,0.0012913942337036133,0.00032596770453319863,"Lars(copy_X=True, eps=2.220446049250313e-16, fit_intercept=True, fit_path=True,
     n_nonzero_coefs=500, normalize=True, precompute='auto', verbose=False)",,,,,,59,False,"{'model': Lars(copy_X=True, eps=2.220446049250313e-16, fit_intercept=True, fit_path=True,
     n_nonzero_coefs=500, normalize=True, precompute='auto', verbose=False), 'model__n_nonzero_coefs': 59, 'model__normalize': False}",-1315.034534294311,-1615.1263558823932,-1984.4831850183286,-22.12314810113239,-1234.1918058240412,738.8664058715481,1296
1312,0.009689092636108398,0.0005574247539258204,0.0016207695007324219,4.622093284168092e-05,"Lars(copy_X=True, eps=2.220446049250313e-16, fit_intercept=True, fit_path=True,
     n_nonzero_coefs=500, normalize=True, precompute='auto', verbose=False)",,,,,,60,False,"{'model': Lars(copy_X=True, eps=2.220446049250313e-16, fit_intercept=True, fit_path=True,
     n_nonzero_coefs=500, normalize=True, precompute='auto', verbose=False), 'model__n_nonzero_coefs': 60, 'model__normalize': False}",-1315.034534294311,-1615.1263558823932,-1984.4831850183286,-22.12314810113239,-1234.1918058240412,738.8664058715481,1296
1313,0.009337961673736572,0.0013724816790091703,0.001482546329498291,0.00012268499484453598,"Lars(copy_X=True, eps=2.220446049250313e-16, fit_intercept=True, fit_path=True,
     n_nonzero_coefs=500, normalize=True, precompute='auto', verbose=False)",,,,,,61,False,"{'model': Lars(copy_X=True, eps=2.220446049250313e-16, fit_intercept=True, fit_path=True,
     n_nonzero_coefs=500, normalize=True, precompute='auto', verbose=False), 'model__n_nonzero_coefs': 61, 'model__normalize': False}",-1315.034534294311,-1615.1263558823932,-1984.4831850183286,-22.12314810113239,-1234.1918058240412,738.8664058715481,1296
1314,0.009321868419647217,0.0014576252241274552,0.0014361143112182617,0.00024941469416643906,"Lars(copy_X=True, eps=2.220446049250313e-16, fit_intercept=True, fit_path=True,
     n_nonzero_coefs=500, normalize=True, precompute='auto', verbose=False)",,,,,,62,False,"{'model': Lars(copy_X=True, eps=2.220446049250313e-16, fit_intercept=True, fit_path=True,
     n_nonzero_coefs=500, normalize=True, precompute='auto', verbose=False), 'model__n_nonzero_coefs': 62, 'model__normalize': False}",-1315.034534294311,-1615.1263558823932,-1984.4831850183286,-22.12314810113239,-1234.1918058240412,738.8664058715481,1296
1315,0.010026991367340088,0.0014849872478362555,0.0013350248336791992,0.0002476309812244144,"Lars(copy_X=True, eps=2.220446049250313e-16, fit_intercept=True, fit_path=True,
     n_nonzero_coefs=500, normalize=True, precompute='auto', verbose=False)",,,,,,63,False,"{'model': Lars(copy_X=True, eps=2.220446049250313e-16, fit_intercept=True, fit_path=True,
     n_nonzero_coefs=500, normalize=True, precompute='auto', verbose=False), 'model__n_nonzero_coefs': 63, 'model__normalize': False}",-1315.034534294311,-1615.1263558823932,-1984.4831850183286,-22.12314810113239,-1234.1918058240412,738.8664058715481,1296
1316,0.009276628494262695,0.0007341952364233798,0.0015652775764465332,0.00010311436445061947,"Lars(copy_X=True, eps=2.220446049250313e-16, fit_intercept=True, fit_path=True,
     n_nonzero_coefs=500, normalize=True, precompute='auto', verbose=False)",,,,,,64,False,"{'model': Lars(copy_X=True, eps=2.220446049250313e-16, fit_intercept=True, fit_path=True,
     n_nonzero_coefs=500, normalize=True, precompute='auto', verbose=False), 'model__n_nonzero_coefs': 64, 'model__normalize': False}",-1315.034534294311,-1615.1263558823932,-1984.4831850183286,-22.12314810113239,-1234.1918058240412,738.8664058715481,1296
1317,0.009407997131347656,0.0011093056292832324,0.0013898015022277832,0.00025115846323277904,"Lars(copy_X=True, eps=2.220446049250313e-16, fit_intercept=True, fit_path=True,
     n_nonzero_coefs=500, normalize=True, precompute='auto', verbose=False)",,,,,,65,False,"{'model': Lars(copy_X=True, eps=2.220446049250313e-16, fit_intercept=True, fit_path=True,
     n_nonzero_coefs=500, normalize=True, precompute='auto', verbose=False), 'model__n_nonzero_coefs': 65, 'model__normalize': False}",-1315.034534294311,-1615.1263558823932,-1984.4831850183286,-22.12314810113239,-1234.1918058240412,738.8664058715481,1296
1318,0.009787201881408691,0.0006663958905002434,0.001494765281677246,0.0002819724081249372,"Lars(copy_X=True, eps=2.220446049250313e-16, fit_intercept=True, fit_path=True,
     n_nonzero_coefs=500, normalize=True, precompute='auto', verbose=False)",,,,,,66,False,"{'model': Lars(copy_X=True, eps=2.220446049250313e-16, fit_intercept=True, fit_path=True,
     n_nonzero_coefs=500, normalize=True, precompute='auto', verbose=False), 'model__n_nonzero_coefs': 66, 'model__normalize': False}",-1315.034534294311,-1615.1263558823932,-1984.4831850183286,-22.12314810113239,-1234.1918058240412,738.8664058715481,1296
1319,0.01013118028640747,0.0018549229641380768,0.0013391375541687012,0.00028718264447543225,"Lars(copy_X=True, eps=2.220446049250313e-16, fit_intercept=True, fit_path=True,
     n_nonzero_coefs=500, normalize=True, precompute='auto', verbose=False)",,,,,,67,False,"{'model': Lars(copy_X=True, eps=2.220446049250313e-16, fit_intercept=True, fit_path=True,
     n_nonzero_coefs=500, normalize=True, precompute='auto', verbose=False), 'model__n_nonzero_coefs': 67, 'model__normalize': False}",-1315.034534294311,-1615.1263558823932,-1984.4831850183286,-22.12314810113239,-1234.1918058240412,738.8664058715481,1296
1320,0.00957643985748291,0.0007853725583924997,0.0015799999237060547,0.00039496111952070376,"Lars(copy_X=True, eps=2.220446049250313e-16, fit_intercept=True, fit_path=True,
     n_nonzero_coefs=500, normalize=True, precompute='auto', verbose=False)",,,,,,68,False,"{'model': Lars(copy_X=True, eps=2.220446049250313e-16, fit_intercept=True, fit_path=True,
     n_nonzero_coefs=500, normalize=True, precompute='auto', verbose=False), 'model__n_nonzero_coefs': 68, 'model__normalize': False}",-1315.034534294311,-1615.1263558823932,-1984.4831850183286,-22.12314810113239,-1234.1918058240412,738.8664058715481,1296
1321,0.009708106517791748,0.0011082352929055125,0.0014066100120544434,0.0002666678700755292,"Lars(copy_X=True, eps=2.220446049250313e-16, fit_intercept=True, fit_path=True,
     n_nonzero_coefs=500, normalize=True, precompute='auto', verbose=False)",,,,,,69,False,"{'model': Lars(copy_X=True, eps=2.220446049250313e-16, fit_intercept=True, fit_path=True,
     n_nonzero_coefs=500, normalize=True, precompute='auto', verbose=False), 'model__n_nonzero_coefs': 69, 'model__normalize': False}",-1315.034534294311,-1615.1263558823932,-1984.4831850183286,-22.12314810113239,-1234.1918058240412,738.8664058715481,1296
1322,0.010566294193267822,0.0016131455977740647,0.001540541648864746,0.000357661821819895,"Lars(copy_X=True, eps=2.220446049250313e-16, fit_intercept=True, fit_path=True,
     n_nonzero_coefs=500, normalize=True, precompute='auto', verbose=False)",,,,,,70,False,"{'model': Lars(copy_X=True, eps=2.220446049250313e-16, fit_intercept=True, fit_path=True,
     n_nonzero_coefs=500, normalize=True, precompute='auto', verbose=False), 'model__n_nonzero_coefs': 70, 'model__normalize': False}",-1315.034534294311,-1615.1263558823932,-1984.4831850183286,-22.12314810113239,-1234.1918058240412,738.8664058715481,1296
1323,0.009228765964508057,0.0007832023356193844,0.0013772249221801758,0.00026905388761966624,"Lars(copy_X=True, eps=2.220446049250313e-16, fit_intercept=True, fit_path=True,
     n_nonzero_coefs=500, normalize=True, precompute='auto', verbose=False)",,,,,,71,False,"{'model': Lars(copy_X=True, eps=2.220446049250313e-16, fit_intercept=True, fit_path=True,
     n_nonzero_coefs=500, normalize=True, precompute='auto', verbose=False), 'model__n_nonzero_coefs': 71, 'model__normalize': False}",-1315.034534294311,-1615.1263558823932,-1984.4831850183286,-22.12314810113239,-1234.1918058240412,738.8664058715481,1296
1324,0.010373234748840332,0.0006597681935606323,0.001585245132446289,0.0002988281347606256,"Lars(copy_X=True, eps=2.220446049250313e-16, fit_intercept=True, fit_path=True,
     n_nonzero_coefs=500, normalize=True, precompute='auto', verbose=False)",,,,,,72,False,"{'model': Lars(copy_X=True, eps=2.220446049250313e-16, fit_intercept=True, fit_path=True,
     n_nonzero_coefs=500, normalize=True, precompute='auto', verbose=False), 'model__n_nonzero_coefs': 72, 'model__normalize': False}",-1315.034534294311,-1615.1263558823932,-1984.4831850183286,-22.12314810113239,-1234.1918058240412,738.8664058715481,1296
1325,0.009633243083953857,0.0004303927004413431,0.0014103055000305176,0.0002573429209411181,"Lars(copy_X=True, eps=2.220446049250313e-16, fit_intercept=True, fit_path=True,
     n_nonzero_coefs=500, normalize=True, precompute='auto', verbose=False)",,,,,,73,False,"{'model': Lars(copy_X=True, eps=2.220446049250313e-16, fit_intercept=True, fit_path=True,
     n_nonzero_coefs=500, normalize=True, precompute='auto', verbose=False), 'model__n_nonzero_coefs': 73, 'model__normalize': False}",-1315.034534294311,-1615.1263558823932,-1984.4831850183286,-22.12314810113239,-1234.1918058240412,738.8664058715481,1296
1326,0.009859323501586914,0.0010237096473466108,0.0012966394424438477,0.0002995107956678585,"Lars(copy_X=True, eps=2.220446049250313e-16, fit_intercept=True, fit_path=True,
     n_nonzero_coefs=500, normalize=True, precompute='auto', verbose=False)",,,,,,74,False,"{'model': Lars(copy_X=True, eps=2.220446049250313e-16, fit_intercept=True, fit_path=True,
     n_nonzero_coefs=500, normalize=True, precompute='auto', verbose=False), 'model__n_nonzero_coefs': 74, 'model__normalize': False}",-1315.034534294311,-1615.1263558823932,-1984.4831850183286,-22.12314810113239,-1234.1918058240412,738.8664058715481,1296
1327,0.011263608932495117,0.0021630411306758908,0.001430511474609375,0.00039260840669608937,"Lars(copy_X=True, eps=2.220446049250313e-16, fit_intercept=True, fit_path=True,
     n_nonzero_coefs=500, normalize=True, precompute='auto', verbose=False)",,,,,,75,False,"{'model': Lars(copy_X=True, eps=2.220446049250313e-16, fit_intercept=True, fit_path=True,
     n_nonzero_coefs=500, normalize=True, precompute='auto', verbose=False), 'model__n_nonzero_coefs': 75, 'model__normalize': False}",-1315.034534294311,-1615.1263558823932,-1984.4831850183286,-22.12314810113239,-1234.1918058240412,738.8664058715481,1296
1328,0.01064753532409668,0.0016371741357073632,0.0016649961471557617,0.00010385592395088995,"Lars(copy_X=True, eps=2.220446049250313e-16, fit_intercept=True, fit_path=True,
     n_nonzero_coefs=500, normalize=True, precompute='auto', verbose=False)",,,,,,76,False,"{'model': Lars(copy_X=True, eps=2.220446049250313e-16, fit_intercept=True, fit_path=True,
     n_nonzero_coefs=500, normalize=True, precompute='auto', verbose=False), 'model__n_nonzero_coefs': 76, 'model__normalize': False}",-1315.034534294311,-1615.1263558823932,-1984.4831850183286,-22.12314810113239,-1234.1918058240412,738.8664058715481,1296
1329,0.009237110614776611,0.0015275166835584505,0.0013053417205810547,0.00032766906298028933,"Lars(copy_X=True, eps=2.220446049250313e-16, fit_intercept=True, fit_path=True,
     n_nonzero_coefs=500, normalize=True, precompute='auto', verbose=False)",,,,,,77,False,"{'model': Lars(copy_X=True, eps=2.220446049250313e-16, fit_intercept=True, fit_path=True,
     n_nonzero_coefs=500, normalize=True, precompute='auto', verbose=False), 'model__n_nonzero_coefs': 77, 'model__normalize': False}",-1315.034534294311,-1615.1263558823932,-1984.4831850183286,-22.12314810113239,-1234.1918058240412,738.8664058715481,1296
1330,0.00927424430847168,0.0010560995795695978,0.0015386343002319336,0.0003021875075675472,"Lars(copy_X=True, eps=2.220446049250313e-16, fit_intercept=True, fit_path=True,
     n_nonzero_coefs=500, normalize=True, precompute='auto', verbose=False)",,,,,,78,False,"{'model': Lars(copy_X=True, eps=2.220446049250313e-16, fit_intercept=True, fit_path=True,
     n_nonzero_coefs=500, normalize=True, precompute='auto', verbose=False), 'model__n_nonzero_coefs': 78, 'model__normalize': False}",-1315.034534294311,-1615.1263558823932,-1984.4831850183286,-22.12314810113239,-1234.1918058240412,738.8664058715481,1296
1331,0.009649217128753662,0.0013227141360999093,0.0015944838523864746,0.0006728490251296711,"Lars(copy_X=True, eps=2.220446049250313e-16, fit_intercept=True, fit_path=True,
     n_nonzero_coefs=500, normalize=True, precompute='auto', verbose=False)",,,,,,79,False,"{'model': Lars(copy_X=True, eps=2.220446049250313e-16, fit_intercept=True, fit_path=True,
     n_nonzero_coefs=500, normalize=True, precompute='auto', verbose=False), 'model__n_nonzero_coefs': 79, 'model__normalize': False}",-1315.034534294311,-1615.1263558823932,-1984.4831850183286,-22.12314810113239,-1234.1918058240412,738.8664058715481,1296
1332,0.010149955749511719,0.00046054018545592173,0.00144273042678833,0.0002609421027997442,"Lars(copy_X=True, eps=2.220446049250313e-16, fit_intercept=True, fit_path=True,
     n_nonzero_coefs=500, normalize=True, precompute='auto', verbose=False)",,,,,,80,False,"{'model': Lars(copy_X=True, eps=2.220446049250313e-16, fit_intercept=True, fit_path=True,
     n_nonzero_coefs=500, normalize=True, precompute='auto', verbose=False), 'model__n_nonzero_coefs': 80, 'model__normalize': False}",-1315.034534294311,-1615.1263558823932,-1984.4831850183286,-22.12314810113239,-1234.1918058240412,738.8664058715481,1296
1333,0.009134471416473389,0.0013564435636952525,0.0014657974243164062,0.0002226978216373845,"Lars(copy_X=True, eps=2.220446049250313e-16, fit_intercept=True, fit_path=True,
     n_nonzero_coefs=500, normalize=True, precompute='auto', verbose=False)",,,,,,81,False,"{'model': Lars(copy_X=True, eps=2.220446049250313e-16, fit_intercept=True, fit_path=True,
     n_nonzero_coefs=500, normalize=True, precompute='auto', verbose=False), 'model__n_nonzero_coefs': 81, 'model__normalize': False}",-1315.034534294311,-1615.1263558823932,-1984.4831850183286,-22.12314810113239,-1234.1918058240412,738.8664058715481,1296
1334,0.010649561882019043,0.0019672956854998877,0.0013867616653442383,0.0002544000254951284,"Lars(copy_X=True, eps=2.220446049250313e-16, fit_intercept=True, fit_path=True,
     n_nonzero_coefs=500, normalize=True, precompute='auto', verbose=False)",,,,,,82,False,"{'model': Lars(copy_X=True, eps=2.220446049250313e-16, fit_intercept=True, fit_path=True,
     n_nonzero_coefs=500, normalize=True, precompute='auto', verbose=False), 'model__n_nonzero_coefs': 82, 'model__normalize': False}",-1315.034534294311,-1615.1263558823932,-1984.4831850183286,-22.12314810113239,-1234.1918058240412,738.8664058715481,1296
1335,0.010001122951507568,0.0021905291599788566,0.0016089677810668945,0.00045006647511093095,"Lars(copy_X=True, eps=2.220446049250313e-16, fit_intercept=True, fit_path=True,
     n_nonzero_coefs=500, normalize=True, precompute='auto', verbose=False)",,,,,,83,False,"{'model': Lars(copy_X=True, eps=2.220446049250313e-16, fit_intercept=True, fit_path=True,
     n_nonzero_coefs=500, normalize=True, precompute='auto', verbose=False), 'model__n_nonzero_coefs': 83, 'model__normalize': False}",-1315.034534294311,-1615.1263558823932,-1984.4831850183286,-22.12314810113239,-1234.1918058240412,738.8664058715481,1296
1336,0.01008296012878418,0.0018266203592865711,0.001281142234802246,0.00027526664003856916,"Lars(copy_X=True, eps=2.220446049250313e-16, fit_intercept=True, fit_path=True,
     n_nonzero_coefs=500, normalize=True, precompute='auto', verbose=False)",,,,,,84,False,"{'model': Lars(copy_X=True, eps=2.220446049250313e-16, fit_intercept=True, fit_path=True,
     n_nonzero_coefs=500, normalize=True, precompute='auto', verbose=False), 'model__n_nonzero_coefs': 84, 'model__normalize': False}",-1315.034534294311,-1615.1263558823932,-1984.4831850183286,-22.12314810113239,-1234.1918058240412,738.8664058715481,1296
1337,0.010227501392364502,0.0013044102752521867,0.0017626285552978516,0.00035079236999854217,"Lars(copy_X=True, eps=2.220446049250313e-16, fit_intercept=True, fit_path=True,
     n_nonzero_coefs=500, normalize=True, precompute='auto', verbose=False)",,,,,,85,False,"{'model': Lars(copy_X=True, eps=2.220446049250313e-16, fit_intercept=True, fit_path=True,
     n_nonzero_coefs=500, normalize=True, precompute='auto', verbose=False), 'model__n_nonzero_coefs': 85, 'model__normalize': False}",-1315.034534294311,-1615.1263558823932,-1984.4831850183286,-22.12314810113239,-1234.1918058240412,738.8664058715481,1296
1338,0.009401381015777588,0.0006009746278192096,0.0013923048973083496,0.0002332908055150792,"Lars(copy_X=True, eps=2.220446049250313e-16, fit_intercept=True, fit_path=True,
     n_nonzero_coefs=500, normalize=True, precompute='auto', verbose=False)",,,,,,86,False,"{'model': Lars(copy_X=True, eps=2.220446049250313e-16, fit_intercept=True, fit_path=True,
     n_nonzero_coefs=500, normalize=True, precompute='auto', verbose=False), 'model__n_nonzero_coefs': 86, 'model__normalize': False}",-1315.034534294311,-1615.1263558823932,-1984.4831850183286,-22.12314810113239,-1234.1918058240412,738.8664058715481,1296
1339,0.009258151054382324,0.002342316405152105,0.0012872815132141113,0.0003474015750927315,"Lars(copy_X=True, eps=2.220446049250313e-16, fit_intercept=True, fit_path=True,
     n_nonzero_coefs=500, normalize=True, precompute='auto', verbose=False)",,,,,,87,False,"{'model': Lars(copy_X=True, eps=2.220446049250313e-16, fit_intercept=True, fit_path=True,
     n_nonzero_coefs=500, normalize=True, precompute='auto', verbose=False), 'model__n_nonzero_coefs': 87, 'model__normalize': False}",-1315.034534294311,-1615.1263558823932,-1984.4831850183286,-22.12314810113239,-1234.1918058240412,738.8664058715481,1296
1340,0.009862661361694336,0.00033480925903398034,0.0016022920608520508,4.408536178160696e-05,"Lars(copy_X=True, eps=2.220446049250313e-16, fit_intercept=True, fit_path=True,
     n_nonzero_coefs=500, normalize=True, precompute='auto', verbose=False)",,,,,,88,False,"{'model': Lars(copy_X=True, eps=2.220446049250313e-16, fit_intercept=True, fit_path=True,
     n_nonzero_coefs=500, normalize=True, precompute='auto', verbose=False), 'model__n_nonzero_coefs': 88, 'model__normalize': False}",-1315.034534294311,-1615.1263558823932,-1984.4831850183286,-22.12314810113239,-1234.1918058240412,738.8664058715481,1296
1341,0.00948333740234375,0.0012640790617218112,0.0012486577033996582,0.0002540862254087498,"Lars(copy_X=True, eps=2.220446049250313e-16, fit_intercept=True, fit_path=True,
     n_nonzero_coefs=500, normalize=True, precompute='auto', verbose=False)",,,,,,89,False,"{'model': Lars(copy_X=True, eps=2.220446049250313e-16, fit_intercept=True, fit_path=True,
     n_nonzero_coefs=500, normalize=True, precompute='auto', verbose=False), 'model__n_nonzero_coefs': 89, 'model__normalize': False}",-1315.034534294311,-1615.1263558823932,-1984.4831850183286,-22.12314810113239,-1234.1918058240412,738.8664058715481,1296
1342,0.011186182498931885,0.0037221532253936466,0.0013450384140014648,0.00033971483099953727,"Lars(copy_X=True, eps=2.220446049250313e-16, fit_intercept=True, fit_path=True,
     n_nonzero_coefs=500, normalize=True, precompute='auto', verbose=False)",,,,,,90,False,"{'model': Lars(copy_X=True, eps=2.220446049250313e-16, fit_intercept=True, fit_path=True,
     n_nonzero_coefs=500, normalize=True, precompute='auto', verbose=False), 'model__n_nonzero_coefs': 90, 'model__normalize': False}",-1315.034534294311,-1615.1263558823932,-1984.4831850183286,-22.12314810113239,-1234.1918058240412,738.8664058715481,1296
1343,0.010655701160430908,0.0024407971960228847,0.0016033053398132324,0.00037625252019810474,"Lars(copy_X=True, eps=2.220446049250313e-16, fit_intercept=True, fit_path=True,
     n_nonzero_coefs=500, normalize=True, precompute='auto', verbose=False)",,,,,,91,False,"{'model': Lars(copy_X=True, eps=2.220446049250313e-16, fit_intercept=True, fit_path=True,
     n_nonzero_coefs=500, normalize=True, precompute='auto', verbose=False), 'model__n_nonzero_coefs': 91, 'model__normalize': False}",-1315.034534294311,-1615.1263558823932,-1984.4831850183286,-22.12314810113239,-1234.1918058240412,738.8664058715481,1296
1344,0.01004338264465332,0.0003644074530984869,0.0014802217483520508,0.00011046803969294653,"Lars(copy_X=True, eps=2.220446049250313e-16, fit_intercept=True, fit_path=True,
     n_nonzero_coefs=500, normalize=True, precompute='auto', verbose=False)",,,,,,92,False,"{'model': Lars(copy_X=True, eps=2.220446049250313e-16, fit_intercept=True, fit_path=True,
     n_nonzero_coefs=500, normalize=True, precompute='auto', verbose=False), 'model__n_nonzero_coefs': 92, 'model__normalize': False}",-1315.034534294311,-1615.1263558823932,-1984.4831850183286,-22.12314810113239,-1234.1918058240412,738.8664058715481,1296
1345,0.008576750755310059,0.0009075049007964128,0.0013511180877685547,0.00029430878444175956,"Lars(copy_X=True, eps=2.220446049250313e-16, fit_intercept=True, fit_path=True,
     n_nonzero_coefs=500, normalize=True, precompute='auto', verbose=False)",,,,,,93,False,"{'model': Lars(copy_X=True, eps=2.220446049250313e-16, fit_intercept=True, fit_path=True,
     n_nonzero_coefs=500, normalize=True, precompute='auto', verbose=False), 'model__n_nonzero_coefs': 93, 'model__normalize': False}",-1315.034534294311,-1615.1263558823932,-1984.4831850183286,-22.12314810113239,-1234.1918058240412,738.8664058715481,1296
1346,0.009287238121032715,0.0009069192120877715,0.0013472437858581543,0.0003311984796382656,"Lars(copy_X=True, eps=2.220446049250313e-16, fit_intercept=True, fit_path=True,
     n_nonzero_coefs=500, normalize=True, precompute='auto', verbose=False)",,,,,,94,False,"{'model': Lars(copy_X=True, eps=2.220446049250313e-16, fit_intercept=True, fit_path=True,
     n_nonzero_coefs=500, normalize=True, precompute='auto', verbose=False), 'model__n_nonzero_coefs': 94, 'model__normalize': False}",-1315.034534294311,-1615.1263558823932,-1984.4831850183286,-22.12314810113239,-1234.1918058240412,738.8664058715481,1296
1347,0.009051144123077393,0.0019639542892425843,0.0014423131942749023,0.000570838820678408,"Lars(copy_X=True, eps=2.220446049250313e-16, fit_intercept=True, fit_path=True,
     n_nonzero_coefs=500, normalize=True, precompute='auto', verbose=False)",,,,,,95,False,"{'model': Lars(copy_X=True, eps=2.220446049250313e-16, fit_intercept=True, fit_path=True,
     n_nonzero_coefs=500, normalize=True, precompute='auto', verbose=False), 'model__n_nonzero_coefs': 95, 'model__normalize': False}",-1315.034534294311,-1615.1263558823932,-1984.4831850183286,-22.12314810113239,-1234.1918058240412,738.8664058715481,1296
1348,0.009721577167510986,0.0008787037522133062,0.0015239119529724121,0.00030252449460132765,"Lars(copy_X=True, eps=2.220446049250313e-16, fit_intercept=True, fit_path=True,
     n_nonzero_coefs=500, normalize=True, precompute='auto', verbose=False)",,,,,,96,False,"{'model': Lars(copy_X=True, eps=2.220446049250313e-16, fit_intercept=True, fit_path=True,
     n_nonzero_coefs=500, normalize=True, precompute='auto', verbose=False), 'model__n_nonzero_coefs': 96, 'model__normalize': False}",-1315.034534294311,-1615.1263558823932,-1984.4831850183286,-22.12314810113239,-1234.1918058240412,738.8664058715481,1296
1349,0.009833574295043945,0.0010629784663284752,0.001326918601989746,0.0002773841354191163,"Lars(copy_X=True, eps=2.220446049250313e-16, fit_intercept=True, fit_path=True,
     n_nonzero_coefs=500, normalize=True, precompute='auto', verbose=False)",,,,,,97,False,"{'model': Lars(copy_X=True, eps=2.220446049250313e-16, fit_intercept=True, fit_path=True,
     n_nonzero_coefs=500, normalize=True, precompute='auto', verbose=False), 'model__n_nonzero_coefs': 97, 'model__normalize': False}",-1315.034534294311,-1615.1263558823932,-1984.4831850183286,-22.12314810113239,-1234.1918058240412,738.8664058715481,1296
1350,0.00958096981048584,0.0018165691267659524,0.0012979507446289062,0.00036147484377312833,"Lars(copy_X=True, eps=2.220446049250313e-16, fit_intercept=True, fit_path=True,
     n_nonzero_coefs=500, normalize=True, precompute='auto', verbose=False)",,,,,,98,False,"{'model': Lars(copy_X=True, eps=2.220446049250313e-16, fit_intercept=True, fit_path=True,
     n_nonzero_coefs=500, normalize=True, precompute='auto', verbose=False), 'model__n_nonzero_coefs': 98, 'model__normalize': False}",-1315.034534294311,-1615.1263558823932,-1984.4831850183286,-22.12314810113239,-1234.1918058240412,738.8664058715481,1296
1351,0.011301994323730469,0.0027436763976839054,0.0014224648475646973,0.0003214364984390841,"Lars(copy_X=True, eps=2.220446049250313e-16, fit_intercept=True, fit_path=True,
     n_nonzero_coefs=500, normalize=True, precompute='auto', verbose=False)",,,,,,99,False,"{'model': Lars(copy_X=True, eps=2.220446049250313e-16, fit_intercept=True, fit_path=True,
     n_nonzero_coefs=500, normalize=True, precompute='auto', verbose=False), 'model__n_nonzero_coefs': 99, 'model__normalize': False}",-1315.034534294311,-1615.1263558823932,-1984.4831850183286,-22.12314810113239,-1234.1918058240412,738.8664058715481,1296
1352,0.009819090366363525,0.0009922360474447997,0.001420736312866211,0.00022495724735054905,"Lars(copy_X=True, eps=2.220446049250313e-16, fit_intercept=True, fit_path=True,
     n_nonzero_coefs=500, normalize=True, precompute='auto', verbose=False)",,,,,,100,False,"{'model': Lars(copy_X=True, eps=2.220446049250313e-16, fit_intercept=True, fit_path=True,
     n_nonzero_coefs=500, normalize=True, precompute='auto', verbose=False), 'model__n_nonzero_coefs': 100, 'model__normalize': False}",-1315.034534294311,-1615.1263558823932,-1984.4831850183286,-22.12314810113239,-1234.1918058240412,738.8664058715481,1296
1353,0.004654347896575928,0.0002282928781305235,0.001559436321258545,7.512065390981578e-05,"OrthogonalMatchingPursuit(fit_intercept=True, n_nonzero_coefs=8,
                          normalize=False, precompute='auto', tol=None)",,,,,,1,False,"{'model': OrthogonalMatchingPursuit(fit_intercept=True, n_nonzero_coefs=8,
                          normalize=False, precompute='auto', tol=None), 'model__n_nonzero_coefs': 1, 'model__normalize': False}",-34.67282037089555,-20.800721014576446,-33.562742706215985,-135.4836992294324,-56.129995830280095,46.13799734065336,1281
1354,0.005312621593475342,0.0004993458543818532,0.002075493335723877,0.0011611033192671803,"OrthogonalMatchingPursuit(fit_intercept=True, n_nonzero_coefs=8,
                          normalize=False, precompute='auto', tol=None)",,,,,,2,False,"{'model': OrthogonalMatchingPursuit(fit_intercept=True, n_nonzero_coefs=8,
                          normalize=False, precompute='auto', tol=None), 'model__n_nonzero_coefs': 2, 'model__normalize': False}",-14.979554108538244,-3.423404951691104,-14.027737599601515,-18.963586740928935,-12.848570850189947,5.748014775304914,223
1355,0.004940390586853027,0.00023896586665201163,0.0016344189643859863,7.253047719230038e-05,"OrthogonalMatchingPursuit(fit_intercept=True, n_nonzero_coefs=8,
                          normalize=False, precompute='auto', tol=None)",,,,,,3,False,"{'model': OrthogonalMatchingPursuit(fit_intercept=True, n_nonzero_coefs=8,
                          normalize=False, precompute='auto', tol=None), 'model__n_nonzero_coefs': 3, 'model__normalize': False}",-6.399536417162036,-4.508072898208541,-6.796435939211261,-17.27187705243267,-8.743980576753628,4.998931903259922,175
1356,0.00541377067565918,0.0005220747664936193,0.0016481876373291016,0.0003291653650469384,"OrthogonalMatchingPursuit(fit_intercept=True, n_nonzero_coefs=8,
                          normalize=False, precompute='auto', tol=None)",,,,,,4,False,"{'model': OrthogonalMatchingPursuit(fit_intercept=True, n_nonzero_coefs=8,
                          normalize=False, precompute='auto', tol=None), 'model__n_nonzero_coefs': 4, 'model__normalize': False}",-6.210436508815821,-4.414031799776825,-5.251131817247144,-15.11296659417778,-7.747141680004393,4.299899015037074,161
1357,0.005948781967163086,0.0022468363172723957,0.0015453696250915527,0.00015937835083289616,"OrthogonalMatchingPursuit(fit_intercept=True, n_nonzero_coefs=8,
                          normalize=False, precompute='auto', tol=None)",,,,,,5,False,"{'model': OrthogonalMatchingPursuit(fit_intercept=True, n_nonzero_coefs=8,
                          normalize=False, precompute='auto', tol=None), 'model__n_nonzero_coefs': 5, 'model__normalize': False}",-7.616544294747212,-4.895489601890857,-6.931974544940812,-14.307210899907206,-8.437804835371521,3.5334090657225996,169
1358,0.005806446075439453,0.0009227405818926527,0.0014513731002807617,0.0001787768563929773,"OrthogonalMatchingPursuit(fit_intercept=True, n_nonzero_coefs=8,
                          normalize=False, precompute='auto', tol=None)",,,,,,6,False,"{'model': OrthogonalMatchingPursuit(fit_intercept=True, n_nonzero_coefs=8,
                          normalize=False, precompute='auto', tol=None), 'model__n_nonzero_coefs': 6, 'model__normalize': False}",-6.9423664625806225,-2.9560311019499883,-3.6689392772803595,-12.460350159319724,-6.5069217502826735,3.7515293825479534,109
1359,0.006096839904785156,0.0006784767574787943,0.0018556714057922363,0.0005355889740202129,"OrthogonalMatchingPursuit(fit_intercept=True, n_nonzero_coefs=8,
                          normalize=False, precompute='auto', tol=None)",,,,,,7,False,"{'model': OrthogonalMatchingPursuit(fit_intercept=True, n_nonzero_coefs=8,
                          normalize=False, precompute='auto', tol=None), 'model__n_nonzero_coefs': 7, 'model__normalize': False}",-7.224747148590906,-2.7009708476445207,-3.78051186570477,-8.307856078673376,-5.503521485153394,2.326476011127273,6
1360,0.004858195781707764,0.0001770531568188871,0.0015240311622619629,0.00042164342144565764,"OrthogonalMatchingPursuit(fit_intercept=True, n_nonzero_coefs=8,
                          normalize=False, precompute='auto', tol=None)",,,,,,8,False,"{'model': OrthogonalMatchingPursuit(fit_intercept=True, n_nonzero_coefs=8,
                          normalize=False, precompute='auto', tol=None), 'model__n_nonzero_coefs': 8, 'model__normalize': False}",-7.028751720111925,-2.3971371144452718,-2.5597845809303306,-8.033623056659245,-5.004824118036693,2.5518696967006367,1
1361,0.005361199378967285,0.00019968908178748883,0.0015352964401245117,0.00030556391921994345,"OrthogonalMatchingPursuit(fit_intercept=True, n_nonzero_coefs=8,
                          normalize=False, precompute='auto', tol=None)",,,,,,9,False,"{'model': OrthogonalMatchingPursuit(fit_intercept=True, n_nonzero_coefs=8,
                          normalize=False, precompute='auto', tol=None), 'model__n_nonzero_coefs': 9, 'model__normalize': False}",-7.1615163259774635,-2.6853653446432135,-2.4032619349557773,-7.89271382089768,-5.035714356618533,2.506762163739966,2
1362,0.005117952823638916,0.00024147767527133492,0.0013619065284729004,0.00035218291463353957,"OrthogonalMatchingPursuit(fit_intercept=True, n_nonzero_coefs=8,
                          normalize=False, precompute='auto', tol=None)",,,,,,10,False,"{'model': OrthogonalMatchingPursuit(fit_intercept=True, n_nonzero_coefs=8,
                          normalize=False, precompute='auto', tol=None), 'model__n_nonzero_coefs': 10, 'model__normalize': False}",-7.769212039138373,-2.397409929419716,-2.565637793460664,-9.162437804118325,-5.473674391534269,3.03300793364405,5
1363,0.006178319454193115,0.0007258395967712032,0.0017841458320617676,0.00018991183803546008,"OrthogonalMatchingPursuit(fit_intercept=True, n_nonzero_coefs=8,
                          normalize=False, precompute='auto', tol=None)",,,,,,11,False,"{'model': OrthogonalMatchingPursuit(fit_intercept=True, n_nonzero_coefs=8,
                          normalize=False, precompute='auto', tol=None), 'model__n_nonzero_coefs': 11, 'model__normalize': False}",-5.566661481889857,-2.3614147409249644,-2.632409948728424,-10.786510664420835,-5.33674920899102,3.388171542505543,3
1364,0.005421280860900879,0.0007596112932093507,0.0015393495559692383,0.00014356011010563635,"OrthogonalMatchingPursuit(fit_intercept=True, n_nonzero_coefs=8,
                          normalize=False, precompute='auto', tol=None)",,,,,,12,False,"{'model': OrthogonalMatchingPursuit(fit_intercept=True, n_nonzero_coefs=8,
                          normalize=False, precompute='auto', tol=None), 'model__n_nonzero_coefs': 12, 'model__normalize': False}",-6.50903706834423,-2.247571513831686,-2.5428275937404563,-11.310189504595291,-5.652406420127916,3.6744627741684615,7
1365,0.006022334098815918,0.0006743203783128968,0.0018540024757385254,0.0004528102488939903,"OrthogonalMatchingPursuit(fit_intercept=True, n_nonzero_coefs=8,
                          normalize=False, precompute='auto', tol=None)",,,,,,13,False,"{'model': OrthogonalMatchingPursuit(fit_intercept=True, n_nonzero_coefs=8,
                          normalize=False, precompute='auto', tol=None), 'model__n_nonzero_coefs': 13, 'model__normalize': False}",-6.5494475517239055,-2.2589842008975043,-2.4902193786174105,-12.529448269501168,-5.957024850184997,4.160587671277579,17
1366,0.006610274314880371,0.001780361445722011,0.0013799667358398438,0.00029428710344160826,"OrthogonalMatchingPursuit(fit_intercept=True, n_nonzero_coefs=8,
                          normalize=False, precompute='auto', tol=None)",,,,,,14,False,"{'model': OrthogonalMatchingPursuit(fit_intercept=True, n_nonzero_coefs=8,
                          normalize=False, precompute='auto', tol=None), 'model__n_nonzero_coefs': 14, 'model__normalize': False}",-6.481704452783958,-2.2303961797313057,-2.83947841393467,-13.21098722129315,-6.190641566935771,4.367030132569483,50
1367,0.006339311599731445,0.0006053133376434618,0.001735985279083252,0.0005204017431449585,"OrthogonalMatchingPursuit(fit_intercept=True, n_nonzero_coefs=8,
                          normalize=False, precompute='auto', tol=None)",,,,,,15,False,"{'model': OrthogonalMatchingPursuit(fit_intercept=True, n_nonzero_coefs=8,
                          normalize=False, precompute='auto', tol=None), 'model__n_nonzero_coefs': 15, 'model__normalize': False}",-6.818042358734771,-2.188140147877189,-2.8613334696881823,-14.012091990095477,-6.4699019915989044,4.700028801835351,107
1368,0.006454586982727051,0.0009708743763390468,0.001537024974822998,0.000174959391204314,"OrthogonalMatchingPursuit(fit_intercept=True, n_nonzero_coefs=8,
                          normalize=False, precompute='auto', tol=None)",,,,,,16,False,"{'model': OrthogonalMatchingPursuit(fit_intercept=True, n_nonzero_coefs=8,
                          normalize=False, precompute='auto', tol=None), 'model__n_nonzero_coefs': 16, 'model__normalize': False}",-6.929433240077344,-2.087480272662349,-2.859233150488607,-14.438257188462126,-6.578600962922607,4.896456403589476,115
1369,0.005440413951873779,0.0008067291776652178,0.0018979310989379883,0.0007660180151195642,"OrthogonalMatchingPursuit(fit_intercept=True, n_nonzero_coefs=8,
                          normalize=False, precompute='auto', tol=None)",,,,,,17,False,"{'model': OrthogonalMatchingPursuit(fit_intercept=True, n_nonzero_coefs=8,
                          normalize=False, precompute='auto', tol=None), 'model__n_nonzero_coefs': 17, 'model__normalize': False}",-6.950750064153539,-2.10242757267499,-2.9773612265199056,-14.379800167407803,-6.602584757689059,4.847678798934819,116
1370,0.006194055080413818,0.00019699798584303025,0.0018419623374938965,0.00015364735219546108,"OrthogonalMatchingPursuit(fit_intercept=True, n_nonzero_coefs=8,
                          normalize=False, precompute='auto', tol=None)",,,,,,18,False,"{'model': OrthogonalMatchingPursuit(fit_intercept=True, n_nonzero_coefs=8,
                          normalize=False, precompute='auto', tol=None), 'model__n_nonzero_coefs': 18, 'model__normalize': False}",-7.005284496036749,-2.09872477515897,-2.9799026462328713,-14.579142944776255,-6.665763715551211,4.929002477461527,122
1371,0.014159321784973145,0.01414703373803245,0.001573026180267334,0.00045819030983815267,"OrthogonalMatchingPursuit(fit_intercept=True, n_nonzero_coefs=8,
                          normalize=False, precompute='auto', tol=None)",,,,,,19,False,"{'model': OrthogonalMatchingPursuit(fit_intercept=True, n_nonzero_coefs=8,
                          normalize=False, precompute='auto', tol=None), 'model__n_nonzero_coefs': 19, 'model__normalize': False}",-7.005284496036749,-2.09872477515897,-2.9799026462328713,-14.579142944776255,-6.665763715551211,4.929002477461527,122
1372,0.004448056221008301,0.00027522946696771644,0.0,0.0,"OrthogonalMatchingPursuit(fit_intercept=True, n_nonzero_coefs=8,
                          normalize=False, precompute='auto', tol=None)",,,,,,20,False,"{'model': OrthogonalMatchingPursuit(fit_intercept=True, n_nonzero_coefs=8,
                          normalize=False, precompute='auto', tol=None), 'model__n_nonzero_coefs': 20, 'model__normalize': False}",,,,,,,1430
1373,0.0056136250495910645,0.0006712377832217733,0.0,0.0,"OrthogonalMatchingPursuit(fit_intercept=True, n_nonzero_coefs=8,
                          normalize=False, precompute='auto', tol=None)",,,,,,21,False,"{'model': OrthogonalMatchingPursuit(fit_intercept=True, n_nonzero_coefs=8,
                          normalize=False, precompute='auto', tol=None), 'model__n_nonzero_coefs': 21, 'model__normalize': False}",,,,,,,1429
1374,0.0045975446701049805,0.0003494491972087909,0.0,0.0,"OrthogonalMatchingPursuit(fit_intercept=True, n_nonzero_coefs=8,
                          normalize=False, precompute='auto', tol=None)",,,,,,22,False,"{'model': OrthogonalMatchingPursuit(fit_intercept=True, n_nonzero_coefs=8,
                          normalize=False, precompute='auto', tol=None), 'model__n_nonzero_coefs': 22, 'model__normalize': False}",,,,,,,1428
1375,0.00488203763961792,0.0002759225320798652,0.0,0.0,"OrthogonalMatchingPursuit(fit_intercept=True, n_nonzero_coefs=8,
                          normalize=False, precompute='auto', tol=None)",,,,,,23,False,"{'model': OrthogonalMatchingPursuit(fit_intercept=True, n_nonzero_coefs=8,
                          normalize=False, precompute='auto', tol=None), 'model__n_nonzero_coefs': 23, 'model__normalize': False}",,,,,,,1427
1376,0.0051631927490234375,0.0007292308676629365,0.0,0.0,"OrthogonalMatchingPursuit(fit_intercept=True, n_nonzero_coefs=8,
                          normalize=False, precompute='auto', tol=None)",,,,,,24,False,"{'model': OrthogonalMatchingPursuit(fit_intercept=True, n_nonzero_coefs=8,
                          normalize=False, precompute='auto', tol=None), 'model__n_nonzero_coefs': 24, 'model__normalize': False}",,,,,,,1426
1377,0.004601001739501953,0.00023882164263364615,0.0,0.0,"OrthogonalMatchingPursuit(fit_intercept=True, n_nonzero_coefs=8,
                          normalize=False, precompute='auto', tol=None)",,,,,,25,False,"{'model': OrthogonalMatchingPursuit(fit_intercept=True, n_nonzero_coefs=8,
                          normalize=False, precompute='auto', tol=None), 'model__n_nonzero_coefs': 25, 'model__normalize': False}",,,,,,,1425
1378,0.005819439888000488,0.0018637207511483336,0.0,0.0,"OrthogonalMatchingPursuit(fit_intercept=True, n_nonzero_coefs=8,
                          normalize=False, precompute='auto', tol=None)",,,,,,26,False,"{'model': OrthogonalMatchingPursuit(fit_intercept=True, n_nonzero_coefs=8,
                          normalize=False, precompute='auto', tol=None), 'model__n_nonzero_coefs': 26, 'model__normalize': False}",,,,,,,1424
1379,0.0049253106117248535,0.0002562626198785266,0.0,0.0,"OrthogonalMatchingPursuit(fit_intercept=True, n_nonzero_coefs=8,
                          normalize=False, precompute='auto', tol=None)",,,,,,27,False,"{'model': OrthogonalMatchingPursuit(fit_intercept=True, n_nonzero_coefs=8,
                          normalize=False, precompute='auto', tol=None), 'model__n_nonzero_coefs': 27, 'model__normalize': False}",,,,,,,1423
1380,0.005073428153991699,0.000540920226638458,0.0,0.0,"OrthogonalMatchingPursuit(fit_intercept=True, n_nonzero_coefs=8,
                          normalize=False, precompute='auto', tol=None)",,,,,,28,False,"{'model': OrthogonalMatchingPursuit(fit_intercept=True, n_nonzero_coefs=8,
                          normalize=False, precompute='auto', tol=None), 'model__n_nonzero_coefs': 28, 'model__normalize': False}",,,,,,,1422
1381,0.004805862903594971,0.0007837995172891184,0.0,0.0,"OrthogonalMatchingPursuit(fit_intercept=True, n_nonzero_coefs=8,
                          normalize=False, precompute='auto', tol=None)",,,,,,29,False,"{'model': OrthogonalMatchingPursuit(fit_intercept=True, n_nonzero_coefs=8,
                          normalize=False, precompute='auto', tol=None), 'model__n_nonzero_coefs': 29, 'model__normalize': False}",,,,,,,1421
1382,0.004865884780883789,0.00015798024164481665,0.0,0.0,"OrthogonalMatchingPursuit(fit_intercept=True, n_nonzero_coefs=8,
                          normalize=False, precompute='auto', tol=None)",,,,,,30,False,"{'model': OrthogonalMatchingPursuit(fit_intercept=True, n_nonzero_coefs=8,
                          normalize=False, precompute='auto', tol=None), 'model__n_nonzero_coefs': 30, 'model__normalize': False}",,,,,,,1420
1383,0.004999876022338867,0.00042806829242665275,0.0,0.0,"OrthogonalMatchingPursuit(fit_intercept=True, n_nonzero_coefs=8,
                          normalize=False, precompute='auto', tol=None)",,,,,,31,False,"{'model': OrthogonalMatchingPursuit(fit_intercept=True, n_nonzero_coefs=8,
                          normalize=False, precompute='auto', tol=None), 'model__n_nonzero_coefs': 31, 'model__normalize': False}",,,,,,,1419
1384,0.005587756633758545,0.0014098865225165803,0.0,0.0,"OrthogonalMatchingPursuit(fit_intercept=True, n_nonzero_coefs=8,
                          normalize=False, precompute='auto', tol=None)",,,,,,32,False,"{'model': OrthogonalMatchingPursuit(fit_intercept=True, n_nonzero_coefs=8,
                          normalize=False, precompute='auto', tol=None), 'model__n_nonzero_coefs': 32, 'model__normalize': False}",,,,,,,1418
1385,0.004694223403930664,0.0004057408261766964,0.0,0.0,"OrthogonalMatchingPursuit(fit_intercept=True, n_nonzero_coefs=8,
                          normalize=False, precompute='auto', tol=None)",,,,,,33,False,"{'model': OrthogonalMatchingPursuit(fit_intercept=True, n_nonzero_coefs=8,
                          normalize=False, precompute='auto', tol=None), 'model__n_nonzero_coefs': 33, 'model__normalize': False}",,,,,,,1417
1386,0.0050408244132995605,0.00024568351325900177,0.0,0.0,"OrthogonalMatchingPursuit(fit_intercept=True, n_nonzero_coefs=8,
                          normalize=False, precompute='auto', tol=None)",,,,,,34,False,"{'model': OrthogonalMatchingPursuit(fit_intercept=True, n_nonzero_coefs=8,
                          normalize=False, precompute='auto', tol=None), 'model__n_nonzero_coefs': 34, 'model__normalize': False}",,,,,,,1416
1387,0.004743516445159912,0.0004057778934999621,0.0,0.0,"OrthogonalMatchingPursuit(fit_intercept=True, n_nonzero_coefs=8,
                          normalize=False, precompute='auto', tol=None)",,,,,,35,False,"{'model': OrthogonalMatchingPursuit(fit_intercept=True, n_nonzero_coefs=8,
                          normalize=False, precompute='auto', tol=None), 'model__n_nonzero_coefs': 35, 'model__normalize': False}",,,,,,,1415
1388,0.0049782395362854,0.0006877724844581711,0.0,0.0,"OrthogonalMatchingPursuit(fit_intercept=True, n_nonzero_coefs=8,
                          normalize=False, precompute='auto', tol=None)",,,,,,36,False,"{'model': OrthogonalMatchingPursuit(fit_intercept=True, n_nonzero_coefs=8,
                          normalize=False, precompute='auto', tol=None), 'model__n_nonzero_coefs': 36, 'model__normalize': False}",,,,,,,1432
1389,0.00472027063369751,0.00021341248915108434,0.0,0.0,"OrthogonalMatchingPursuit(fit_intercept=True, n_nonzero_coefs=8,
                          normalize=False, precompute='auto', tol=None)",,,,,,37,False,"{'model': OrthogonalMatchingPursuit(fit_intercept=True, n_nonzero_coefs=8,
                          normalize=False, precompute='auto', tol=None), 'model__n_nonzero_coefs': 37, 'model__normalize': False}",,,,,,,1454
1390,0.004954040050506592,0.0003095141681282536,0.0,0.0,"OrthogonalMatchingPursuit(fit_intercept=True, n_nonzero_coefs=8,
                          normalize=False, precompute='auto', tol=None)",,,,,,38,False,"{'model': OrthogonalMatchingPursuit(fit_intercept=True, n_nonzero_coefs=8,
                          normalize=False, precompute='auto', tol=None), 'model__n_nonzero_coefs': 38, 'model__normalize': False}",,,,,,,1434
1391,0.004463374614715576,0.00046628726560348746,0.0,0.0,"OrthogonalMatchingPursuit(fit_intercept=True, n_nonzero_coefs=8,
                          normalize=False, precompute='auto', tol=None)",,,,,,39,False,"{'model': OrthogonalMatchingPursuit(fit_intercept=True, n_nonzero_coefs=8,
                          normalize=False, precompute='auto', tol=None), 'model__n_nonzero_coefs': 39, 'model__normalize': False}",,,,,,,1453
1392,0.005223453044891357,0.0008664201426070253,0.0,0.0,"OrthogonalMatchingPursuit(fit_intercept=True, n_nonzero_coefs=8,
                          normalize=False, precompute='auto', tol=None)",,,,,,40,False,"{'model': OrthogonalMatchingPursuit(fit_intercept=True, n_nonzero_coefs=8,
                          normalize=False, precompute='auto', tol=None), 'model__n_nonzero_coefs': 40, 'model__normalize': False}",,,,,,,1435
1393,0.004948794841766357,0.00047606785750566554,0.0,0.0,"OrthogonalMatchingPursuit(fit_intercept=True, n_nonzero_coefs=8,
                          normalize=False, precompute='auto', tol=None)",,,,,,41,False,"{'model': OrthogonalMatchingPursuit(fit_intercept=True, n_nonzero_coefs=8,
                          normalize=False, precompute='auto', tol=None), 'model__n_nonzero_coefs': 41, 'model__normalize': False}",,,,,,,1452
1394,0.00551915168762207,0.00139728135851323,0.0,0.0,"OrthogonalMatchingPursuit(fit_intercept=True, n_nonzero_coefs=8,
                          normalize=False, precompute='auto', tol=None)",,,,,,42,False,"{'model': OrthogonalMatchingPursuit(fit_intercept=True, n_nonzero_coefs=8,
                          normalize=False, precompute='auto', tol=None), 'model__n_nonzero_coefs': 42, 'model__normalize': False}",,,,,,,1451
1395,0.004029691219329834,0.0008124607025511268,0.0,0.0,"OrthogonalMatchingPursuit(fit_intercept=True, n_nonzero_coefs=8,
                          normalize=False, precompute='auto', tol=None)",,,,,,43,False,"{'model': OrthogonalMatchingPursuit(fit_intercept=True, n_nonzero_coefs=8,
                          normalize=False, precompute='auto', tol=None), 'model__n_nonzero_coefs': 43, 'model__normalize': False}",,,,,,,1450
1396,0.004752755165100098,0.0003177649002753243,0.0,0.0,"OrthogonalMatchingPursuit(fit_intercept=True, n_nonzero_coefs=8,
                          normalize=False, precompute='auto', tol=None)",,,,,,44,False,"{'model': OrthogonalMatchingPursuit(fit_intercept=True, n_nonzero_coefs=8,
                          normalize=False, precompute='auto', tol=None), 'model__n_nonzero_coefs': 44, 'model__normalize': False}",,,,,,,1449
1397,0.004919290542602539,0.00022858343192743965,0.0,0.0,"OrthogonalMatchingPursuit(fit_intercept=True, n_nonzero_coefs=8,
                          normalize=False, precompute='auto', tol=None)",,,,,,45,False,"{'model': OrthogonalMatchingPursuit(fit_intercept=True, n_nonzero_coefs=8,
                          normalize=False, precompute='auto', tol=None), 'model__n_nonzero_coefs': 45, 'model__normalize': False}",,,,,,,1448
1398,0.00387495756149292,0.0010016349621713681,0.0,0.0,"OrthogonalMatchingPursuit(fit_intercept=True, n_nonzero_coefs=8,
                          normalize=False, precompute='auto', tol=None)",,,,,,46,False,"{'model': OrthogonalMatchingPursuit(fit_intercept=True, n_nonzero_coefs=8,
                          normalize=False, precompute='auto', tol=None), 'model__n_nonzero_coefs': 46, 'model__normalize': False}",,,,,,,1447
1399,0.003313899040222168,0.0008188968892178189,0.0,0.0,"OrthogonalMatchingPursuit(fit_intercept=True, n_nonzero_coefs=8,
                          normalize=False, precompute='auto', tol=None)",,,,,,47,False,"{'model': OrthogonalMatchingPursuit(fit_intercept=True, n_nonzero_coefs=8,
                          normalize=False, precompute='auto', tol=None), 'model__n_nonzero_coefs': 47, 'model__normalize': False}",,,,,,,1446
1400,0.0052086710929870605,7.272614269417297e-05,0.0,0.0,"OrthogonalMatchingPursuit(fit_intercept=True, n_nonzero_coefs=8,
                          normalize=False, precompute='auto', tol=None)",,,,,,48,False,"{'model': OrthogonalMatchingPursuit(fit_intercept=True, n_nonzero_coefs=8,
                          normalize=False, precompute='auto', tol=None), 'model__n_nonzero_coefs': 48, 'model__normalize': False}",,,,,,,1445
1401,0.004988431930541992,0.0004673085954008516,0.0,0.0,"OrthogonalMatchingPursuit(fit_intercept=True, n_nonzero_coefs=8,
                          normalize=False, precompute='auto', tol=None)",,,,,,49,False,"{'model': OrthogonalMatchingPursuit(fit_intercept=True, n_nonzero_coefs=8,
                          normalize=False, precompute='auto', tol=None), 'model__n_nonzero_coefs': 49, 'model__normalize': False}",,,,,,,1413
1402,0.004832744598388672,0.0005210538908792724,0.0,0.0,"OrthogonalMatchingPursuit(fit_intercept=True, n_nonzero_coefs=8,
                          normalize=False, precompute='auto', tol=None)",,,,,,50,False,"{'model': OrthogonalMatchingPursuit(fit_intercept=True, n_nonzero_coefs=8,
                          normalize=False, precompute='auto', tol=None), 'model__n_nonzero_coefs': 50, 'model__normalize': False}",,,,,,,1444
1403,0.0046250224113464355,0.000333119065609789,0.0,0.0,"OrthogonalMatchingPursuit(fit_intercept=True, n_nonzero_coefs=8,
                          normalize=False, precompute='auto', tol=None)",,,,,,51,False,"{'model': OrthogonalMatchingPursuit(fit_intercept=True, n_nonzero_coefs=8,
                          normalize=False, precompute='auto', tol=None), 'model__n_nonzero_coefs': 51, 'model__normalize': False}",,,,,,,1443
1404,0.005162298679351807,0.00040694424643455696,0.0,0.0,"OrthogonalMatchingPursuit(fit_intercept=True, n_nonzero_coefs=8,
                          normalize=False, precompute='auto', tol=None)",,,,,,52,False,"{'model': OrthogonalMatchingPursuit(fit_intercept=True, n_nonzero_coefs=8,
                          normalize=False, precompute='auto', tol=None), 'model__n_nonzero_coefs': 52, 'model__normalize': False}",,,,,,,1442
1405,0.00557023286819458,0.0005458349392766799,0.0,0.0,"OrthogonalMatchingPursuit(fit_intercept=True, n_nonzero_coefs=8,
                          normalize=False, precompute='auto', tol=None)",,,,,,53,False,"{'model': OrthogonalMatchingPursuit(fit_intercept=True, n_nonzero_coefs=8,
                          normalize=False, precompute='auto', tol=None), 'model__n_nonzero_coefs': 53, 'model__normalize': False}",,,,,,,1441
1406,0.004028975963592529,0.0007821105609524258,0.0,0.0,"OrthogonalMatchingPursuit(fit_intercept=True, n_nonzero_coefs=8,
                          normalize=False, precompute='auto', tol=None)",,,,,,54,False,"{'model': OrthogonalMatchingPursuit(fit_intercept=True, n_nonzero_coefs=8,
                          normalize=False, precompute='auto', tol=None), 'model__n_nonzero_coefs': 54, 'model__normalize': False}",,,,,,,1440
1407,0.0028958916664123535,0.0001062407440793218,0.0,0.0,"OrthogonalMatchingPursuit(fit_intercept=True, n_nonzero_coefs=8,
                          normalize=False, precompute='auto', tol=None)",,,,,,55,False,"{'model': OrthogonalMatchingPursuit(fit_intercept=True, n_nonzero_coefs=8,
                          normalize=False, precompute='auto', tol=None), 'model__n_nonzero_coefs': 55, 'model__normalize': False}",,,,,,,1439
1408,0.004316985607147217,0.0002530158899307978,0.0,0.0,"OrthogonalMatchingPursuit(fit_intercept=True, n_nonzero_coefs=8,
                          normalize=False, precompute='auto', tol=None)",,,,,,56,False,"{'model': OrthogonalMatchingPursuit(fit_intercept=True, n_nonzero_coefs=8,
                          normalize=False, precompute='auto', tol=None), 'model__n_nonzero_coefs': 56, 'model__normalize': False}",,,,,,,1438
1409,0.004278779029846191,9.773482492470437e-05,0.0,0.0,"OrthogonalMatchingPursuit(fit_intercept=True, n_nonzero_coefs=8,
                          normalize=False, precompute='auto', tol=None)",,,,,,57,False,"{'model': OrthogonalMatchingPursuit(fit_intercept=True, n_nonzero_coefs=8,
                          normalize=False, precompute='auto', tol=None), 'model__n_nonzero_coefs': 57, 'model__normalize': False}",,,,,,,1437
1410,0.004463553428649902,0.00020401683437215712,0.0,0.0,"OrthogonalMatchingPursuit(fit_intercept=True, n_nonzero_coefs=8,
                          normalize=False, precompute='auto', tol=None)",,,,,,58,False,"{'model': OrthogonalMatchingPursuit(fit_intercept=True, n_nonzero_coefs=8,
                          normalize=False, precompute='auto', tol=None), 'model__n_nonzero_coefs': 58, 'model__normalize': False}",,,,,,,1436
1411,0.0042822957038879395,0.0005796054804080259,0.0,0.0,"OrthogonalMatchingPursuit(fit_intercept=True, n_nonzero_coefs=8,
                          normalize=False, precompute='auto', tol=None)",,,,,,59,False,"{'model': OrthogonalMatchingPursuit(fit_intercept=True, n_nonzero_coefs=8,
                          normalize=False, precompute='auto', tol=None), 'model__n_nonzero_coefs': 59, 'model__normalize': False}",,,,,,,1414
1412,0.0029488205909729004,0.0002484617526258376,0.0,0.0,"OrthogonalMatchingPursuit(fit_intercept=True, n_nonzero_coefs=8,
                          normalize=False, precompute='auto', tol=None)",,,,,,60,False,"{'model': OrthogonalMatchingPursuit(fit_intercept=True, n_nonzero_coefs=8,
                          normalize=False, precompute='auto', tol=None), 'model__n_nonzero_coefs': 60, 'model__normalize': False}",,,,,,,1433
1413,0.0034139156341552734,0.0009556069312448238,0.0,0.0,"OrthogonalMatchingPursuit(fit_intercept=True, n_nonzero_coefs=8,
                          normalize=False, precompute='auto', tol=None)",,,,,,61,False,"{'model': OrthogonalMatchingPursuit(fit_intercept=True, n_nonzero_coefs=8,
                          normalize=False, precompute='auto', tol=None), 'model__n_nonzero_coefs': 61, 'model__normalize': False}",,,,,,,1412
1414,0.005035877227783203,0.0004212264252530259,0.0,0.0,"OrthogonalMatchingPursuit(fit_intercept=True, n_nonzero_coefs=8,
                          normalize=False, precompute='auto', tol=None)",,,,,,62,False,"{'model': OrthogonalMatchingPursuit(fit_intercept=True, n_nonzero_coefs=8,
                          normalize=False, precompute='auto', tol=None), 'model__n_nonzero_coefs': 62, 'model__normalize': False}",,,,,,,1403
1415,0.005119025707244873,0.0012751097309196499,0.0,0.0,"OrthogonalMatchingPursuit(fit_intercept=True, n_nonzero_coefs=8,
                          normalize=False, precompute='auto', tol=None)",,,,,,63,False,"{'model': OrthogonalMatchingPursuit(fit_intercept=True, n_nonzero_coefs=8,
                          normalize=False, precompute='auto', tol=None), 'model__n_nonzero_coefs': 63, 'model__normalize': False}",,,,,,,1389
1416,0.005194306373596191,0.0009359136051063868,0.0,0.0,"OrthogonalMatchingPursuit(fit_intercept=True, n_nonzero_coefs=8,
                          normalize=False, precompute='auto', tol=None)",,,,,,64,False,"{'model': OrthogonalMatchingPursuit(fit_intercept=True, n_nonzero_coefs=8,
                          normalize=False, precompute='auto', tol=None), 'model__n_nonzero_coefs': 64, 'model__normalize': False}",,,,,,,1388
1417,0.004454910755157471,0.0010224413683462253,0.0,0.0,"OrthogonalMatchingPursuit(fit_intercept=True, n_nonzero_coefs=8,
                          normalize=False, precompute='auto', tol=None)",,,,,,65,False,"{'model': OrthogonalMatchingPursuit(fit_intercept=True, n_nonzero_coefs=8,
                          normalize=False, precompute='auto', tol=None), 'model__n_nonzero_coefs': 65, 'model__normalize': False}",,,,,,,1387
1418,0.0027694106101989746,8.667447903792012e-05,0.0,0.0,"OrthogonalMatchingPursuit(fit_intercept=True, n_nonzero_coefs=8,
                          normalize=False, precompute='auto', tol=None)",,,,,,66,False,"{'model': OrthogonalMatchingPursuit(fit_intercept=True, n_nonzero_coefs=8,
                          normalize=False, precompute='auto', tol=None), 'model__n_nonzero_coefs': 66, 'model__normalize': False}",,,,,,,1386
1419,0.0038147568702697754,0.0012372490717950213,0.0,0.0,"OrthogonalMatchingPursuit(fit_intercept=True, n_nonzero_coefs=8,
                          normalize=False, precompute='auto', tol=None)",,,,,,67,False,"{'model': OrthogonalMatchingPursuit(fit_intercept=True, n_nonzero_coefs=8,
                          normalize=False, precompute='auto', tol=None), 'model__n_nonzero_coefs': 67, 'model__normalize': False}",,,,,,,1385
1420,0.004724562168121338,0.00020294157907174175,0.0,0.0,"OrthogonalMatchingPursuit(fit_intercept=True, n_nonzero_coefs=8,
                          normalize=False, precompute='auto', tol=None)",,,,,,68,False,"{'model': OrthogonalMatchingPursuit(fit_intercept=True, n_nonzero_coefs=8,
                          normalize=False, precompute='auto', tol=None), 'model__n_nonzero_coefs': 68, 'model__normalize': False}",,,,,,,1382
1421,0.004869043827056885,0.00012721082125105509,0.0,0.0,"OrthogonalMatchingPursuit(fit_intercept=True, n_nonzero_coefs=8,
                          normalize=False, precompute='auto', tol=None)",,,,,,69,False,"{'model': OrthogonalMatchingPursuit(fit_intercept=True, n_nonzero_coefs=8,
                          normalize=False, precompute='auto', tol=None), 'model__n_nonzero_coefs': 69, 'model__normalize': False}",,,,,,,1384
1422,0.004666507244110107,0.0002220978400809559,0.0,0.0,"OrthogonalMatchingPursuit(fit_intercept=True, n_nonzero_coefs=8,
                          normalize=False, precompute='auto', tol=None)",,,,,,70,False,"{'model': OrthogonalMatchingPursuit(fit_intercept=True, n_nonzero_coefs=8,
                          normalize=False, precompute='auto', tol=None), 'model__n_nonzero_coefs': 70, 'model__normalize': False}",,,,,,,1383
1423,0.003829061985015869,0.0005728536484795142,0.0,0.0,"OrthogonalMatchingPursuit(fit_intercept=True, n_nonzero_coefs=8,
                          normalize=False, precompute='auto', tol=None)",,,,,,71,False,"{'model': OrthogonalMatchingPursuit(fit_intercept=True, n_nonzero_coefs=8,
                          normalize=False, precompute='auto', tol=None), 'model__n_nonzero_coefs': 71, 'model__normalize': False}",,,,,,,1390
1424,0.0031813979148864746,0.0005196077735602402,0.0,0.0,"OrthogonalMatchingPursuit(fit_intercept=True, n_nonzero_coefs=8,
                          normalize=False, precompute='auto', tol=None)",,,,,,72,False,"{'model': OrthogonalMatchingPursuit(fit_intercept=True, n_nonzero_coefs=8,
                          normalize=False, precompute='auto', tol=None), 'model__n_nonzero_coefs': 72, 'model__normalize': False}",,,,,,,1381
1425,0.0033870935440063477,0.0009536163267743898,0.0,0.0,"OrthogonalMatchingPursuit(fit_intercept=True, n_nonzero_coefs=8,
                          normalize=False, precompute='auto', tol=None)",,,,,,73,False,"{'model': OrthogonalMatchingPursuit(fit_intercept=True, n_nonzero_coefs=8,
                          normalize=False, precompute='auto', tol=None), 'model__n_nonzero_coefs': 73, 'model__normalize': False}",,,,,,,1380
1426,0.004869818687438965,0.00013164273802808264,0.0,0.0,"OrthogonalMatchingPursuit(fit_intercept=True, n_nonzero_coefs=8,
                          normalize=False, precompute='auto', tol=None)",,,,,,74,False,"{'model': OrthogonalMatchingPursuit(fit_intercept=True, n_nonzero_coefs=8,
                          normalize=False, precompute='auto', tol=None), 'model__n_nonzero_coefs': 74, 'model__normalize': False}",,,,,,,1379
1427,0.004796504974365234,0.000403181008933068,0.0,0.0,"OrthogonalMatchingPursuit(fit_intercept=True, n_nonzero_coefs=8,
                          normalize=False, precompute='auto', tol=None)",,,,,,75,False,"{'model': OrthogonalMatchingPursuit(fit_intercept=True, n_nonzero_coefs=8,
                          normalize=False, precompute='auto', tol=None), 'model__n_nonzero_coefs': 75, 'model__normalize': False}",,,,,,,1378
1428,0.004564046859741211,3.30452795119901e-05,0.0,0.0,"OrthogonalMatchingPursuit(fit_intercept=True, n_nonzero_coefs=8,
                          normalize=False, precompute='auto', tol=None)",,,,,,76,False,"{'model': OrthogonalMatchingPursuit(fit_intercept=True, n_nonzero_coefs=8,
                          normalize=False, precompute='auto', tol=None), 'model__n_nonzero_coefs': 76, 'model__normalize': False}",,,,,,,1377
1429,0.003433406352996826,0.000566932094027012,0.0,0.0,"OrthogonalMatchingPursuit(fit_intercept=True, n_nonzero_coefs=8,
                          normalize=False, precompute='auto', tol=None)",,,,,,77,False,"{'model': OrthogonalMatchingPursuit(fit_intercept=True, n_nonzero_coefs=8,
                          normalize=False, precompute='auto', tol=None), 'model__n_nonzero_coefs': 77, 'model__normalize': False}",,,,,,,1376
1430,0.0027307868003845215,4.9628697098255734e-05,0.0,0.0,"OrthogonalMatchingPursuit(fit_intercept=True, n_nonzero_coefs=8,
                          normalize=False, precompute='auto', tol=None)",,,,,,78,False,"{'model': OrthogonalMatchingPursuit(fit_intercept=True, n_nonzero_coefs=8,
                          normalize=False, precompute='auto', tol=None), 'model__n_nonzero_coefs': 78, 'model__normalize': False}",,,,,,,1375
1431,0.002640068531036377,8.3907484695849e-05,0.0,0.0,"OrthogonalMatchingPursuit(fit_intercept=True, n_nonzero_coefs=8,
                          normalize=False, precompute='auto', tol=None)",,,,,,79,False,"{'model': OrthogonalMatchingPursuit(fit_intercept=True, n_nonzero_coefs=8,
                          normalize=False, precompute='auto', tol=None), 'model__n_nonzero_coefs': 79, 'model__normalize': False}",,,,,,,1374
1432,0.004920244216918945,0.00027293476451748904,0.0,0.0,"OrthogonalMatchingPursuit(fit_intercept=True, n_nonzero_coefs=8,
                          normalize=False, precompute='auto', tol=None)",,,,,,80,False,"{'model': OrthogonalMatchingPursuit(fit_intercept=True, n_nonzero_coefs=8,
                          normalize=False, precompute='auto', tol=None), 'model__n_nonzero_coefs': 80, 'model__normalize': False}",,,,,,,1391
1433,0.0049100518226623535,0.0006643593573073777,0.0,0.0,"OrthogonalMatchingPursuit(fit_intercept=True, n_nonzero_coefs=8,
                          normalize=False, precompute='auto', tol=None)",,,,,,81,False,"{'model': OrthogonalMatchingPursuit(fit_intercept=True, n_nonzero_coefs=8,
                          normalize=False, precompute='auto', tol=None), 'model__n_nonzero_coefs': 81, 'model__normalize': False}",,,,,,,1411
1434,0.004584789276123047,0.0005497175304739608,0.0,0.0,"OrthogonalMatchingPursuit(fit_intercept=True, n_nonzero_coefs=8,
                          normalize=False, precompute='auto', tol=None)",,,,,,82,False,"{'model': OrthogonalMatchingPursuit(fit_intercept=True, n_nonzero_coefs=8,
                          normalize=False, precompute='auto', tol=None), 'model__n_nonzero_coefs': 82, 'model__normalize': False}",,,,,,,1393
1435,0.004468977451324463,8.622653975602293e-05,0.0,0.0,"OrthogonalMatchingPursuit(fit_intercept=True, n_nonzero_coefs=8,
                          normalize=False, precompute='auto', tol=None)",,,,,,83,False,"{'model': OrthogonalMatchingPursuit(fit_intercept=True, n_nonzero_coefs=8,
                          normalize=False, precompute='auto', tol=None), 'model__n_nonzero_coefs': 83, 'model__normalize': False}",,,,,,,1410
1436,0.002803981304168701,6.625321036962708e-05,0.0,0.0,"OrthogonalMatchingPursuit(fit_intercept=True, n_nonzero_coefs=8,
                          normalize=False, precompute='auto', tol=None)",,,,,,84,False,"{'model': OrthogonalMatchingPursuit(fit_intercept=True, n_nonzero_coefs=8,
                          normalize=False, precompute='auto', tol=None), 'model__n_nonzero_coefs': 84, 'model__normalize': False}",,,,,,,1409
1437,0.002738654613494873,7.361081929736076e-05,0.0,0.0,"OrthogonalMatchingPursuit(fit_intercept=True, n_nonzero_coefs=8,
                          normalize=False, precompute='auto', tol=None)",,,,,,85,False,"{'model': OrthogonalMatchingPursuit(fit_intercept=True, n_nonzero_coefs=8,
                          normalize=False, precompute='auto', tol=None), 'model__n_nonzero_coefs': 85, 'model__normalize': False}",,,,,,,1408
1438,0.003617584705352783,0.001047407814615541,0.0,0.0,"OrthogonalMatchingPursuit(fit_intercept=True, n_nonzero_coefs=8,
                          normalize=False, precompute='auto', tol=None)",,,,,,86,False,"{'model': OrthogonalMatchingPursuit(fit_intercept=True, n_nonzero_coefs=8,
                          normalize=False, precompute='auto', tol=None), 'model__n_nonzero_coefs': 86, 'model__normalize': False}",,,,,,,1407
1439,0.005166947841644287,0.0005670441791628105,0.0,0.0,"OrthogonalMatchingPursuit(fit_intercept=True, n_nonzero_coefs=8,
                          normalize=False, precompute='auto', tol=None)",,,,,,87,False,"{'model': OrthogonalMatchingPursuit(fit_intercept=True, n_nonzero_coefs=8,
                          normalize=False, precompute='auto', tol=None), 'model__n_nonzero_coefs': 87, 'model__normalize': False}",,,,,,,1406
1440,0.005606174468994141,0.0010183159928195433,0.0,0.0,"OrthogonalMatchingPursuit(fit_intercept=True, n_nonzero_coefs=8,
                          normalize=False, precompute='auto', tol=None)",,,,,,88,False,"{'model': OrthogonalMatchingPursuit(fit_intercept=True, n_nonzero_coefs=8,
                          normalize=False, precompute='auto', tol=None), 'model__n_nonzero_coefs': 88, 'model__normalize': False}",,,,,,,1405
1441,0.005715489387512207,0.001249731671527107,0.0,0.0,"OrthogonalMatchingPursuit(fit_intercept=True, n_nonzero_coefs=8,
                          normalize=False, precompute='auto', tol=None)",,,,,,89,False,"{'model': OrthogonalMatchingPursuit(fit_intercept=True, n_nonzero_coefs=8,
                          normalize=False, precompute='auto', tol=None), 'model__n_nonzero_coefs': 89, 'model__normalize': False}",,,,,,,1404
1442,0.003096163272857666,0.0004309186254945282,0.0,0.0,"OrthogonalMatchingPursuit(fit_intercept=True, n_nonzero_coefs=8,
                          normalize=False, precompute='auto', tol=None)",,,,,,90,False,"{'model': OrthogonalMatchingPursuit(fit_intercept=True, n_nonzero_coefs=8,
                          normalize=False, precompute='auto', tol=None), 'model__n_nonzero_coefs': 90, 'model__normalize': False}",,,,,,,1392
1443,0.0026503801345825195,8.84401981346825e-05,0.0,0.0,"OrthogonalMatchingPursuit(fit_intercept=True, n_nonzero_coefs=8,
                          normalize=False, precompute='auto', tol=None)",,,,,,91,False,"{'model': OrthogonalMatchingPursuit(fit_intercept=True, n_nonzero_coefs=8,
                          normalize=False, precompute='auto', tol=None), 'model__n_nonzero_coefs': 91, 'model__normalize': False}",,,,,,,1402
1444,0.003683328628540039,0.0010857098464556578,0.0,0.0,"OrthogonalMatchingPursuit(fit_intercept=True, n_nonzero_coefs=8,
                          normalize=False, precompute='auto', tol=None)",,,,,,92,False,"{'model': OrthogonalMatchingPursuit(fit_intercept=True, n_nonzero_coefs=8,
                          normalize=False, precompute='auto', tol=None), 'model__n_nonzero_coefs': 92, 'model__normalize': False}",,,,,,,1401
1445,0.004581153392791748,7.813500565636448e-05,0.0,0.0,"OrthogonalMatchingPursuit(fit_intercept=True, n_nonzero_coefs=8,
                          normalize=False, precompute='auto', tol=None)",,,,,,93,False,"{'model': OrthogonalMatchingPursuit(fit_intercept=True, n_nonzero_coefs=8,
                          normalize=False, precompute='auto', tol=None), 'model__n_nonzero_coefs': 93, 'model__normalize': False}",,,,,,,1400
1446,0.004531204700469971,0.0001730820669292132,0.0,0.0,"OrthogonalMatchingPursuit(fit_intercept=True, n_nonzero_coefs=8,
                          normalize=False, precompute='auto', tol=None)",,,,,,94,False,"{'model': OrthogonalMatchingPursuit(fit_intercept=True, n_nonzero_coefs=8,
                          normalize=False, precompute='auto', tol=None), 'model__n_nonzero_coefs': 94, 'model__normalize': False}",,,,,,,1399
1447,0.004552960395812988,0.0003364543821143464,0.0,0.0,"OrthogonalMatchingPursuit(fit_intercept=True, n_nonzero_coefs=8,
                          normalize=False, precompute='auto', tol=None)",,,,,,95,False,"{'model': OrthogonalMatchingPursuit(fit_intercept=True, n_nonzero_coefs=8,
                          normalize=False, precompute='auto', tol=None), 'model__n_nonzero_coefs': 95, 'model__normalize': False}",,,,,,,1398
1448,0.0030442476272583008,0.0004515702488729253,0.0,0.0,"OrthogonalMatchingPursuit(fit_intercept=True, n_nonzero_coefs=8,
                          normalize=False, precompute='auto', tol=None)",,,,,,96,False,"{'model': OrthogonalMatchingPursuit(fit_intercept=True, n_nonzero_coefs=8,
                          normalize=False, precompute='auto', tol=None), 'model__n_nonzero_coefs': 96, 'model__normalize': False}",,,,,,,1397
1449,0.0026777982711791992,6.067987036541488e-05,0.0,0.0,"OrthogonalMatchingPursuit(fit_intercept=True, n_nonzero_coefs=8,
                          normalize=False, precompute='auto', tol=None)",,,,,,97,False,"{'model': OrthogonalMatchingPursuit(fit_intercept=True, n_nonzero_coefs=8,
                          normalize=False, precompute='auto', tol=None), 'model__n_nonzero_coefs': 97, 'model__normalize': False}",,,,,,,1396
1450,0.0029744505882263184,0.0005168381507913948,0.0,0.0,"OrthogonalMatchingPursuit(fit_intercept=True, n_nonzero_coefs=8,
                          normalize=False, precompute='auto', tol=None)",,,,,,98,False,"{'model': OrthogonalMatchingPursuit(fit_intercept=True, n_nonzero_coefs=8,
                          normalize=False, precompute='auto', tol=None), 'model__n_nonzero_coefs': 98, 'model__normalize': False}",,,,,,,1395
1451,0.004517257213592529,0.00028271565003413097,0.0,0.0,"OrthogonalMatchingPursuit(fit_intercept=True, n_nonzero_coefs=8,
                          normalize=False, precompute='auto', tol=None)",,,,,,99,False,"{'model': OrthogonalMatchingPursuit(fit_intercept=True, n_nonzero_coefs=8,
                          normalize=False, precompute='auto', tol=None), 'model__n_nonzero_coefs': 99, 'model__normalize': False}",,,,,,,1394
1452,0.0045098066329956055,0.00019569630945630683,0.0,0.0,"OrthogonalMatchingPursuit(fit_intercept=True, n_nonzero_coefs=8,
                          normalize=False, precompute='auto', tol=None)",,,,,,100,False,"{'model': OrthogonalMatchingPursuit(fit_intercept=True, n_nonzero_coefs=8,
                          normalize=False, precompute='auto', tol=None), 'model__n_nonzero_coefs': 100, 'model__normalize': False}",,,,,,,1431
1453,0.00899815559387207,0.001205229334504694,0.0009685158729553223,3.6013982649633364e-05,"LassoLarsIC(copy_X=True, criterion='aic', eps=2.220446049250313e-16,
            fit_intercept=True, max_iter=500, normalize=True, positive=False,
            precompute='auto', verbose=False)",,,,,,,,"{'model': LassoLarsIC(copy_X=True, criterion='aic', eps=2.220446049250313e-16,
            fit_intercept=True, max_iter=500, normalize=True, positive=False,
            precompute='auto', verbose=False)}",-10.670725287373052,-3.9112383883106037,-4.188374340511632,-14.482222088804132,-8.313140026249854,4.472309575329341,167
